1.0000000e+01 1.1075847e-21
1.0023060e+01 1.0972707e-21
1.0046173e+01 1.0870578e-21
1.0069340e+01 1.0769448e-21
1.0092560e+01 1.0669306e-21
1.0115833e+01 1.0570141e-21
1.0139161e+01 1.0471942e-21
1.0162542e+01 1.0374698e-21
1.0185976e+01 1.0278400e-21
1.0209465e+01 1.0183037e-21
1.0233008e+01 1.0088599e-21
1.0256606e+01 9.9950761e-22
1.0280258e+01 9.9024584e-22
1.0303964e+01 9.8107364e-22
1.0327725e+01 9.7199004e-22
1.0351541e+01 9.6299413e-22
1.0375412e+01 9.5408496e-22
1.0399337e+01 9.4526163e-22
1.0423318e+01 9.3652325e-22
1.0447355e+01 9.2786891e-22
1.0471446e+01 9.1929776e-22
1.0495594e+01 9.1080891e-22
1.0519796e+01 9.0240154e-22
1.0544055e+01 8.9407478e-22
1.0568370e+01 8.8582781e-22
1.0592741e+01 8.7765982e-22
1.0617168e+01 8.6956999e-22
1.0641651e+01 8.6155753e-22
1.0666191e+01 8.5362164e-22
1.0690787e+01 8.4576155e-22
1.0715440e+01 8.3797649e-22
1.0740150e+01 8.3026571e-22
1.0764917e+01 8.2262844e-22
1.0789741e+01 8.1506395e-22
1.0814622e+01 8.0757150e-22
1.0839560e+01 8.0015038e-22
1.0864557e+01 7.9279987e-22
1.0889610e+01 7.8551927e-22
1.0914722e+01 7.7830787e-22
1.0939891e+01 7.7116499e-22
1.0965119e+01 7.6408994e-22
1.0990404e+01 7.5708205e-22
1.1015748e+01 7.5014066e-22
1.1041151e+01 7.4326511e-22
1.1066612e+01 7.3645475e-22
1.1092131e+01 7.2970894e-22
1.1117710e+01 7.2302704e-22
1.1143347e+01 7.1640842e-22
1.1169044e+01 7.0985246e-22
1.1194800e+01 7.0335855e-22
1.1220615e+01 6.9692608e-22
1.1246490e+01 6.9055445e-22
1.1272425e+01 6.8424307e-22
1.1298419e+01 6.7799134e-22
1.1324473e+01 6.7179870e-22
1.1350587e+01 6.6566457e-22
1.1376762e+01 6.5958837e-22
1.1402997e+01 6.5356956e-22
1.1429292e+01 6.4760756e-22
1.1455648e+01 6.4170184e-22
1.1482065e+01 6.3585185e-22
1.1508543e+01 6.3005706e-22
1.1535082e+01 6.2431692e-22
1.1561682e+01 6.1863093e-22
1.1588343e+01 6.1299855e-22
1.1615066e+01 6.0741928e-22
1.1641850e+01 6.0189261e-22
1.1668696e+01 5.9641802e-22
1.1695605e+01 5.9099504e-22
1.1722575e+01 5.8562316e-22
1.1749607e+01 5.8030189e-22
1.1776702e+01 5.7503076e-22
1.1803859e+01 5.6980929e-22
1.1831079e+01 5.6463702e-22
1.1858361e+01 5.5951346e-22
1.1885707e+01 5.5443817e-22
1.1913115e+01 5.4941068e-22
1.1940587e+01 5.4443055e-22
1.1968122e+01 5.3949733e-22
1.1995721e+01 5.3461058e-22
1.2023383e+01 5.2976986e-22
1.2051109e+01 5.2497474e-22
1.2078899e+01 5.2022480e-22
1.2106753e+01 5.1551960e-22
1.2134671e+01 5.1085874e-22
1.2162654e+01 5.0624180e-22
1.2190701e+01 5.0166837e-22
1.2218813e+01 4.9713805e-22
1.2246989e+01 4.9265044e-22
1.2275231e+01 4.8820514e-22
1.2303538e+01 4.8380177e-22
1.2331910e+01 4.7943993e-22
1.2360347e+01 4.7511924e-22
1.2388850e+01 4.7083933e-22
1.2417419e+01 4.6659982e-22
1.2446054e+01 4.6240034e-22
1.2474755e+01 4.5824053e-22
1.2503521e+01 4.5412002e-22
1.2532355e+01 4.5003847e-22
1.2561254e+01 4.4599551e-22
1.2590221e+01 4.4199080e-22
1.2619254e+01 4.3802399e-22
1.2648354e+01 4.3409475e-22
1.2677521e+01 4.3020273e-22
1.2706756e+01 4.2634761e-22
1.2736058e+01 4.2252905e-22
1.2765427e+01 4.1874674e-22
1.2794864e+01 4.1500034e-22
1.2824369e+01 4.1128956e-22
1.2853942e+01 4.0761406e-22
1.2883584e+01 4.0397356e-22
1.2913293e+01 4.0036773e-22
1.2943071e+01 3.9679629e-22
1.2972918e+01 3.9325894e-22
1.3002834e+01 3.8975538e-22
1.3032818e+01 3.8628532e-22
1.3062872e+01 3.8284849e-22
1.3092995e+01 3.7944461e-22
1.3123188e+01 3.7607339e-22
1.3153450e+01 3.7273457e-22
1.3183782e+01 3.6942789e-22
1.3214184e+01 3.6615307e-22
1.3244656e+01 3.6290987e-22
1.3275198e+01 3.5969802e-22
1.3305811e+01 3.5651728e-22
1.3336494e+01 3.5336741e-22
1.3367248e+01 3.5024816e-22
1.3398073e+01 3.4715930e-22
1.3428969e+01 3.4410061e-22
1.3459937e+01 3.4107184e-22
1.3490975e+01 3.3807279e-22
1.3522086e+01 3.3510323e-22
1.3553268e+01 3.3216297e-22
1.3584522e+01 3.2925178e-22
1.3615848e+01 3.2636948e-22
1.3647246e+01 3.2351587e-22
1.3678716e+01 3.2069077e-22
1.3710260e+01 3.1789398e-22
1.3741876e+01 3.1512535e-22
1.3773565e+01 3.1238469e-22
1.3805326e+01 3.0967184e-22
1.3837162e+01 3.0698666e-22
1.3869070e+01 3.0432900e-22
1.3901052e+01 3.0169870e-22
1.3933108e+01 2.9909566e-22
1.3965238e+01 2.9651973e-22
1.3997442e+01 2.9397082e-22
1.4029720e+01 2.9144880e-22
1.4062073e+01 2.8895360e-22
1.4094500e+01 2.8648512e-22
1.4127002e+01 2.8404329e-22
1.4159579e+01 2.8162806e-22
1.4192231e+01 2.7923937e-22
1.4224959e+01 2.7687718e-22
1.4257762e+01 2.7454149e-22
1.4290640e+01 2.7223228e-22
1.4323594e+01 2.6994956e-22
1.4356625e+01 2.6769337e-22
1.4389731e+01 2.6546374e-22
1.4422914e+01 2.6326075e-22
1.4456173e+01 2.6108449e-22
1.4489510e+01 2.5893507e-22
1.4522922e+01 2.5681263e-22
1.4556412e+01 2.5471733e-22
1.4589980e+01 2.5264938e-22
1.4623624e+01 2.5060899e-22
1.4657346e+01 2.4859644e-22
1.4691146e+01 2.4661204e-22
1.4725024e+01 2.4465611e-22
1.4758980e+01 2.4272907e-22
1.4793015e+01 2.4083136e-22
1.4827127e+01 2.3896348e-22
1.4861319e+01 2.3712598e-22
1.4895589e+01 2.3531951e-22
1.4929939e+01 2.3354478e-22
1.4964367e+01 2.3180257e-22
1.4998875e+01 2.3009379e-22
1.5033463e+01 2.2841941e-22
1.5068130e+01 2.2678056e-22
1.5102877e+01 2.2517847e-22
1.5137704e+01 2.2361453e-22
1.5172612e+01 2.2209030e-22
1.5207600e+01 2.2060751e-22
1.5242669e+01 2.1916812e-22
1.5277819e+01 2.1777432e-22
1.5313050e+01 2.1642856e-22
1.5348362e+01 2.1513362e-22
1.5383755e+01 2.1389261e-22
1.5419230e+01 2.1270905e-22
1.5454787e+01 2.1158694e-22
1.5490426e+01 2.1053079e-22
1.5526147e+01 2.0954575e-22
1.5561950e+01 2.0863767e-22
1.5597836e+01 2.0781324e-22
1.5633805e+01 2.0708013e-22
1.5669857e+01 2.0644717e-22
1.5705991e+01 2.0592453e-22
1.5742210e+01 2.0552398e-22
1.5778511e+01 2.0525922e-22
1.5814897e+01 2.0514622e-22
1.5851366e+01 2.0520371e-22
1.5887919e+01 2.0545374e-22
1.5924557e+01 2.0592242e-22
1.5961279e+01 2.0664081e-22
1.5998086e+01 2.0764612e-22
1.6034978e+01 2.0898314e-22
1.6071954e+01 2.1070625e-22
1.6109016e+01 2.1288189e-22
1.6146164e+01 2.1559197e-22
1.6183397e+01 2.1893835e-22
1.6220716e+01 2.2304906e-22
1.6258121e+01 2.2808678e-22
1.6295613e+01 2.3426101e-22
1.6333190e+01 2.4184545e-22
1.6370855e+01 2.5120381e-22
1.6408606e+01 2.6282914e-22
1.6446445e+01 2.7740551e-22
1.6484370e+01 2.9590890e-22
1.6522383e+01 3.1977983e-22
1.6560484e+01 3.5123512e-22
1.6598673e+01 3.9387108e-22
1.6636949e+01 4.5393453e-22
1.6675314e+01 5.4332069e-22
1.6713768e+01 6.8783791e-22
1.6752310e+01 9.5600310e-22
1.6790941e+01 1.6098778e-21
1.6829661e+01 5.4260323e-21
1.6868470e+01 3.8271349e-21
1.6907369e+01 1.4134258e-21
1.6946357e+01 8.6896666e-22
1.6985436e+01 6.3037125e-22
1.7024604e+01 4.9744918e-22
1.7063863e+01 4.1334185e-22
1.7103213e+01 3.5571938e-22
1.7142653e+01 3.1402562e-22
1.7182184e+01 2.8262366e-22
1.7221806e+01 2.5823120e-22
1.7261520e+01 2.3880922e-22
1.7301325e+01 2.2302591e-22
1.7341222e+01 2.0997594e-22
1.7381211e+01 1.9902358e-22
1.7421292e+01 1.8971027e-22
1.7461466e+01 1.8169764e-22
1.7501732e+01 1.7473115e-22
1.7542091e+01 1.6861612e-22
1.7582543e+01 1.6320146e-22
1.7623089e+01 1.5836840e-22
1.7663728e+01 1.5402251e-22
1.7704460e+01 1.5008790e-22
1.7745287e+01 1.4650307e-22
1.7786208e+01 1.4321771e-22
1.7827223e+01 1.4019039e-22
1.7868333e+01 1.3738668e-22
1.7909537e+01 1.3477787e-22
1.7950837e+01 1.3233979e-22
1.7992231e+01 1.3005202e-22
1.8033722e+01 1.2789721e-22
1.8075308e+01 1.2586054e-22
1.8116989e+01 1.2392928e-22
1.8158767e+01 1.2209246e-22
1.8200642e+01 1.2034060e-22
1.8242612e+01 1.1866545e-22
1.8284680e+01 1.1705979e-22
1.8326845e+01 1.1551733e-22
1.8369106e+01 1.1403253e-22
1.8411466e+01 1.1260050e-22
1.8453923e+01 1.1121693e-22
1.8496478e+01 1.0987798e-22
1.8539131e+01 1.0858024e-22
1.8581882e+01 1.0732068e-22
1.8624732e+01 1.0609656e-22
1.8667681e+01 1.0490544e-22
1.8710728e+01 1.0374514e-22
1.8753876e+01 1.0261367e-22
1.8797122e+01 1.0150925e-22
1.8840468e+01 1.0043024e-22
1.8883915e+01 9.9375189e-23
1.8927461e+01 9.8342749e-23
1.8971108e+01 9.7331703e-23
1.9014856e+01 9.6340936e-23
1.9058704e+01 9.5369428e-23
1.9102653e+01 9.4416243e-23
1.9146704e+01 9.3480522e-23
1.9190857e+01 9.2561473e-23
1.9235111e+01 9.1658365e-23
1.9279467e+01 9.0770525e-23
1.9323926e+01 8.9897327e-23
1.9368487e+01 8.9038193e-23
1.9413151e+01 8.8192584e-23
1.9457918e+01 8.7360002e-23
1.9502788e+01 8.6539979e-23
1.9547762e+01 8.5732082e-23
1.9592839e+01 8.4935902e-23
1.9638020e+01 8.4151060e-23
1.9683305e+01 8.3377199e-23
1.9728695e+01 8.2613984e-23
1.9774190e+01 8.1861101e-23
1.9819789e+01 8.1118251e-23
1.9865494e+01 8.0385157e-23
1.9911304e+01 7.9661554e-23
1.9957219e+01 7.8947192e-23
2.0003241e+01 7.8241836e-23
2.0049369e+01 7.7545261e-23
2.0095603e+01 7.6857256e-23
2.0141943e+01 7.6177618e-23
2.0188391e+01 7.5506155e-23
2.0234945e+01 7.4842685e-23
2.0281607e+01 7.4187033e-23
2.0328377e+01 7.3539032e-23
2.0375254e+01 7.2898525e-23
2.0422240e+01 7.2265357e-23
2.0469333e+01 7.1639385e-23
2.0516536e+01 7.1020468e-23
2.0563847e+01 7.0408472e-23
2.0611268e+01 6.9803268e-23
2.0658797e+01 6.9204734e-23
2.0706437e+01 6.8612748e-23
2.0754186e+01 6.8027198e-23
2.0802045e+01 6.7447972e-23
2.0850015e+01 6.6874964e-23
2.0898095e+01 6.6308070e-23
2.0946286e+01 6.5747191e-23
2.0994589e+01 6.5192231e-23
2.1043002e+01 6.4643096e-23
2.1091528e+01 6.4099697e-23
2.1140165e+01 6.3561944e-23
2.1188914e+01 6.3029755e-23
2.1237776e+01 6.2503046e-23
2.1286750e+01 6.1981737e-23
2.1335838e+01 6.1465750e-23
2.1385039e+01 6.0955009e-23
2.1434353e+01 6.0449442e-23
2.1483780e+01 5.9948975e-23
2.1533322e+01 5.9453540e-23
2.1582978e+01 5.8963068e-23
2.1632749e+01 5.8477492e-23
2.1682634e+01 5.7996748e-23
2.1732634e+01 5.7520773e-23
2.1782750e+01 5.7049504e-23
2.1832981e+01 5.6582881e-23
2.1883328e+01 5.6120845e-23
2.1933791e+01 5.5663338e-23
2.1984371e+01 5.5210304e-23
2.2035067e+01 5.4761687e-23
2.2085880e+01 5.4317433e-23
2.2136810e+01 5.3877489e-23
2.2187858e+01 5.3441803e-23
2.2239023e+01 5.3010323e-23
2.2290306e+01 5.2583000e-23
2.2341708e+01 5.2159784e-23
2.2393228e+01 5.1740628e-23
2.2444867e+01 5.1325484e-23
2.2496625e+01 5.0914305e-23
2.2548503e+01 5.0507046e-23
2.2600500e+01 5.0103663e-23
2.2652617e+01 4.9704110e-23
2.2704854e+01 4.9308345e-23
2.2757211e+01 4.8916325e-23
2.2809689e+01 4.8528008e-23
2.2862289e+01 4.8143353e-23
2.2915009e+01 4.7762319e-23
2.2967852e+01 4.7384867e-23
2.3020816e+01 4.7010958e-23
2.3073902e+01 4.6640552e-23
2.3127110e+01 4.6273611e-23
2.3180442e+01 4.5910099e-23
2.3233896e+01 4.5549977e-23
2.3287474e+01 4.5193210e-23
2.3341175e+01 4.4839762e-23
2.3395000e+01 4.4489598e-23
2.3448949e+01 4.4142682e-23
2.3503022e+01 4.3798980e-23
2.3557220e+01 4.3458459e-23
2.3611543e+01 4.3121084e-23
2.3665992e+01 4.2786824e-23
2.3720566e+01 4.2455645e-23
2.3775265e+01 4.2127516e-23
2.3830091e+01 4.1802405e-23
2.3885044e+01 4.1480280e-23
2.3940123e+01 4.1161111e-23
2.3995329e+01 4.0844868e-23
2.4050662e+01 4.0531520e-23
2.4106123e+01 4.0221038e-23
2.4161712e+01 3.9913392e-23
2.4217429e+01 3.9608554e-23
2.4273275e+01 3.9306496e-23
2.4329249e+01 3.9007188e-23
2.4385353e+01 3.8710604e-23
2.4441586e+01 3.8416715e-23
2.4497948e+01 3.8125495e-23
2.4554441e+01 3.7836916e-23
2.4611063e+01 3.7550953e-23
2.4667817e+01 3.7267579e-23
2.4724701e+01 3.6986769e-23
2.4781716e+01 3.6708496e-23
2.4838863e+01 3.6432735e-23
2.4896142e+01 3.6159462e-23
2.4953552e+01 3.5888652e-23
2.5011095e+01 3.5620281e-23
2.5068771e+01 3.5354324e-23
2.5126580e+01 3.5090757e-23
2.5184522e+01 3.4829558e-23
2.5242598e+01 3.4570702e-23
2.5300807e+01 3.4314167e-23
2.5359151e+01 3.4059930e-23
2.5417630e+01 3.3807969e-23
2.5476243e+01 3.3558260e-23
2.5534991e+01 3.3310783e-23
2.5593875e+01 3.3065516e-23
2.5652895e+01 3.2822437e-23
2.5712050e+01 3.2581524e-23
2.5771343e+01 3.2342757e-23
2.5830772e+01 3.2106115e-23
2.5890338e+01 3.1871578e-23
2.5950041e+01 3.1639124e-23
2.6009882e+01 3.1408734e-23
2.6069861e+01 3.1180388e-23
2.6129978e+01 3.0954067e-23
2.6190234e+01 3.0729750e-23
2.6250629e+01 3.0507418e-23
2.6311163e+01 3.0287053e-23
2.6371837e+01 3.0068636e-23
2.6432650e+01 2.9852147e-23
2.6493604e+01 2.9637569e-23
2.6554699e+01 2.9424882e-23
2.6615934e+01 2.9214070e-23
2.6677311e+01 2.9005114e-23
2.6738829e+01 2.8797997e-23
2.6800489e+01 2.8592700e-23
2.6862291e+01 2.8389207e-23
2.6924236e+01 2.8187501e-23
2.6986323e+01 2.7987564e-23
2.7048554e+01 2.7789380e-23
2.7110928e+01 2.7592932e-23
2.7173446e+01 2.7398203e-23
2.7236108e+01 2.7205178e-23
2.7298915e+01 2.7013841e-23
2.7361866e+01 2.6824174e-23
2.7424963e+01 2.6636164e-23
2.7488205e+01 2.6449793e-23
2.7551593e+01 2.6265047e-23
2.7615127e+01 2.6081910e-23
2.7678808e+01 2.5900367e-23
2.7742636e+01 2.5720403e-23
2.7806610e+01 2.5542004e-23
2.7870732e+01 2.5365155e-23
2.7935003e+01 2.5189840e-23
2.7999421e+01 2.5016047e-23
2.8063988e+01 2.4843760e-23
2.8128704e+01 2.4672966e-23
2.8193569e+01 2.4503650e-23
2.8258583e+01 2.4335799e-23
2.8323748e+01 2.4169399e-23
2.8389062e+01 2.4004436e-23
2.8454528e+01 2.3840898e-23
2.8520144e+01 2.3678771e-23
2.8585912e+01 2.3518042e-23
2.8651831e+01 2.3358698e-23
2.8717903e+01 2.3200726e-23
2.8784126e+01 2.3044114e-23
2.8850503e+01 2.2888848e-23
2.8917032e+01 2.2734916e-23
2.8983715e+01 2.2582307e-23
2.9050552e+01 2.2431007e-23
2.9117543e+01 2.2281006e-23
2.9184688e+01 2.2132290e-23
2.9251988e+01 2.1984848e-23
2.9319443e+01 2.1838668e-23
2.9387054e+01 2.1693739e-23
2.9454821e+01 2.1550049e-23
2.9522744e+01 2.1407587e-23
2.9590824e+01 2.1266341e-23
2.9659060e+01 2.1126301e-23
2.9727454e+01 2.0987455e-23
2.9796006e+01 2.0849793e-23
2.9864716e+01 2.0713303e-23
2.9933584e+01 2.0577975e-23
3.0002611e+01 2.0443799e-23
3.0071797e+01 2.0310763e-23
3.0141143e+01 2.0178858e-23
3.0210649e+01 2.0048073e-23
3.0280315e+01 1.9918398e-23
3.0350142e+01 1.9789823e-23
3.0420129e+01 1.9662338e-23
3.0490278e+01 1.9535933e-23
3.0560589e+01 1.9410599e-23
3.0631062e+01 1.9286325e-23
3.0701697e+01 1.9163102e-23
3.0772496e+01 1.9040921e-23
3.0843457e+01 1.8919772e-23
3.0914583e+01 1.8799646e-23
3.0985872e+01 1.8680533e-23
3.1057326e+01 1.8562425e-23
3.1128944e+01 1.8445313e-23
3.1200728e+01 1.8329187e-23
3.1272677e+01 1.8214039e-23
3.1344792e+01 1.8099860e-23
3.1417073e+01 1.7986642e-23
3.1489521e+01 1.7874375e-23
3.1562136e+01 1.7763051e-23
3.1634919e+01 1.7652662e-23
3.1707869e+01 1.7543200e-23
3.1780988e+01 1.7434656e-23
3.1854275e+01 1.7327022e-23
3.1927731e+01 1.7220291e-23
3.2001357e+01 1.7114453e-23
3.2075152e+01 1.7009501e-23
3.2149118e+01 1.6905427e-23
3.2223254e+01 1.6802224e-23
3.2297561e+01 1.6699884e-23
3.2372039e+01 1.6598399e-23
3.2446689e+01 1.6497761e-23
3.2521512e+01 1.6397964e-23
3.2596506e+01 1.6299000e-23
3.2671674e+01 1.6200860e-23
3.2747015e+01 1.6103540e-23
3.2822530e+01 1.6007030e-23
3.2898219e+01 1.5911324e-23
3.2974083e+01 1.5816414e-23
3.3050121e+01 1.5722295e-23
3.3126335e+01 1.5628959e-23
3.3202725e+01 1.5536399e-23
3.3279290e+01 1.5444608e-23
3.3356033e+01 1.5353580e-23
3.3432952e+01 1.5263309e-23
3.3510049e+01 1.5173786e-23
3.3587323e+01 1.5085007e-23
3.3664776e+01 1.4996964e-23
3.3742407e+01 1.4909652e-23
3.3820217e+01 1.4823063e-23
3.3898207e+01 1.4737192e-23
3.3976376e+01 1.4652033e-23
3.4054726e+01 1.4567579e-23
3.4133257e+01 1.4483824e-23
3.4211968e+01 1.4400763e-23
3.4290861e+01 1.4318388e-23
3.4369936e+01 1.4236695e-23
3.4449194e+01 1.4155678e-23
3.4528634e+01 1.4075331e-23
3.4608257e+01 1.3995647e-23
3.4688064e+01 1.3916623e-23
3.4768055e+01 1.3838250e-23
3.4848230e+01 1.3760526e-23
3.4928590e+01 1.3683442e-23
3.5009136e+01 1.3606996e-23
3.5089867e+01 1.3531180e-23
3.5170785e+01 1.3455990e-23
3.5251889e+01 1.3381419e-23
3.5333180e+01 1.3307464e-23
3.5414659e+01 1.3234119e-23
3.5496325e+01 1.3161379e-23
3.5578180e+01 1.3089238e-23
3.5660224e+01 1.3017692e-23
3.5742456e+01 1.2946735e-23
3.5824879e+01 1.2876363e-23
3.5907491e+01 1.2806571e-23
3.5990294e+01 1.2737353e-23
3.6073288e+01 1.2668706e-23
3.6156473e+01 1.2600624e-23
3.6239850e+01 1.2533103e-23
3.6323420e+01 1.2466137e-23
3.6407182e+01 1.2399723e-23
3.6491137e+01 1.2333856e-23
3.6575286e+01 1.2268531e-23
3.6659629e+01 1.2203743e-23
3.6744166e+01 1.2139489e-23
3.6828898e+01 1.2075764e-23
3.6913826e+01 1.2012563e-23
3.6998950e+01 1.1949882e-23
3.7084270e+01 1.1887717e-23
3.7169786e+01 1.1826064e-23
3.7255500e+01 1.1764919e-23
3.7341412e+01 1.1704276e-23
3.7427521e+01 1.1644133e-23
3.7513829e+01 1.1584485e-23
3.7600336e+01 1.1525328e-23
3.7687043e+01 1.1466658e-23
3.7773950e+01 1.1408471e-23
3.7861057e+01 1.1350763e-23
3.7948365e+01 1.1293530e-23
3.8035874e+01 1.1236769e-23
3.8123585e+01 1.1180475e-23
3.8211498e+01 1.1124645e-23
3.8299614e+01 1.1069275e-23
3.8387933e+01 1.1014361e-23
3.8476456e+01 1.0959899e-23
3.8565183e+01 1.0905887e-23
3.8654115e+01 1.0852320e-23
3.8743251e+01 1.0799194e-23
3.8832594e+01 1.0746507e-23
3.8922142e+01 1.0694255e-23
3.9011897e+01 1.0642433e-23
3.9101858e+01 1.0591039e-23
3.9192028e+01 1.0540070e-23
3.9282405e+01 1.0489521e-23
3.9372990e+01 1.0439390e-23
3.9463785e+01 1.0389673e-23
3.9554788e+01 1.0340367e-23
3.9646002e+01 1.0291468e-23
3.9737426e+01 1.0242974e-23
3.9829061e+01 1.0194881e-23
3.9920907e+01 1.0147185e-23
4.0012965e+01 1.0099885e-23
4.0105235e+01 1.0052976e-23
4.0197718e+01 1.0006456e-23
4.0290414e+01 9.9603211e-24
4.0383324e+01 9.9145687e-24
4.0476449e+01 9.8691957e-24
4.0569788e+01 9.8241991e-24
4.0663342e+01 9.7795759e-24
4.0757112e+01 9.7353231e-24
4.0851098e+01 9.6914380e-24
4.0945301e+01 9.6479174e-24
4.1039721e+01 9.6047587e-24
4.1134359e+01 9.5619589e-24
4.1229215e+01 9.5195153e-24
4.1324290e+01 9.4774250e-24
4.1419584e+01 9.4356852e-24
4.1515098e+01 9.3942932e-24
4.1610832e+01 9.3532464e-24
4.1706787e+01 9.3125419e-24
4.1802963e+01 9.2721771e-24
4.1899361e+01 9.2321494e-24
4.1995982e+01 9.1924561e-24
4.2092825e+01 9.1530946e-24
4.2189891e+01 9.1140623e-24
4.2287181e+01 9.0753567e-24
4.2384696e+01 9.0369751e-24
4.2482435e+01 8.9989152e-24
4.2580400e+01 8.9611742e-24
4.2678591e+01 8.9237499e-24
4.2777008e+01 8.8866397e-24
4.2875652e+01 8.8498412e-24
4.2974524e+01 8.8133518e-24
4.3073623e+01 8.7771694e-24
4.3172951e+01 8.7412914e-24
4.3272508e+01 8.7057155e-24
4.3372295e+01 8.6704393e-24
4.3472312e+01 8.6354605e-24
4.3572559e+01 8.6007769e-24
4.3673038e+01 8.5663860e-24
4.3773748e+01 8.5322857e-24
4.3874691e+01 8.4984737e-24
4.3975866e+01 8.4649477e-24
4.4077275e+01 8.4317055e-24
4.4178918e+01 8.3987450e-24
4.4280795e+01 8.3660639e-24
4.4382906e+01 8.3336600e-24
4.4485254e+01 8.3015313e-24
4.4587837e+01 8.2696755e-24
4.4690657e+01 8.2380906e-24
4.4793714e+01 8.2067745e-24
4.4897009e+01 8.1757250e-24
4.5000541e+01 8.1449402e-24
4.5104313e+01 8.1144178e-24
4.5208324e+01 8.0841560e-24
4.5312575e+01 8.0541527e-24
4.5417066e+01 8.0244058e-24
4.5521798e+01 7.9949135e-24
4.5626772e+01 7.9656736e-24
4.5731987e+01 7.9366842e-24
4.5837446e+01 7.9079435e-24
4.5943147e+01 7.8794493e-24
4.6049092e+01 7.8512000e-24
4.6155282e+01 7.8231934e-24
4.6261716e+01 7.7954278e-24
4.6368396e+01 7.7679012e-24
4.6475322e+01 7.7406118e-24
4.6582494e+01 7.7135577e-24
4.6689914e+01 7.6867372e-24
4.6797581e+01 7.6601483e-24
4.6905497e+01 7.6337892e-24
4.7013661e+01 7.6076582e-24
4.7122075e+01 7.5817535e-24
4.7230739e+01 7.5560733e-24
4.7339654e+01 7.5306158e-24
4.7448819e+01 7.5053793e-24
4.7558236e+01 7.4803621e-24
4.7667906e+01 7.4555624e-24
4.7777829e+01 7.4309785e-24
4.7888005e+01 7.4066087e-24
4.7998435e+01 7.3824514e-24
4.8109120e+01 7.3585048e-24
4.8220060e+01 7.3347673e-24
4.8331255e+01 7.3112372e-24
4.8442708e+01 7.2879129e-24
4.8554417e+01 7.2647928e-24
4.8666384e+01 7.2418752e-24
4.8778609e+01 7.2191586e-24
4.8891093e+01 7.1966413e-24
4.9003836e+01 7.1743217e-24
4.9116839e+01 7.1521983e-24
4.9230103e+01 7.1302696e-24
4.9343628e+01 7.1085339e-24
4.9457415e+01 7.0869897e-24
4.9571464e+01 7.0656355e-24
4.9685776e+01 7.0444697e-24
4.9800352e+01 7.0234909e-24
4.9915192e+01 7.0026975e-24
5.0030297e+01 6.9820881e-24
5.0145667e+01 6.9616612e-24
5.0261303e+01 6.9414152e-24
5.0377206e+01 6.9213488e-24
5.0493376e+01 6.9014604e-24
5.0609814e+01 6.8817487e-24
5.0726521e+01 6.8622122e-24
5.0843497e+01 6.8428495e-24
5.0960742e+01 6.8236592e-24
5.1078258e+01 6.8046398e-24
5.1196045e+01 6.7857899e-24
5.1314103e+01 6.7671083e-24
5.1432434e+01 6.7485934e-24
5.1551038e+01 6.7302440e-24
5.1669915e+01 6.7120586e-24
5.1789066e+01 6.6940360e-24
5.1908492e+01 6.6761747e-24
5.2028193e+01 6.6584735e-24
5.2148171e+01 6.6409310e-24
5.2268425e+01 6.6235459e-24
5.2388956e+01 6.6063169e-24
5.2509766e+01 6.5892427e-24
5.2630854e+01 6.5723220e-24
5.2752221e+01 6.5555535e-24
5.2873868e+01 6.5389360e-24
5.2995795e+01 6.5224682e-24
5.3118004e+01 6.5061488e-24
5.3240495e+01 6.4899766e-24
5.3363268e+01 6.4739503e-24
5.3486324e+01 6.4580688e-24
5.3609663e+01 6.4423307e-24
5.3733288e+01 6.4267349e-24
5.3857197e+01 6.4112802e-24
5.3981392e+01 6.3959653e-24
5.4105874e+01 6.3807892e-24
5.4230642e+01 6.3657505e-24
5.4355699e+01 6.3508481e-24
5.4481043e+01 6.3360808e-24
5.4606677e+01 6.3214476e-24
5.4732600e+01 6.3069471e-24
5.4858814e+01 6.2925784e-24
5.4985319e+01 6.2783402e-24
5.5112116e+01 6.2642314e-24
5.5239205e+01 6.2502508e-24
5.5366587e+01 6.2363975e-24
5.5494262e+01 6.2226702e-24
5.5622233e+01 6.2090679e-24
5.5750498e+01 6.1955895e-24
5.5879059e+01 6.1822338e-24
5.6007916e+01 6.1689998e-24
5.6137071e+01 6.1558865e-24
5.6266524e+01 6.1428927e-24
5.6396275e+01 6.1300175e-24
5.6526325e+01 6.1172597e-24
5.6656675e+01 6.1046183e-24
5.6787326e+01 6.0920923e-24
5.6918278e+01 6.0796806e-24
5.7049532e+01 6.0673822e-24
5.7181088e+01 6.0551962e-24
5.7312948e+01 6.0431214e-24
5.7445113e+01 6.0311570e-24
5.7577581e+01 6.0193018e-24
5.7710356e+01 6.0075549e-24
5.7843436e+01 5.9959154e-24
5.7976824e+01 5.9843822e-24
5.8110519e+01 5.9729544e-24
5.8244522e+01 5.9616310e-24
5.8378834e+01 5.9504111e-24
5.8513456e+01 5.9392937e-24
5.8648389e+01 5.9282778e-24
5.8783632e+01 5.9173626e-24
5.8919188e+01 5.9065471e-24
5.9055056e+01 5.8958304e-24
5.9191237e+01 5.8852116e-24
5.9327733e+01 5.8746897e-24
5.9464543e+01 5.8642638e-24
5.9601669e+01 5.8539331e-24
5.9739111e+01 5.8436967e-24
5.9876870e+01 5.8335536e-24
6.0014946e+01 5.8235031e-24
6.0153341e+01 5.8135441e-24
6.0292055e+01 5.8036759e-24
6.0431089e+01 5.7938977e-24
6.0570443e+01 5.7842084e-24
6.0710119e+01 5.7746074e-24
6.0850117e+01 5.7650937e-24
6.0990438e+01 5.7556665e-24
6.1131083e+01 5.7463250e-24
6.1272051e+01 5.7370684e-24
6.1413345e+01 5.7278958e-24
6.1554965e+01 5.7188064e-24
6.1696911e+01 5.7097995e-24
6.1839185e+01 5.7008741e-24
6.1981786e+01 5.6920297e-24
6.2124717e+01 5.6832652e-24
6.2267977e+01 5.6745800e-24
6.2411567e+01 5.6659733e-24
6.2555489e+01 5.6574443e-24
6.2699742e+01 5.6489922e-24
6.2844328e+01 5.6406164e-24
6.2989248e+01 5.6323159e-24
6.3134501e+01 5.6240901e-24
6.3280090e+01 5.6159383e-24
6.3426014e+01 5.6078596e-24
6.3572275e+01 5.5998534e-24
6.3718874e+01 5.5919190e-24
6.3865810e+01 5.5840556e-24
6.4013085e+01 5.5762624e-24
6.4160699e+01 5.5685389e-24
6.4308655e+01 5.5608842e-24
6.4456951e+01 5.5532977e-24
6.4605589e+01 5.5457787e-24
6.4754570e+01 5.5383266e-24
6.4903894e+01 5.5309405e-24
6.5053563e+01 5.5236198e-24
6.5203577e+01 5.5163640e-24
6.5353937e+01 5.5091722e-24
6.5504644e+01 5.5020439e-24
6.5655698e+01 5.4949783e-24
6.5807101e+01 5.4879748e-24
6.5958852e+01 5.4810329e-24
6.6110954e+01 5.4741517e-24
6.6263406e+01 5.4673308e-24
6.6416210e+01 5.4605694e-24
6.6569367e+01 5.4538670e-24
6.6722876e+01 5.4472229e-24
6.6876740e+01 5.4406364e-24
6.7030958e+01 5.4341071e-24
6.7185532e+01 5.4276342e-24
6.7340462e+01 5.4212172e-24
6.7495750e+01 5.4148555e-24
6.7651395e+01 5.4085485e-24
6.7807400e+01 5.4022955e-24
6.7963764e+01 5.3960961e-24
6.8120489e+01 5.3899496e-24
6.8277576e+01 5.3838555e-24
6.8435024e+01 5.3778131e-24
6.8592836e+01 5.3718220e-24
6.8751012e+01 5.3658815e-24
6.8909552e+01 5.3599911e-24
6.9068458e+01 5.3541503e-24
6.9227730e+01 5.3483585e-24
6.9387370e+01 5.3426152e-24
6.9547378e+01 5.3369198e-24
6.9707755e+01 5.3312718e-24
6.9868501e+01 5.3256706e-24
7.0029619e+01 5.3201158e-24
7.0191107e+01 5.3146069e-24
7.0352969e+01 5.3091432e-24
7.0515203e+01 5.3037243e-24
7.0677812e+01 5.2983498e-24
7.0840795e+01 5.2930190e-24
7.1004155e+01 5.2877315e-24
7.1167891e+01 5.2824868e-24
7.1332004e+01 5.2772844e-24
7.1496497e+01 5.2721238e-24
7.1661368e+01 5.2670045e-24
7.1826620e+01 5.2619262e-24
7.1992252e+01 5.2568882e-24
7.2158267e+01 5.2518901e-24
7.2324665e+01 5.2469314e-24
7.2491446e+01 5.2420118e-24
7.2658612e+01 5.2371307e-24
7.2826163e+01 5.2322877e-24
7.2994101e+01 5.2274823e-24
7.3162426e+01 5.2227140e-24
7.3331139e+01 5.2179826e-24
7.3500241e+01 5.2132874e-24
7.3669733e+01 5.2086281e-24
7.3839616e+01 5.2040042e-24
7.4009891e+01 5.1994154e-24
7.4180558e+01 5.1948611e-24
7.4351619e+01 5.1903410e-24
7.4523074e+01 5.1858547e-24
7.4694925e+01 5.1814017e-24
7.4867172e+01 5.1769816e-24
7.5039817e+01 5.1725941e-24
7.5212859e+01 5.1682387e-24
7.5386300e+01 5.1639150e-24
7.5560142e+01 5.1596227e-24
7.5734384e+01 5.1553613e-24
7.5909028e+01 5.1511305e-24
7.6084075e+01 5.1469298e-24
7.6259525e+01 5.1427590e-24
7.6435380e+01 5.1386176e-24
7.6611641e+01 5.1345052e-24
7.6788308e+01 5.1304215e-24
7.6965382e+01 5.1263661e-24
7.7142865e+01 5.1223386e-24
7.7320757e+01 5.1183388e-24
7.7499060e+01 5.1143662e-24
7.7677773e+01 5.1104204e-24
7.7856898e+01 5.1065012e-24
7.8036437e+01 5.1026082e-24
7.8216390e+01 5.0987410e-24
7.8396757e+01 5.0948993e-24
7.8577541e+01 5.0910827e-24
7.8758741e+01 5.0872910e-24
7.8940359e+01 5.0835238e-24
7.9122397e+01 5.0797807e-24
7.9304853e+01 5.0760615e-24
7.9487731e+01 5.0723658e-24
7.9671030e+01 5.0686933e-24
7.9854752e+01 5.0650437e-24
8.0038898e+01 5.0614166e-24
8.0223468e+01 5.0578118e-24
8.0408464e+01 5.0542289e-24
8.0593887e+01 5.0506677e-24
8.0779737e+01 5.0471278e-24
8.0966016e+01 5.0436090e-24
8.1152724e+01 5.0401109e-24
8.1339863e+01 5.0366333e-24
8.1527433e+01 5.0331758e-24
8.1715436e+01 5.0297382e-24
8.1903872e+01 5.0263202e-24
8.2092743e+01 5.0229215e-24
8.2282050e+01 5.0195418e-24
8.2471793e+01 5.0161808e-24
8.2661973e+01 5.0128383e-24
8.2852592e+01 5.0095140e-24
8.3043651e+01 5.0062077e-24
8.3235150e+01 5.0029190e-24
8.3427091e+01 4.9996477e-24
8.3619475e+01 4.9963935e-24
8.3812302e+01 4.9931562e-24
8.4005574e+01 4.9899355e-24
8.4199291e+01 4.9867312e-24
8.4393456e+01 4.9835430e-24
8.4588067e+01 4.9803707e-24
8.4783128e+01 4.9772139e-24
8.4978639e+01 4.9740725e-24
8.5174600e+01 4.9709463e-24
8.5371013e+01 4.9678349e-24
8.5567880e+01 4.9647381e-24
8.5765200e+01 4.9616558e-24
8.5962975e+01 4.9585876e-24
8.6161206e+01 4.9555334e-24
8.6359895e+01 4.9524929e-24
8.6559041e+01 4.9494658e-24
8.6758647e+01 4.9464521e-24
8.6958713e+01 4.9434513e-24
8.7159241e+01 4.9404634e-24
8.7360231e+01 4.9374880e-24
8.7561684e+01 4.9345251e-24
8.7763602e+01 4.9315743e-24
8.7965985e+01 4.9286354e-24
8.8168836e+01 4.9257083e-24
8.8372154e+01 4.9227927e-24
8.8575940e+01 4.9198884e-24
8.8780197e+01 4.9169953e-24
8.8984925e+01 4.9141131e-24
8.9190125e+01 4.9112416e-24
8.9395798e+01 4.9083806e-24
8.9601945e+01 4.9055299e-24
8.9808568e+01 4.9026893e-24
9.0015667e+01 4.8998587e-24
9.0223244e+01 4.8970378e-24
9.0431300e+01 4.8942265e-24
9.0639835e+01 4.8914245e-24
9.0848851e+01 4.8886317e-24
9.1058349e+01 4.8858479e-24
9.1268331e+01 4.8830730e-24
9.1478796e+01 4.8803066e-24
9.1689747e+01 4.8775487e-24
9.1901184e+01 4.8747991e-24
9.2113109e+01 4.8720576e-24
9.2325522e+01 4.8693240e-24
9.2538426e+01 4.8665981e-24
9.2751820e+01 4.8638799e-24
9.2965707e+01 4.8611690e-24
9.3180086e+01 4.8584654e-24
9.3394960e+01 4.8557689e-24
9.3610330e+01 4.8530793e-24
9.3826196e+01 4.8503965e-24
9.4042560e+01 4.8477203e-24
9.4259423e+01 4.8450505e-24
9.4476786e+01 4.8423870e-24
9.4694650e+01 4.8397296e-24
9.4913016e+01 4.8370782e-24
9.5131886e+01 4.8344326e-24
9.5351261e+01 4.8317926e-24
9.5571142e+01 4.8291582e-24
9.5791530e+01 4.8265292e-24
9.6012426e+01 4.8239053e-24
9.6233831e+01 4.8212866e-24
9.6455747e+01 4.8186728e-24
9.6678175e+01 4.8160637e-24
9.6901115e+01 4.8134593e-24
9.7124570e+01 4.8108595e-24
9.7348540e+01 4.8082640e-24
9.7573027e+01 4.8056727e-24
9.7798031e+01 4.8030855e-24
9.8023554e+01 4.8005023e-24
9.8249597e+01 4.7979229e-24
9.8476161e+01 4.7953472e-24
9.8703248e+01 4.7927750e-24
9.8930858e+01 4.7902063e-24
9.9158994e+01 4.7876409e-24
9.9387655e+01 4.7850787e-24
9.9616844e+01 4.7825195e-24
9.9846561e+01 4.7799633e-24
1.0007681e+02 4.7774099e-24
1.0030759e+02 4.7748591e-24
1.0053890e+02 4.7723109e-24
1.0077074e+02 4.7697652e-24
1.0100312e+02 4.7672218e-24
1.0123603e+02 4.7646806e-24
1.0146948e+02 4.7621414e-24
1.0170347e+02 4.7596043e-24
1.0193800e+02 4.7570690e-24
1.0217307e+02 4.7545354e-24
1.0240868e+02 4.7520035e-24
1.0264484e+02 4.7494732e-24
1.0288154e+02 4.7469442e-24
1.0311878e+02 4.7444165e-24
1.0335658e+02 4.7418901e-24
1.0359492e+02 4.7393647e-24
1.0383381e+02 4.7368403e-24
1.0407325e+02 4.7343168e-24
1.0431324e+02 4.7317941e-24
1.0455379e+02 4.7292720e-24
1.0479489e+02 4.7267506e-24
1.0503655e+02 4.7242296e-24
1.0527876e+02 4.7217089e-24
1.0552154e+02 4.7191886e-24
1.0576487e+02 4.7166684e-24
1.0600877e+02 4.7141483e-24
1.0625322e+02 4.7116282e-24
1.0649824e+02 4.7091080e-24
1.0674383e+02 4.7065876e-24
1.0698998e+02 4.7040669e-24
1.0723670e+02 4.7015458e-24
1.0748399e+02 4.6990242e-24
1.0773185e+02 4.6965021e-24
1.0798028e+02 4.6939793e-24
1.0822928e+02 4.6914557e-24
1.0847886e+02 4.6889314e-24
1.0872901e+02 4.6864061e-24
1.0897974e+02 4.6838797e-24
1.0923105e+02 4.6813523e-24
1.0948294e+02 4.6788238e-24
1.0973541e+02 4.6762939e-24
1.0998846e+02 4.6737627e-24
1.1024209e+02 4.6712301e-24
1.1049631e+02 4.6686960e-24
1.1075112e+02 4.6661603e-24
1.1100651e+02 4.6636229e-24
1.1126249e+02 4.6610838e-24
1.1151906e+02 4.6585429e-24
1.1177623e+02 4.6560001e-24
1.1203398e+02 4.6534553e-24
1.1229234e+02 4.6509084e-24
1.1255128e+02 4.6483594e-24
1.1281083e+02 4.6458082e-24
1.1307097e+02 4.6432548e-24
1.1333171e+02 4.6406990e-24
1.1359306e+02 4.6381407e-24
1.1385500e+02 4.6355800e-24
1.1411755e+02 4.6330168e-24
1.1438071e+02 4.6304509e-24
1.1464447e+02 4.6278822e-24
1.1490884e+02 4.6253109e-24
1.1517382e+02 4.6227367e-24
1.1543942e+02 4.6201596e-24
1.1570562e+02 4.6175795e-24
1.1597244e+02 4.6149964e-24
1.1623987e+02 4.6124102e-24
1.1650792e+02 4.6098208e-24
1.1677659e+02 4.6072282e-24
1.1704588e+02 4.6046323e-24
1.1731579e+02 4.6020330e-24
1.1758632e+02 4.5994303e-24
1.1785747e+02 4.5968242e-24
1.1812925e+02 4.5942145e-24
1.1840166e+02 4.5916012e-24
1.1867469e+02 4.5889843e-24
1.1894836e+02 4.5863636e-24
1.1922265e+02 4.5837392e-24
1.1949758e+02 4.5811109e-24
1.1977314e+02 4.5784788e-24
1.2004934e+02 4.5758427e-24
1.2032618e+02 4.5732026e-24
1.2060365e+02 4.5705584e-24
1.2088176e+02 4.5679101e-24
1.2116052e+02 4.5652577e-24
1.2143991e+02 4.5626010e-24
1.2171996e+02 4.5599401e-24
1.2200064e+02 4.5572748e-24
1.2228198e+02 4.5546052e-24
1.2256396e+02 4.5519311e-24
1.2284659e+02 4.5492526e-24
1.2312988e+02 4.5465695e-24
1.2341382e+02 4.5438819e-24
1.2369841e+02 4.5411896e-24
1.2398366e+02 4.5384926e-24
1.2426957e+02 4.5357910e-24
1.2455613e+02 4.5330845e-24
1.2484336e+02 4.5303732e-24
1.2513125e+02 4.5276571e-24
1.2541981e+02 4.5249360e-24
1.2570902e+02 4.5222100e-24
1.2599891e+02 4.5194790e-24
1.2628946e+02 4.5167430e-24
1.2658069e+02 4.5140018e-24
1.2687259e+02 4.5112556e-24
1.2716515e+02 4.5085041e-24
1.2745840e+02 4.5057474e-24
1.2775232e+02 4.5029855e-24
1.2804692e+02 4.5002183e-24
1.2834219e+02 4.4974457e-24
1.2863815e+02 4.4946677e-24
1.2893479e+02 4.4918843e-24
1.2923212e+02 4.4890955e-24
1.2953013e+02 4.4863012e-24
1.2982882e+02 4.4835013e-24
1.3012821e+02 4.4806958e-24
1.3042829e+02 4.4778847e-24
1.3072906e+02 4.4750680e-24
1.3103052e+02 4.4722456e-24
1.3133268e+02 4.4694174e-24
1.3163553e+02 4.4665836e-24
1.3193908e+02 4.4637439e-24
1.3224333e+02 4.4608983e-24
1.3254829e+02 4.4580470e-24
1.3285395e+02 4.4551897e-24
1.3316031e+02 4.4523265e-24
1.3346738e+02 4.4494573e-24
1.3377515e+02 4.4465822e-24
1.3408364e+02 4.4437010e-24
1.3439284e+02 4.4408137e-24
1.3470275e+02 4.4379204e-24
1.3501337e+02 4.4350210e-24
1.3532472e+02 4.4321154e-24
1.3563678e+02 4.4292036e-24
1.3594956e+02 4.4262856e-24
1.3626306e+02 4.4233614e-24
1.3657728e+02 4.4204310e-24
1.3689223e+02 4.4174942e-24
1.3720790e+02 4.4145512e-24
1.3752431e+02 4.4116018e-24
1.3784144e+02 4.4086460e-24
1.3815930e+02 4.4056839e-24
1.3847790e+02 4.4027153e-24
1.3879723e+02 4.3997403e-24
1.3911730e+02 4.3967588e-24
1.3943810e+02 4.3937709e-24
1.3975965e+02 4.3907764e-24
1.4008193e+02 4.3877754e-24
1.4040496e+02 4.3847678e-24
1.4072874e+02 4.3817537e-24
1.4105326e+02 4.3787330e-24
1.4137853e+02 4.3757056e-24
1.4170455e+02 4.3726717e-24
1.4203132e+02 4.3696310e-24
1.4235885e+02 4.3665837e-24
1.4268713e+02 4.3635297e-24
1.4301617e+02 4.3604690e-24
1.4334596e+02 4.3574016e-24
1.4367652e+02 4.3543274e-24
1.4400784e+02 4.3512465e-24
1.4433992e+02 4.3481587e-24
1.4467277e+02 4.3450642e-24
1.4500639e+02 4.3419629e-24
1.4534077e+02 4.3388548e-24
1.4567593e+02 4.3357398e-24
1.4601186e+02 4.3326180e-24
1.4634856e+02 4.3294893e-24
1.4668604e+02 4.3263537e-24
1.4702430e+02 4.3232113e-24
1.4736334e+02 4.3200620e-24
1.4770316e+02 4.3169057e-24
1.4804377e+02 4.3137426e-24
1.4838516e+02 4.3105725e-24
1.4872734e+02 4.3073955e-24
1.4907030e+02 4.3042115e-24
1.4941406e+02 4.3010206e-24
1.4975861e+02 4.2978228e-24
1.5010395e+02 4.2946179e-24
1.5045009e+02 4.2914061e-24
1.5079703e+02 4.2881874e-24
1.5114477e+02 4.2849616e-24
1.5149331e+02 4.2817289e-24
1.5184266e+02 4.2784892e-24
1.5219281e+02 4.2752425e-24
1.5254377e+02 4.2719888e-24
1.5289553e+02 4.2687281e-24
1.5324811e+02 4.2654604e-24
1.5360150e+02 4.2621857e-24
1.5395571e+02 4.2589040e-24
1.5431073e+02 4.2556154e-24
1.5466657e+02 4.2523197e-24
1.5502324e+02 4.2490170e-24
1.5538072e+02 4.2457074e-24
1.5573903e+02 4.2423908e-24
1.5609817e+02 4.2390671e-24
1.5645813e+02 4.2357365e-24
1.5681892e+02 4.2323990e-24
1.5718055e+02 4.2290545e-24
1.5754301e+02 4.2257030e-24
1.5790630e+02 4.2223445e-24
1.5827044e+02 4.2189792e-24
1.5863541e+02 4.2156069e-24
1.5900122e+02 4.2122276e-24
1.5936788e+02 4.2088415e-24
1.5973539e+02 4.2054484e-24
1.6010374e+02 4.2020485e-24
1.6047294e+02 4.1986416e-24
1.6084299e+02 4.1952280e-24
1.6121389e+02 4.1918074e-24
1.6158565e+02 4.1883800e-24
1.6195827e+02 4.1849458e-24
1.6233175e+02 4.1815048e-24
1.6270609e+02 4.1780571e-24
1.6308129e+02 4.1746025e-24
1.6345736e+02 4.1711412e-24
1.6383429e+02 4.1676731e-24
1.6421209e+02 4.1641984e-24
1.6459077e+02 4.1607170e-24
1.6497031e+02 4.1572289e-24
1.6535074e+02 4.1537341e-24
1.6573204e+02 4.1502327e-24
1.6611422e+02 4.1467248e-24
1.6649728e+02 4.1432102e-24
1.6688122e+02 4.1396892e-24
1.6726605e+02 4.1361616e-24
1.6765177e+02 4.1326275e-24
1.6803837e+02 4.1290870e-24
1.6842587e+02 4.1255400e-24
1.6881426e+02 4.1219867e-24
1.6920355e+02 4.1184269e-24
1.6959373e+02 4.1148609e-24
1.6998482e+02 4.1112886e-24
1.7037681e+02 4.1077099e-24
1.7076970e+02 4.1041251e-24
1.7116349e+02 4.1005341e-24
1.7155820e+02 4.0969369e-24
1.7195381e+02 4.0933337e-24
1.7235034e+02 4.0897243e-24
1.7274778e+02 4.0861090e-24
1.7314614e+02 4.0824876e-24
1.7354541e+02 4.0788603e-24
1.7394561e+02 4.0752271e-24
1.7434673e+02 4.0715881e-24
1.7474877e+02 4.0679433e-24
1.7515175e+02 4.0642927e-24
1.7555565e+02 4.0606364e-24
1.7596048e+02 4.0569744e-24
1.7636625e+02 4.0533069e-24
1.7677295e+02 4.0496338e-24
1.7718059e+02 4.0459552e-24
1.7758917e+02 4.0422712e-24
1.7799869e+02 4.0385818e-24
1.7840916e+02 4.0348870e-24
1.7882057e+02 4.0311870e-24
1.7923293e+02 4.0274818e-24
1.7964624e+02 4.0237715e-24
1.8006051e+02 4.0200561e-24
1.8047573e+02 4.0163356e-24
1.8089191e+02 4.0126102e-24
1.8130905e+02 4.0088800e-24
1.8172715e+02 4.0051449e-24
1.8214621e+02 4.0014051e-24
1.8256624e+02 3.9976606e-24
1.8298724e+02 3.9939116e-24
1.8340921e+02 3.9901580e-24
1.8383215e+02 3.9864000e-24
1.8425607e+02 3.9826376e-24
1.8468097e+02 3.9788709e-24
1.8510684e+02 3.9751000e-24
1.8553370e+02 3.9713250e-24
1.8596154e+02 3.9675460e-24
1.8639037e+02 3.9637630e-24
1.8682019e+02 3.9599762e-24
1.8725100e+02 3.9561856e-24
1.8768280e+02 3.9523913e-24
1.8811560e+02 3.9485934e-24
1.8854939e+02 3.9447920e-24
1.8898419e+02 3.9409872e-24
1.8941999e+02 3.9371791e-24
1.8985679e+02 3.9333678e-24
1.9029460e+02 3.9295534e-24
1.9073343e+02 3.9257360e-24
1.9117326e+02 3.9219157e-24
1.9161411e+02 3.9180926e-24
1.9205597e+02 3.9142669e-24
1.9249885e+02 3.9104386e-24
1.9294276e+02 3.9066078e-24
1.9338768e+02 3.9027747e-24
1.9383364e+02 3.8989394e-24
1.9428062e+02 3.8951020e-24
1.9472863e+02 3.8912626e-24
1.9517768e+02 3.8874213e-24
1.9562776e+02 3.8835783e-24
1.9607888e+02 3.8797337e-24
1.9653104e+02 3.8758876e-24
1.9698424e+02 3.8720402e-24
1.9743849e+02 3.8681916e-24
1.9789378e+02 3.8643418e-24
1.9835012e+02 3.8604912e-24
1.9880752e+02 3.8566398e-24
1.9926597e+02 3.8527877e-24
1.9972548e+02 3.8489351e-24
2.0018605e+02 3.8450821e-24
2.0064768e+02 3.8412289e-24
2.0111038e+02 3.8373757e-24
2.0157414e+02 3.8335226e-24
2.0203897e+02 3.8296697e-24
2.0250487e+02 3.8258172e-24
2.0297185e+02 3.8219653e-24
2.0343991e+02 3.8181142e-24
2.0390904e+02 3.8142639e-24
2.0437926e+02 3.8104148e-24
2.0485056e+02 3.8065669e-24
2.0532294e+02 3.8027204e-24
2.0579642e+02 3.7988755e-24
2.0627099e+02 3.7950324e-24
2.0674665e+02 3.7911913e-24
2.0722341e+02 3.7873523e-24
2.0770127e+02 3.7835157e-24
2.0818023e+02 3.7796817e-24
2.0866029e+02 3.7758503e-24
2.0914147e+02 3.7720219e-24
2.0962375e+02 3.7681967e-24
2.1010714e+02 3.7643748e-24
2.1059165e+02 3.7605564e-24
2.1107728e+02 3.7567418e-24
2.1156402e+02 3.7529311e-24
2.1205189e+02 3.7491246e-24
2.1254088e+02 3.7453226e-24
2.1303100e+02 3.7415252e-24
2.1352226e+02 3.7377326e-24
2.1401464e+02 3.7339451e-24
2.1450816e+02 3.7301630e-24
2.1500282e+02 3.7263864e-24
2.1549861e+02 3.7226156e-24
2.1599556e+02 3.7188508e-24
2.1649364e+02 3.7150923e-24
2.1699288e+02 3.7113404e-24
2.1749327e+02 3.7075952e-24
2.1799481e+02 3.7038571e-24
2.1849750e+02 3.7001263e-24
2.1900136e+02 3.6964031e-24
2.1950638e+02 3.6926877e-24
2.2001256e+02 3.6889804e-24
2.2051991e+02 3.6852816e-24
2.2102844e+02 3.6815914e-24
2.2153813e+02 3.6779101e-24
2.2204900e+02 3.6742381e-24
2.2256104e+02 3.6705756e-24
2.2307427e+02 3.6669229e-24
2.2358868e+02 3.6632804e-24
2.2410428e+02 3.6596483e-24
2.2462107e+02 3.6560269e-24
2.2513904e+02 3.6524166e-24
2.2565822e+02 3.6488176e-24
2.2617859e+02 3.6452303e-24
2.2670016e+02 3.6416551e-24
2.2722293e+02 3.6380921e-24
2.2774691e+02 3.6345418e-24
2.2827209e+02 3.6310046e-24
2.2879849e+02 3.6274806e-24
2.2932610e+02 3.6239704e-24
2.2985493e+02 3.6204742e-24
2.3038497e+02 3.6169924e-24
2.3091624e+02 3.6135254e-24
2.3144874e+02 3.6100734e-24
2.3198246e+02 3.6066370e-24
2.3251741e+02 3.6032164e-24
2.3305360e+02 3.5998120e-24
2.3359102e+02 3.5964243e-24
2.3412969e+02 3.5930535e-24
2.3466959e+02 3.5897002e-24
2.3521074e+02 3.5863646e-24
2.3575314e+02 3.5830473e-24
2.3629679e+02 3.5797485e-24
2.3684169e+02 3.5764687e-24
2.3738785e+02 3.5732084e-24
2.3793527e+02 3.5699679e-24
2.3848395e+02 3.5667477e-24
2.3903389e+02 3.5635482e-24
2.3958511e+02 3.5603698e-24
2.4013759e+02 3.5572130e-24
2.4069135e+02 3.5540782e-24
2.4124639e+02 3.5509659e-24
2.4180270e+02 3.5478765e-24
2.4236030e+02 3.5448105e-24
2.4291919e+02 3.5417684e-24
2.4347936e+02 3.5387506e-24
2.4404083e+02 3.5357576e-24
2.4460359e+02 3.5327899e-24
2.4516764e+02 3.5298480e-24
2.4573300e+02 3.5269323e-24
2.4629967e+02 3.5240434e-24
2.4686763e+02 3.5211818e-24
2.4743691e+02 3.5183480e-24
2.4800750e+02 3.5155425e-24
2.4857941e+02 3.5127658e-24
2.4915264e+02 3.5100184e-24
2.4972719e+02 3.5073009e-24
2.5030306e+02 3.5046138e-24
2.5088026e+02 3.5019577e-24
2.5145879e+02 3.4993331e-24
2.5203866e+02 3.4967405e-24
2.5261986e+02 3.4941806e-24
2.5320240e+02 3.4916538e-24
2.5378629e+02 3.4891608e-24
2.5437152e+02 3.4867021e-24
2.5495811e+02 3.4842783e-24
2.5554604e+02 3.4818900e-24
2.5613533e+02 3.4795377e-24
2.5672598e+02 3.4772222e-24
2.5731799e+02 3.4749439e-24
2.5791137e+02 3.4727036e-24
2.5850612e+02 3.4705017e-24
2.5910223e+02 3.4683390e-24
2.5969973e+02 3.4662160e-24
2.6029859e+02 3.4641335e-24
2.6089885e+02 3.4620919e-24
2.6150048e+02 3.4600920e-24
2.6210350e+02 3.4581344e-24
2.6270792e+02 3.4562198e-24
2.6331372e+02 3.4543488e-24
2.6392092e+02 3.4525221e-24
2.6452953e+02 3.4507404e-24
2.6513954e+02 3.4490043e-24
2.6575095e+02 3.4473145e-24
2.6636377e+02 3.4456717e-24
2.6697801e+02 3.4440766e-24
2.6759366e+02 3.4425299e-24
2.6821074e+02 3.4410323e-24
2.6882923e+02 3.4395845e-24
2.6944915e+02 3.4381872e-24
2.7007051e+02 3.4368411e-24
2.7069329e+02 3.4355470e-24
2.7131751e+02 3.4343055e-24
2.7194317e+02 3.4331175e-24
2.7257028e+02 3.4319836e-24
2.7319882e+02 3.4309046e-24
2.7382882e+02 3.4298812e-24
2.7446027e+02 3.4289143e-24
2.7509318e+02 3.4280044e-24
2.7572755e+02 3.4271525e-24
2.7636338e+02 3.4263593e-24
2.7700067e+02 3.4256254e-24
2.7763944e+02 3.4249519e-24
2.7827968e+02 3.4243393e-24
2.7892139e+02 3.4237884e-24
2.7956459e+02 3.4233002e-24
2.8020927e+02 3.4228753e-24
2.8085543e+02 3.4225146e-24
2.8150309e+02 3.4222188e-24
2.8215223e+02 3.4219888e-24
2.8280288e+02 3.4218253e-24
2.8345503e+02 3.4217292e-24
2.8410868e+02 3.4217013e-24
2.8476383e+02 3.4217424e-24
2.8542050e+02 3.4218533e-24
2.8607868e+02 3.4220349e-24
2.8673838e+02 3.4222880e-24
2.8739960e+02 3.4226134e-24
2.8806235e+02 3.4230119e-24
2.8872662e+02 3.4234844e-24
2.8939243e+02 3.4240317e-24
2.9005977e+02 3.4246547e-24
2.9072865e+02 3.4253542e-24
2.9139907e+02 3.4261310e-24
2.9207104e+02 3.4269860e-24
2.9274456e+02 3.4279201e-24
2.9341963e+02 3.4289340e-24
2.9409626e+02 3.4300288e-24
2.9477444e+02 3.4312051e-24
2.9545420e+02 3.4324639e-24
2.9613552e+02 3.4338060e-24
2.9681841e+02 3.4352323e-24
2.9750287e+02 3.4367437e-24
2.9818892e+02 3.4383409e-24
2.9887654e+02 3.4400249e-24
2.9956575e+02 3.4417966e-24
3.0025656e+02 3.4436567e-24
3.0094895e+02 3.4456062e-24
3.0164294e+02 3.4476460e-24
3.0233853e+02 3.4497768e-24
3.0303573e+02 3.4519995e-24
3.0373453e+02 3.4543151e-24
3.0443494e+02 3.4567243e-24
3.0513697e+02 3.4592280e-24
3.0584062e+02 3.4618272e-24
3.0654589e+02 3.4645226e-24
3.0725279e+02 3.4673151e-24
3.0796131e+02 3.4702056e-24
3.0867148e+02 3.4731950e-24
3.0938327e+02 3.4762840e-24
3.1009672e+02 3.4794735e-24
3.1081180e+02 3.4827644e-24
3.1152853e+02 3.4861576e-24
3.1224692e+02 3.4896538e-24
3.1296697e+02 3.4932540e-24
3.1368867e+02 3.4969589e-24
3.1441204e+02 3.5007695e-24
3.1513708e+02 3.5046865e-24
3.1586378e+02 3.5087107e-24
3.1659217e+02 3.5128430e-24
3.1732223e+02 3.5170843e-24
3.1805398e+02 3.5214353e-24
3.1878741e+02 3.5258969e-24
3.1952254e+02 3.5304699e-24
3.2025936e+02 3.5351551e-24
3.2099788e+02 3.5399532e-24
3.2173811e+02 3.5448652e-24
3.2248004e+02 3.5498917e-24
3.2322368e+02 3.5550337e-24
3.2396903e+02 3.5602918e-24
3.2471611e+02 3.5656669e-24
3.2546491e+02 3.5711597e-24
3.2621543e+02 3.5767711e-24
3.2696769e+02 3.5825017e-24
3.2772168e+02 3.5883524e-24
3.2847741e+02 3.5943238e-24
3.2923488e+02 3.6004168e-24
3.2999410e+02 3.6066321e-24
3.3075506e+02 3.6129705e-24
3.3151779e+02 3.6194326e-24
3.3228227e+02 3.6260192e-24
3.3304852e+02 3.6327310e-24
3.3381653e+02 3.6395688e-24
3.3458631e+02 3.6465331e-24
3.3535787e+02 3.6536248e-24
3.3613121e+02 3.6608446e-24
3.3690633e+02 3.6681930e-24
3.3768324e+02 3.6756709e-24
3.3846194e+02 3.6832788e-24
3.3924243e+02 3.6910175e-24
3.4002473e+02 3.6988875e-24
3.4080883e+02 3.7068897e-24
3.4159474e+02 3.7150245e-24
3.4238246e+02 3.7232926e-24
3.4317199e+02 3.7316947e-24
3.4396335e+02 3.7402314e-24
3.4475653e+02 3.7489033e-24
3.4555154e+02 3.7577109e-24
3.4634839e+02 3.7666550e-24
3.4714707e+02 3.7757361e-24
3.4794759e+02 3.7849548e-24
3.4874996e+02 3.7943117e-24
3.4955418e+02 3.8038073e-24
3.5036026e+02 3.8134421e-24
3.5116819e+02 3.8232169e-24
3.5197799e+02 3.8331320e-24
3.5278965e+02 3.8431880e-24
3.5360319e+02 3.8533855e-24
3.5441860e+02 3.8637250e-24
3.5523589e+02 3.8742070e-24
3.5605507e+02 3.8848320e-24
3.5687613e+02 3.8956006e-24
3.5769909e+02 3.9065131e-24
3.5852395e+02 3.9175701e-24
3.5935071e+02 3.9287720e-24
3.6017937e+02 3.9401194e-24
3.6100995e+02 3.9516127e-24
3.6184244e+02 3.9632524e-24
3.6267685e+02 3.9750388e-24
3.6351319e+02 3.9869724e-24
3.6435145e+02 3.9990537e-24
3.6519165e+02 4.0112831e-24
3.6603379e+02 4.0236610e-24
3.6687786e+02 4.0361878e-24
3.6772389e+02 4.0488640e-24
3.6857186e+02 4.0616898e-24
3.6942179e+02 4.0746657e-24
3.7027368e+02 4.0877921e-24
3.7112753e+02 4.1010693e-24
3.7198336e+02 4.1144978e-24
3.7284115e+02 4.1280778e-24
3.7370093e+02 4.1418097e-24
3.7456268e+02 4.1556940e-24
3.7542643e+02 4.1697308e-24
3.7629216e+02 4.1839206e-24
3.7715990e+02 4.1982636e-24
3.7802963e+02 4.2127603e-24
3.7890137e+02 4.2274108e-24
3.7977512e+02 4.2422156e-24
3.8065088e+02 4.2571749e-24
3.8152867e+02 4.2722890e-24
3.8240848e+02 4.2875583e-24
3.8329031e+02 4.3029829e-24
3.8417418e+02 4.3185632e-24
3.8506009e+02 4.3342994e-24
3.8594804e+02 4.3501919e-24
3.8683804e+02 4.3662408e-24
3.8773009e+02 4.3824465e-24
3.8862420e+02 4.3988092e-24
3.8952037e+02 4.4153291e-24
3.9041861e+02 4.4320066e-24
3.9131892e+02 4.4488418e-24
3.9222130e+02 4.4658349e-24
3.9312577e+02 4.4829863e-24
3.9403232e+02 4.5002961e-24
3.9494096e+02 4.5177646e-24
3.9585170e+02 4.5353920e-24
3.9676453e+02 4.5531786e-24
3.9767948e+02 4.5711245e-24
3.9859653e+02 4.5892299e-24
3.9951569e+02 4.6074952e-24
4.0043698e+02 4.6259204e-24
4.0136039e+02 4.6445059e-24
4.0228593e+02 4.6632518e-24
4.0321361e+02 4.6821584e-24
4.0414342e+02 4.7012258e-24
4.0507538e+02 4.7204544e-24
4.0600948e+02 4.7398443e-24
4.0694575e+02 4.7593958e-24
4.0788417e+02 4.7791091e-24
4.0882475e+02 4.7989845e-24
4.0976750e+02 4.8190223e-24
4.1071243e+02 4.8392227e-24
4.1165954e+02 4.8595861e-24
4.1260883e+02 4.8801127e-24
4.1356030e+02 4.9008030e-24
4.1451398e+02 4.9216575e-24
4.1546985e+02 4.9426765e-24
4.1642793e+02 4.9638606e-24
4.1738821e+02 4.9852105e-24
4.1835071e+02 5.0067269e-24
4.1931543e+02 5.0284109e-24
4.2028238e+02 5.0502635e-24
4.2125155e+02 5.0722863e-24
4.2222296e+02 5.0944812e-24
4.2319661e+02 5.1168507e-24
4.2417251e+02 5.1393982e-24
4.2515065e+02 5.1621282e-24
4.2613105e+02 5.1850476e-24
4.2711371e+02 5.2081659e-24
4.2809864e+02 5.2314976e-24
4.2908584e+02 5.2550658e-24
4.3007531e+02 5.2789085e-24
4.3106707e+02 5.3030922e-24
4.3206111e+02 5.3277430e-24
4.3305745e+02 5.3531232e-24
4.3405608e+02 5.3798596e-24
4.3505702e+02 5.4097753e-24
4.3606027e+02 5.4502395e-24
4.3706582e+02 5.5608187e-24
4.3807370e+02 1.0577197e-22
4.3908390e+02 5.6022896e-24
4.4009643e+02 5.5472086e-24
4.4111130e+02 5.5574617e-24
4.4212851e+02 5.5776507e-24
4.4314806e+02 5.6008331e-24
4.4416996e+02 5.6252915e-24
4.4519422e+02 5.6504380e-24
4.4622084e+02 5.6760275e-24
4.4724983e+02 5.7019435e-24
4.4828119e+02 5.7281247e-24
4.4931493e+02 5.7545367e-24
4.5035105e+02 5.7811587e-24
4.5138957e+02 5.8079779e-24
4.5243047e+02 5.8349857e-24
4.5347378e+02 5.8621766e-24
4.5451950e+02 5.8895466e-24
4.5556762e+02 5.9170931e-24
4.5661816e+02 5.9448141e-24
4.5767113e+02 5.9727081e-24
4.5872652e+02 6.0007742e-24
4.5978435e+02 6.0290114e-24
4.6084462e+02 6.0574194e-24
4.6190733e+02 6.0859977e-24
4.6297249e+02 6.1147459e-24
4.6404011e+02 6.1436639e-24
4.6511019e+02 6.1727515e-24
4.6618273e+02 6.2020086e-24
4.6725776e+02 6.2314351e-24
4.6833526e+02 6.2610311e-24
4.6941524e+02 6.2907965e-24
4.7049772e+02 6.3207313e-24
4.7158269e+02 6.3508356e-24
4.7267016e+02 6.3811094e-24
4.7376014e+02 6.4115528e-24
4.7485264e+02 6.4421659e-24
4.7594765e+02 6.4729488e-24
4.7704519e+02 6.5039016e-24
4.7814526e+02 6.5350243e-24
4.7924786e+02 6.5663171e-24
4.8035301e+02 6.5977801e-24
4.8146071e+02 6.6294134e-24
4.8257096e+02 6.6612171e-24
4.8368378e+02 6.6931914e-24
4.8479915e+02 6.7253364e-24
4.8591711e+02 6.7576521e-24
4.8703763e+02 6.7901388e-24
4.8816075e+02 6.8227966e-24
4.8928645e+02 6.8556257e-24
4.9041475e+02 6.8886261e-24
4.9154565e+02 6.9217980e-24
4.9267916e+02 6.9551416e-24
4.9381528e+02 6.9886570e-24
4.9495402e+02 7.0223444e-24
4.9609539e+02 7.0562038e-24
4.9723939e+02 7.0902356e-24
4.9838602e+02 7.1244398e-24
4.9953531e+02 7.1588166e-24
5.0068724e+02 7.1933661e-24
5.0184183e+02 7.2280886e-24
5.0299908e+02 7.2629841e-24
5.0415900e+02 7.2980529e-24
5.0532159e+02 7.3332952e-24
5.0648687e+02 7.3687110e-24
5.0765483e+02 7.4043005e-24
5.0882549e+02 7.4400641e-24
5.0999884e+02 7.4760017e-24
5.1117490e+02 7.5121136e-24
5.1235368e+02 7.5484000e-24
5.1353517e+02 7.5848610e-24
5.1471938e+02 7.6214969e-24
5.1590633e+02 7.6583078e-24
5.1709601e+02 7.6952939e-24
5.1828844e+02 7.7324554e-24
5.1948362e+02 7.7697924e-24
5.2068155e+02 7.8073053e-24
5.2188225e+02 7.8449941e-24
5.2308571e+02 7.8828590e-24
5.2429195e+02 7.9209003e-24
5.2550097e+02 7.9591182e-24
5.2671278e+02 7.9975128e-24
5.2792739e+02 8.0360843e-24
5.2914479e+02 8.0748330e-24
5.3036500e+02 8.1137590e-24
5.3158803e+02 8.1528626e-24
5.3281387e+02 8.1921440e-24
5.3404255e+02 8.2316033e-24
5.3527405e+02 8.2712408e-24
5.3650840e+02 8.3110567e-24
5.3774559e+02 8.3510512e-24
5.3898564e+02 8.3912245e-24
5.4022854e+02 8.4315768e-24
5.4147431e+02 8.4721084e-24
5.4272296e+02 8.5128194e-24
5.4397448e+02 8.5537101e-24
5.4522889e+02 8.5947807e-24
5.4648619e+02 8.6360315e-24
5.4774639e+02 8.6774625e-24
5.4900950e+02 8.7190742e-24
5.5027552e+02 8.7608666e-24
5.5154446e+02 8.8028401e-24
5.5281633e+02 8.8449948e-24
5.5409112e+02 8.8873310e-24
5.5536886e+02 8.9298490e-24
5.5664955e+02 8.9725488e-24
5.5793319e+02 9.0154309e-24
5.5921978e+02 9.0584954e-24
5.6050935e+02 9.1017425e-24
5.6180189e+02 9.1451725e-24
5.6309741e+02 9.1887857e-24
5.6439591e+02 9.2325822e-24
5.6569742e+02 9.2765623e-24
5.6700192e+02 9.3207263e-24
5.6830943e+02 9.3650744e-24
5.6961995e+02 9.4096069e-24
5.7093350e+02 9.4543239e-24
5.7225008e+02 9.4992258e-24
5.7356969e+02 9.5443128e-24
5.7489235e+02 9.5895851e-24
5.7621806e+02 9.6350430e-24
5.7754682e+02 9.6806867e-24
5.7887865e+02 9.7265166e-24
5.8021354e+02 9.7725328e-24
5.8155152e+02 9.8187356e-24
5.8289258e+02 9.8651253e-24
5.8423674e+02 9.9117021e-24
5.8558399e+02 9.9584663e-24
5.8693435e+02 1.0005418e-23
5.8828783e+02 1.0052558e-23
5.8964443e+02 1.0099886e-23
5.9100415e+02 1.0147402e-23
5.9236701e+02 1.0195107e-23
5.9373301e+02 1.0243001e-23
5.9510217e+02 1.0291085e-23
5.9647448e+02 1.0339357e-23
5.9784995e+02 1.0387820e-23
5.9922860e+02 1.0436472e-23
6.0061042e+02 1.0485315e-23
6.0199543e+02 1.0534349e-23
6.0338364e+02 1.0583573e-23
6.0477505e+02 1.0632988e-23
6.0616966e+02 1.0682595e-23
6.0756750e+02 1.0732394e-23
6.0896855e+02 1.0782384e-23
6.1037284e+02 1.0832567e-23
6.1178036e+02 1.0882942e-23
6.1319113e+02 1.0933510e-23
6.1460516e+02 1.0984271e-23
6.1602244e+02 1.1035225e-23
6.1744299e+02 1.1086373e-23
6.1886682e+02 1.1137715e-23
6.2029393e+02 1.1189251e-23
6.2172433e+02 1.1240981e-23
6.2315804e+02 1.1292907e-23
6.2459504e+02 1.1345027e-23
6.2603536e+02 1.1397343e-23
6.2747901e+02 1.1449854e-23
6.2892598e+02 1.1502561e-23
6.3037629e+02 1.1555464e-23
6.3182994e+02 1.1608564e-23
6.3328694e+02 1.1661861e-23
6.3474731e+02 1.1715354e-23
6.3621104e+02 1.1769045e-23
6.3767815e+02 1.1822934e-23
6.3914864e+02 1.1877020e-23
6.4062252e+02 1.1931305e-23
6.4209980e+02 1.1985788e-23
6.4358049e+02 1.2040470e-23
6.4506459e+02 1.2095351e-23
6.4655211e+02 1.2150432e-23
6.4804307e+02 1.2205712e-23
6.4953746e+02 1.2261192e-23
6.5103530e+02 1.2316873e-23
6.5253659e+02 1.2372754e-23
6.5404134e+02 1.2428836e-23
6.5554957e+02 1.2485119e-23
6.5706127e+02 1.2541603e-23
6.5857646e+02 1.2598290e-23
6.6009514e+02 1.2655178e-23
6.6161732e+02 1.2712269e-23
6.6314302e+02 1.2769562e-23
6.6467223e+02 1.2827059e-23
6.6620497e+02 1.2884759e-23
6.6774125e+02 1.2942662e-23
6.6928106e+02 1.3000769e-23
6.7082443e+02 1.3059080e-23
6.7237136e+02 1.3117596e-23
6.7392185e+02 1.3176317e-23
6.7547592e+02 1.3235243e-23
6.7703357e+02 1.3294374e-23
6.7859481e+02 1.3353711e-23
6.8015966e+02 1.3413254e-23
6.8172811e+02 1.3473003e-23
6.8330018e+02 1.3532958e-23
6.8487588e+02 1.3593121e-23
6.8645521e+02 1.3653491e-23
6.8803818e+02 1.3714069e-23
6.8962480e+02 1.3774854e-23
6.9121508e+02 1.3835848e-23
6.9280903e+02 1.3897049e-23
6.9440665e+02 1.3958460e-23
6.9600796e+02 1.4020080e-23
6.9761296e+02 1.4081909e-23
6.9922166e+02 1.4143948e-23
7.0083407e+02 1.4206197e-23
7.0245020e+02 1.4268656e-23
7.0407005e+02 1.4331326e-23
7.0569364e+02 1.4394207e-23
7.0732098e+02 1.4457299e-23
7.0895207e+02 1.4520603e-23
7.1058691e+02 1.4584118e-23
7.1222553e+02 1.4647846e-23
7.1386793e+02 1.4711786e-23
7.1551412e+02 1.4775939e-23
7.1716410e+02 1.4840306e-23
7.1881788e+02 1.4904885e-23
7.2047548e+02 1.4969678e-23
7.2213690e+02 1.5034686e-23
7.2380216e+02 1.5099908e-23
7.2547125e+02 1.5165344e-23
7.2714419e+02 1.5230995e-23
7.2882099e+02 1.5296862e-23
7.3050166e+02 1.5362945e-23
7.3218620e+02 1.5429243e-23
7.3387463e+02 1.5495758e-23
7.3556695e+02 1.5562489e-23
7.3726317e+02 1.5629437e-23
7.3896331e+02 1.5696602e-23
7.4066736e+02 1.5763985e-23
7.4237535e+02 1.5831585e-23
7.4408727e+02 1.5899404e-23
7.4580314e+02 1.5967441e-23
7.4752297e+02 1.6035697e-23
7.4924676e+02 1.6104172e-23
7.5097453e+02 1.6172866e-23
7.5270628e+02 1.6241781e-23
7.5444203e+02 1.6310915e-23
7.5618178e+02 1.6380269e-23
7.5792554e+02 1.6449844e-23
7.5967332e+02 1.6519641e-23
7.6142514e+02 1.6589658e-23
7.6318099e+02 1.6659897e-23
7.6494089e+02 1.6730358e-23
7.6670485e+02 1.6801041e-23
7.6847288e+02 1.6871947e-23
7.7024498e+02 1.6943076e-23
7.7202117e+02 1.7014428e-23
7.7380146e+02 1.7086003e-23
7.7558585e+02 1.7157802e-23
7.7737436e+02 1.7229825e-23
7.7916699e+02 1.7302073e-23
7.8096375e+02 1.7374546e-23
7.8276466e+02 1.7447243e-23
7.8456972e+02 1.7520166e-23
7.8637895e+02 1.7593315e-23
7.8819234e+02 1.7666690e-23
7.9000992e+02 1.7740291e-23
7.9183169e+02 1.7814119e-23
7.9365766e+02 1.7888174e-23
7.9548784e+02 1.7962456e-23
7.9732224e+02 1.8036965e-23
7.9916087e+02 1.8111703e-23
8.0100374e+02 1.8186669e-23
8.0285086e+02 1.8261864e-23
8.0470224e+02 1.8337287e-23
8.0655789e+02 1.8412940e-23
8.0841782e+02 1.8488822e-23
8.1028204e+02 1.8564934e-23
8.1215056e+02 1.8641276e-23
8.1402338e+02 1.8717849e-23
8.1590052e+02 1.8794652e-23
8.1778200e+02 1.8871687e-23
8.1966781e+02 1.8948953e-23
8.2155797e+02 1.9026451e-23
8.2345249e+02 1.9104181e-23
8.2535138e+02 1.9182144e-23
8.2725464e+02 1.9260339e-23
8.2916230e+02 1.9338768e-23
8.3107435e+02 1.9417430e-23
8.3299082e+02 1.9496326e-23
8.3491170e+02 1.9575456e-23
8.3683701e+02 1.9654822e-23
8.3876676e+02 1.9734422e-23
8.4070097e+02 1.9814259e-23
8.4263963e+02 1.9894332e-23
8.4458276e+02 1.9974644e-23
8.4653038e+02 2.0055196e-23
8.4848248e+02 2.0135993e-23
8.5043909e+02 2.0217043e-23
8.5240021e+02 2.0298370e-23
8.5436585e+02 2.0380060e-23
8.5633603e+02 2.0462665e-23
8.5831074e+02 2.0577745e-23
8.6029001e+02 2.0628770e-23
8.6227385e+02 2.0708572e-23
8.6426226e+02 2.0790891e-23
8.6625525e+02 2.0873694e-23
8.6825285e+02 2.0956799e-23
8.7025504e+02 2.1040167e-23
8.7226186e+02 2.1123786e-23
8.7427330e+02 2.1207650e-23
8.7628938e+02 2.1291758e-23
8.7831011e+02 2.1376109e-23
8.8033550e+02 2.1460702e-23
8.8236556e+02 2.1545538e-23
8.8440030e+02 2.1630616e-23
8.8643974e+02 2.1715937e-23
8.8848387e+02 2.1801500e-23
8.9053272e+02 2.1887307e-23
8.9258630e+02 2.1973356e-23
8.9464461e+02 2.2059650e-23
8.9670767e+02 2.2146187e-23
8.9877548e+02 2.2232968e-23
9.0084807e+02 2.2319994e-23
9.0292543e+02 2.2407265e-23
9.0500758e+02 2.2494780e-23
9.0709454e+02 2.2582542e-23
9.0918630e+02 2.2670548e-23
9.1128289e+02 2.2758801e-23
9.1338432e+02 2.2847300e-23
9.1549059e+02 2.2936046e-23
9.1760172e+02 2.3025039e-23
9.1971771e+02 2.3114279e-23
9.2183859e+02 2.3203766e-23
9.2396436e+02 2.3293502e-23
9.2609503e+02 2.3383486e-23
9.2823061e+02 2.3473718e-23
9.3037112e+02 2.3564199e-23
9.3251656e+02 2.3654929e-23
9.3466695e+02 2.3745909e-23
9.3682230e+02 2.3837139e-23
9.3898262e+02 2.3928619e-23
9.4114792e+02 2.4020349e-23
9.4331821e+02 2.4112330e-23
9.4549351e+02 2.4204562e-23
9.4767383e+02 2.4297045e-23
9.4985917e+02 2.4389781e-23
9.5204955e+02 2.4482768e-23
9.5424499e+02 2.4576008e-23
9.5644548e+02 2.4669500e-23
9.5865105e+02 2.4763245e-23
9.6086171e+02 2.4857244e-23
9.6307746e+02 2.4951496e-23
9.6529833e+02 2.5046003e-23
9.6752431e+02 2.5140763e-23
9.6975543e+02 2.5235779e-23
9.7199169e+02 2.5331049e-23
9.7423312e+02 2.5426574e-23
9.7647970e+02 2.5522355e-23
9.7873147e+02 2.5618392e-23
9.8098844e+02 2.5714685e-23
9.8325060e+02 2.5811235e-23
9.8551799e+02 2.5908042e-23
9.8779060e+02 2.6005105e-23
9.9006845e+02 2.6102427e-23
9.9235156e+02 2.6200006e-23
9.9463993e+02 2.6297843e-23
9.9693357e+02 2.6395939e-23
9.9923251e+02 2.6494294e-23
1.0015367e+03 2.6592908e-23
1.0038463e+03 2.6691781e-23
1.0061612e+03 2.6790914e-23
1.0084814e+03 2.6890307e-23
1.0108070e+03 2.6989961e-23
1.0131379e+03 2.7089875e-23
1.0154742e+03 2.7190051e-23
1.0178159e+03 2.7290488e-23
1.0201630e+03 2.7391186e-23
1.0225155e+03 2.7492147e-23
1.0248734e+03 2.7593371e-23
1.0272368e+03 2.7694857e-23
1.0296056e+03 2.7796606e-23
1.0319799e+03 2.7898618e-23
1.0343596e+03 2.8000894e-23
1.0367449e+03 2.8103435e-23
1.0391356e+03 2.8206239e-23
1.0415319e+03 2.8309309e-23
1.0439336e+03 2.8412643e-23
1.0463410e+03 2.8516243e-23
1.0487538e+03 2.8620109e-23
1.0511723e+03 2.8724241e-23
1.0535963e+03 2.8828639e-23
1.0560259e+03 2.8933303e-23
1.0584611e+03 2.9038235e-23
1.0609019e+03 2.9143435e-23
1.0633483e+03 2.9248902e-23
1.0658004e+03 2.9354637e-23
1.0682582e+03 2.9460640e-23
1.0707216e+03 2.9566913e-23
1.0731907e+03 2.9673454e-23
1.0756655e+03 2.9780265e-23
1.0781460e+03 2.9887345e-23
1.0806322e+03 2.9994696e-23
1.0831241e+03 3.0102317e-23
1.0856218e+03 3.0210209e-23
1.0881253e+03 3.0318372e-23
1.0906345e+03 3.0426806e-23
1.0931495e+03 3.0535513e-23
1.0956703e+03 3.0644491e-23
1.0981969e+03 3.0753742e-23
1.1007294e+03 3.0863266e-23
1.1032677e+03 3.0973063e-23
1.1058118e+03 3.1083133e-23
1.1083618e+03 3.1193478e-23
1.1109177e+03 3.1304097e-23
1.1134795e+03 3.1414990e-23
1.1160472e+03 3.1526158e-23
1.1186208e+03 3.1637601e-23
1.1212004e+03 3.1749320e-23
1.1237859e+03 3.1861315e-23
1.1263773e+03 3.1973587e-23
1.1289747e+03 3.2086135e-23
1.1315782e+03 3.2198960e-23
1.1341876e+03 3.2312062e-23
1.1368030e+03 3.2425443e-23
1.1394245e+03 3.2539101e-23
1.1420520e+03 3.2653038e-23
1.1446856e+03 3.2767253e-23
1.1473253e+03 3.2881748e-23
1.1499710e+03 3.2996522e-23
1.1526229e+03 3.3111576e-23
1.1552808e+03 3.3226911e-23
1.1579449e+03 3.3342526e-23
1.1606151e+03 3.3458422e-23
1.1632915e+03 3.3574599e-23
1.1659741e+03 3.3691058e-23
1.1686628e+03 3.3807799e-23
1.1713578e+03 3.3924823e-23
1.1740589e+03 3.4042129e-23
1.1767663e+03 3.4159718e-23
1.1794800e+03 3.4277591e-23
1.1821998e+03 3.4395748e-23
1.1849260e+03 3.4514190e-23
1.1876585e+03 3.4632915e-23
1.1903972e+03 3.4751926e-23
1.1931423e+03 3.4871223e-23
1.1958937e+03 3.4990805e-23
1.1986514e+03 3.5110673e-23
1.2014155e+03 3.5230828e-23
1.2041860e+03 3.5351269e-23
1.2069628e+03 3.5471998e-23
1.2097461e+03 3.5593015e-23
1.2125358e+03 3.5714320e-23
1.2153319e+03 3.5835914e-23
1.2181345e+03 3.5957797e-23
1.2209435e+03 3.6079969e-23
1.2237590e+03 3.6202432e-23
1.2265810e+03 3.6325187e-23
1.2294095e+03 3.6448236e-23
1.2322445e+03 3.6571585e-23
1.2350861e+03 3.6695257e-23
1.2379342e+03 3.6819416e-23
1.2407889e+03 3.7024147e-23
1.2436502e+03 3.7068209e-23
1.2465180e+03 3.7192671e-23
1.2493925e+03 3.7317698e-23
1.2522736e+03 3.7443056e-23
1.2551614e+03 3.7568719e-23
1.2580558e+03 3.7694680e-23
1.2609569e+03 3.7820937e-23
1.2638646e+03 3.7947490e-23
1.2667791e+03 3.8074339e-23
1.2697003e+03 3.8201485e-23
1.2726283e+03 3.8328927e-23
1.2755630e+03 3.8456665e-23
1.2785044e+03 3.8584701e-23
1.2814527e+03 3.8713035e-23
1.2844077e+03 3.8841666e-23
1.2873696e+03 3.8970596e-23
1.2903382e+03 3.9099824e-23
1.2933138e+03 3.9229352e-23
1.2962962e+03 3.9359179e-23
1.2992854e+03 3.9489307e-23
1.3022816e+03 3.9619734e-23
1.3052847e+03 3.9750463e-23
1.3082947e+03 3.9881492e-23
1.3113116e+03 4.0012824e-23
1.3143355e+03 4.0144457e-23
1.3173664e+03 4.0276393e-23
1.3204042e+03 4.0408632e-23
1.3234491e+03 4.0541174e-23
1.3265010e+03 4.0674020e-23
1.3295599e+03 4.0807170e-23
1.3326259e+03 4.0940624e-23
1.3356989e+03 4.1074384e-23
1.3387790e+03 4.1208450e-23
1.3418663e+03 4.1342821e-23
1.3449606e+03 4.1477498e-23
1.3480621e+03 4.1612483e-23
1.3511708e+03 4.1747775e-23
1.3542866e+03 4.1883374e-23
1.3574096e+03 4.2019282e-23
1.3605398e+03 4.2155498e-23
1.3636772e+03 4.2292023e-23
1.3668218e+03 4.2428858e-23
1.3699737e+03 4.2566002e-23
1.3731329e+03 4.2703457e-23
1.3762993e+03 4.2841223e-23
1.3794731e+03 4.2979300e-23
1.3826542e+03 4.3117689e-23
1.3858426e+03 4.3256390e-23
1.3890384e+03 4.3395404e-23
1.3922415e+03 4.3534731e-23
1.3954520e+03 4.3674371e-23
1.3986699e+03 4.3814326e-23
1.4018953e+03 4.3954595e-23
1.4051281e+03 4.4095179e-23
1.4083683e+03 4.4236079e-23
1.4116160e+03 4.4377294e-23
1.4148712e+03 4.4518826e-23
1.4181339e+03 4.4660675e-23
1.4214041e+03 4.4802841e-23
1.4246819e+03 4.4945325e-23
1.4279672e+03 4.5088127e-23
1.4312601e+03 4.5231248e-23
1.4345606e+03 4.5374689e-23
1.4378687e+03 4.5518449e-23
1.4411845e+03 4.5662529e-23
1.4445079e+03 4.5806931e-23
1.4478389e+03 4.5951653e-23
1.4511776e+03 4.6096697e-23
1.4545241e+03 4.6242064e-23
1.4578782e+03 4.6387753e-23
1.4612401e+03 4.6533765e-23
1.4646097e+03 4.6680102e-23
1.4679871e+03 4.6826762e-23
1.4713723e+03 4.6973747e-23
1.4747653e+03 4.7121057e-23
1.4781661e+03 4.7268693e-23
1.4815748e+03 4.7416656e-23
1.4849913e+03 4.7564945e-23
1.4884157e+03 4.7713561e-23
1.4918480e+03 4.7862506e-23
1.4952882e+03 4.8011778e-23
1.4987364e+03 4.8161380e-23
1.5021925e+03 4.8311310e-23
1.5056565e+03 4.8461571e-23
1.5091286e+03 4.8612162e-23
1.5126086e+03 4.8763084e-23
1.5160967e+03 4.8914338e-23
1.5195929e+03 4.9065923e-23
1.5230970e+03 4.9217841e-23
1.5266093e+03 4.9370093e-23
1.5301297e+03 4.9522677e-23
1.5336582e+03 4.9675596e-23
1.5371948e+03 4.9828850e-23
1.5407396e+03 4.9982439e-23
1.5442926e+03 5.0136364e-23
1.5478537e+03 5.0290625e-23
1.5514231e+03 5.0445224e-23
1.5550007e+03 5.0600160e-23
1.5585865e+03 5.0755435e-23
1.5621806e+03 5.0911050e-23
1.5657830e+03 5.1067009e-23
1.5693937e+03 5.1223323e-23
1.5730128e+03 5.1380102e-23
1.5766401e+03 5.1543438e-23
1.5802759e+03 5.1694300e-23
1.5839200e+03 5.1851881e-23
1.5875725e+03 5.2009863e-23
1.5912335e+03 5.2168197e-23
1.5949029e+03 5.2326878e-23
1.5985807e+03 5.2485905e-23
1.6022671e+03 5.2645277e-23
1.6059619e+03 5.2804995e-23
1.6096653e+03 5.2965059e-23
1.6133772e+03 5.3125470e-23
1.6170976e+03 5.3286228e-23
1.6208267e+03 5.3447334e-23
1.6245643e+03 5.3608788e-23
1.6283106e+03 5.3770591e-23
1.6320655e+03 5.3932743e-23
1.6358290e+03 5.4095246e-23
1.6396013e+03 5.4258100e-23
1.6433822e+03 5.4421305e-23
1.6471719e+03 5.4584861e-23
1.6509702e+03 5.4748771e-23
1.6547774e+03 5.4913033e-23
1.6585933e+03 5.5077650e-23
1.6624181e+03 5.5242621e-23
1.6662516e+03 5.5407946e-23
1.6700940e+03 5.5573628e-23
1.6739452e+03 5.5739665e-23
1.6778054e+03 5.5906060e-23
1.6816744e+03 5.6072812e-23
1.6855524e+03 5.6239923e-23
1.6894393e+03 5.6407392e-23
1.6933351e+03 5.6575220e-23
1.6972400e+03 5.6743409e-23
1.7011538e+03 5.6911958e-23
1.7050767e+03 5.7080869e-23
1.7090086e+03 5.7250141e-23
1.7129496e+03 5.7419777e-23
1.7168997e+03 5.7589775e-23
1.7208588e+03 5.7760138e-23
1.7248272e+03 5.7930865e-23
1.7288046e+03 5.8101957e-23
1.7327913e+03 5.8273415e-23
1.7367871e+03 5.8445240e-23
1.7407921e+03 5.8617432e-23
1.7448064e+03 5.8789992e-23
1.7488300e+03 5.8962921e-23
1.7528628e+03 5.9136219e-23
1.7569049e+03 5.9309886e-23
1.7609563e+03 5.9483925e-23
1.7650171e+03 5.9658335e-23
1.7690872e+03 5.9833116e-23
1.7731668e+03 6.0008270e-23
1.7772557e+03 6.0183798e-23
1.7813541e+03 6.0359700e-23
1.7854619e+03 6.0535976e-23
1.7895792e+03 6.0712628e-23
1.7937060e+03 6.0889656e-23
1.7978423e+03 6.1067061e-23
1.8019881e+03 6.1244843e-23
1.8061435e+03 6.1423004e-23
1.8103085e+03 6.1601543e-23
1.8144831e+03 6.1780462e-23
1.8186673e+03 6.1959762e-23
1.8228611e+03 6.2139442e-23
1.8270647e+03 6.2319505e-23
1.8312779e+03 6.2499950e-23
1.8355008e+03 6.2680778e-23
1.8397335e+03 6.2861990e-23
1.8439759e+03 6.3043587e-23
1.8482282e+03 6.3225569e-23
1.8524902e+03 6.3407937e-23
1.8567621e+03 6.3590693e-23
1.8610438e+03 6.3773836e-23
1.8653353e+03 6.3957367e-23
1.8696368e+03 6.4141288e-23
1.8739482e+03 6.4325599e-23
1.8782696e+03 6.4510300e-23
1.8826009e+03 6.4695394e-23
1.8869422e+03 6.4880881e-23
1.8912935e+03 6.5066767e-23
1.8956548e+03 6.5253123e-23
1.9000262e+03 6.5439986e-23
1.9044077e+03 6.5626771e-23
1.9087992e+03 6.5814213e-23
1.9132009e+03 6.6002063e-23
1.9176128e+03 6.6190313e-23
1.9220348e+03 6.6378961e-23
1.9264671e+03 6.6568009e-23
1.9309095e+03 6.6757457e-23
1.9353622e+03 6.6947305e-23
1.9398252e+03 6.7137555e-23
1.9442984e+03 6.7328208e-23
1.9487820e+03 6.7519263e-23
1.9532759e+03 6.7710722e-23
1.9577802e+03 6.7902586e-23
1.9622948e+03 6.8094855e-23
1.9668199e+03 6.8287530e-23
1.9713554e+03 6.8480613e-23
1.9759013e+03 6.8674103e-23
1.9804578e+03 6.8868002e-23
1.9850247e+03 6.9062311e-23
1.9896022e+03 6.9257029e-23
1.9941903e+03 6.9452159e-23
1.9987889e+03 6.9647701e-23
2.0033981e+03 6.9843656e-23
2.0080179e+03 7.0040024e-23
2.0126484e+03 7.0236806e-23
2.0172896e+03 7.0434004e-23
2.0219415e+03 7.0631618e-23
2.0266041e+03 7.0829649e-23
2.0312775e+03 7.1028098e-23
2.0359616e+03 7.1226965e-23
2.0406566e+03 7.1426252e-23
2.0453623e+03 7.1625959e-23
2.0500790e+03 7.1826088e-23
2.0548065e+03 7.2026638e-23
2.0595449e+03 7.2227612e-23
2.0642942e+03 7.2429009e-23
2.0690545e+03 7.2630831e-23
2.0738257e+03 7.2833079e-23
2.0786080e+03 7.3035752e-23
2.0834013e+03 7.3238854e-23
2.0882056e+03 7.3442383e-23
2.0930210e+03 7.3646341e-23
2.0978475e+03 7.3850730e-23
2.1026852e+03 7.4055549e-23
2.1075340e+03 7.4260800e-23
2.1123940e+03 7.4466484e-23
2.1172652e+03 7.4672601e-23
2.1221476e+03 7.4879152e-23
2.1270413e+03 7.5086139e-23
2.1319463e+03 7.5293562e-23
2.1368626e+03 7.5501423e-23
2.1417902e+03 7.5709721e-23
2.1467292e+03 7.5918458e-23
2.1516796e+03 7.6127636e-23
2.1566413e+03 7.6337254e-23
2.1616146e+03 7.6547313e-23
2.1665993e+03 7.6757816e-23
2.1715955e+03 7.6968762e-23
2.1766032e+03 7.7180152e-23
2.1816224e+03 7.7391989e-23
2.1866533e+03 7.7604271e-23
2.1916957e+03 7.7817001e-23
2.1967498e+03 7.8030179e-23
2.2018155e+03 7.8243807e-23
2.2068929e+03 7.8457884e-23
2.2119820e+03 7.8672413e-23
2.2170829e+03 7.8887394e-23
2.2221955e+03 7.9102828e-23
2.2273199e+03 7.9318716e-23
2.2324561e+03 7.9535060e-23
2.2376042e+03 7.9751859e-23
2.2427641e+03 7.9969116e-23
2.2479359e+03 8.0186831e-23
2.2531197e+03 8.0405013e-23
2.2583154e+03 8.0623872e-23
2.2635231e+03 8.0842734e-23
2.2687428e+03 8.1062286e-23
2.2739745e+03 8.1282304e-23
2.2792183e+03 8.1502786e-23
2.2844742e+03 8.1723733e-23
2.2897422e+03 8.1945146e-23
2.2950224e+03 8.2167026e-23
2.3003147e+03 8.2389374e-23
2.3056193e+03 8.2612191e-23
2.3109361e+03 8.2835478e-23
2.3162651e+03 8.3059236e-23
2.3216064e+03 8.3283466e-23
2.3269601e+03 8.3508169e-23
2.3323261e+03 8.3733345e-23
2.3377044e+03 8.3958997e-23
2.3430952e+03 8.4185125e-23
2.3484984e+03 8.4411730e-23
2.3539140e+03 8.4638814e-23
2.3593422e+03 8.4866376e-23
2.3647828e+03 8.5094419e-23
2.3702360e+03 8.5322943e-23
2.3757018e+03 8.5551949e-23
2.3811802e+03 8.5781439e-23
2.3866712e+03 8.6011413e-23
2.3921749e+03 8.6241873e-23
2.3976913e+03 8.6472820e-23
2.4032204e+03 8.6704254e-23
2.4087622e+03 8.6936177e-23
2.4143168e+03 8.7168589e-23
2.4198843e+03 8.7401493e-23
2.4254646e+03 8.7634889e-23
2.4310577e+03 8.7868777e-23
2.4366637e+03 8.8103160e-23
2.4422827e+03 8.8338038e-23
2.4479146e+03 8.8573413e-23
2.4535595e+03 8.8809285e-23
2.4592175e+03 8.9045655e-23
2.4648884e+03 8.9282525e-23
2.4705725e+03 8.9519896e-23
2.4762696e+03 8.9757769e-23
2.4819799e+03 8.9996145e-23
2.4877034e+03 9.0235024e-23
2.4934401e+03 9.0474410e-23
2.4991900e+03 9.0714301e-23
2.5049531e+03 9.0954700e-23
2.5107295e+03 9.1195608e-23
2.5165193e+03 9.1437025e-23
2.5223224e+03 9.1678953e-23
2.5281389e+03 9.1921394e-23
2.5339688e+03 9.2164347e-23
2.5398122e+03 9.2407815e-23
2.5456690e+03 9.2651799e-23
2.5515393e+03 9.2896299e-23
2.5574232e+03 9.3141316e-23
2.5633206e+03 9.3386853e-23
2.5692317e+03 9.3632910e-23
2.5751563e+03 9.3879488e-23
2.5810947e+03 9.4126589e-23
2.5870467e+03 9.4374213e-23
2.5930124e+03 9.4622363e-23
2.5989920e+03 9.4871038e-23
2.6049852e+03 9.5120240e-23
2.6109924e+03 9.5369971e-23
2.6170133e+03 9.5620231e-23
2.6230482e+03 9.5871023e-23
2.6290970e+03 9.6122346e-23
2.6351597e+03 9.6374202e-23
2.6412364e+03 9.6626593e-23
2.6473271e+03 9.6879519e-23
2.6534318e+03 9.7132983e-23
2.6595507e+03 9.7386988e-23
2.6656836e+03 9.7641533e-23
2.6718307e+03 9.7896605e-23
2.6779920e+03 9.8152227e-23
2.6841674e+03 9.8408393e-23
2.6903571e+03 9.8665102e-23
2.6965611e+03 9.8922357e-23
2.7027794e+03 9.9180159e-23
2.7090121e+03 9.9438509e-23
2.7152591e+03 9.9697407e-23
2.7215205e+03 9.9956857e-23
2.7277963e+03 1.0021686e-22
2.7340866e+03 1.0047741e-22
2.7403915e+03 1.0073852e-22
2.7467108e+03 1.0100018e-22
2.7530448e+03 1.0126240e-22
2.7593933e+03 1.0152518e-22
2.7657565e+03 1.0178852e-22
2.7721343e+03 1.0205242e-22
2.7785269e+03 1.0231687e-22
2.7849342e+03 1.0258190e-22
2.7913563e+03 1.0284748e-22
2.7977932e+03 1.0311364e-22
2.8042449e+03 1.0338036e-22
2.8107115e+03 1.0364764e-22
2.8171930e+03 1.0391550e-22
2.8236895e+03 1.0418393e-22
2.8302010e+03 1.0445293e-22
2.8367274e+03 1.0472251e-22
2.8432689e+03 1.0499266e-22
2.8498255e+03 1.0526338e-22
2.8563972e+03 1.0553469e-22
2.8629841e+03 1.0580657e-22
2.8695862e+03 1.0607903e-22
2.8762035e+03 1.0635208e-22
2.8828360e+03 1.0662570e-22
2.8894839e+03 1.0689991e-22
2.8961470e+03 1.0717471e-22
2.9028256e+03 1.0745009e-22
2.9095195e+03 1.0772607e-22
2.9162289e+03 1.0800263e-22
2.9229537e+03 1.0827978e-22
2.9296941e+03 1.0855752e-22
2.9364500e+03 1.0883586e-22
2.9432215e+03 1.0911480e-22
2.9500085e+03 1.0939432e-22
2.9568113e+03 1.0967445e-22
2.9636297e+03 1.0995518e-22
2.9704639e+03 1.1023651e-22
2.9773138e+03 1.1051844e-22
2.9841795e+03 1.1080097e-22
2.9910610e+03 1.1108411e-22
2.9979584e+03 1.1136785e-22
3.0048718e+03 1.1165221e-22
3.0118010e+03 1.1193717e-22
3.0187463e+03 1.1222274e-22
3.0257075e+03 1.1250893e-22
3.0326848e+03 1.1279573e-22
3.0396782e+03 1.1308314e-22
3.0466877e+03 1.1337117e-22
3.0537134e+03 1.1365982e-22
3.0607553e+03 1.1394909e-22
3.0678134e+03 1.1423897e-22
3.0748878e+03 1.1452948e-22
3.0819785e+03 1.1482061e-22
3.0890856e+03 1.1511237e-22
3.0962091e+03 1.1540478e-22
3.1033489e+03 1.1569776e-22
3.1105053e+03 1.1599140e-22
3.1176781e+03 1.1628567e-22
3.1248675e+03 1.1658057e-22
3.1320735e+03 1.1687611e-22
3.1392961e+03 1.1717228e-22
3.1465353e+03 1.1746909e-22
3.1537913e+03 1.1776653e-22
3.1610639e+03 1.1806462e-22
3.1683534e+03 1.1836334e-22
3.1756596e+03 1.1866271e-22
3.1829827e+03 1.1896273e-22
3.1903227e+03 1.1926338e-22
3.1976796e+03 1.1956469e-22
3.2050535e+03 1.1986664e-22
3.2124443e+03 1.2016924e-22
3.2198523e+03 1.2047250e-22
3.2272773e+03 1.2077641e-22
3.2347194e+03 1.2108097e-22
3.2421787e+03 1.2138619e-22
3.2496552e+03 1.2169207e-22
3.2571489e+03 1.2199860e-22
3.2646599e+03 1.2230580e-22
3.2721882e+03 1.2261366e-22
3.2797339e+03 1.2292218e-22
3.2872970e+03 1.2323137e-22
3.2948776e+03 1.2354122e-22
3.3024756e+03 1.2385174e-22
3.3100911e+03 1.2416294e-22
3.3177242e+03 1.2447480e-22
3.3253749e+03 1.2478734e-22
3.3330432e+03 1.2510056e-22
3.3407293e+03 1.2541445e-22
3.3484330e+03 1.2572901e-22
3.3561545e+03 1.2604426e-22
3.3638938e+03 1.2636019e-22
3.3716510e+03 1.2667680e-22
3.3794261e+03 1.2699410e-22
3.3872190e+03 1.2731208e-22
3.3950300e+03 1.2763075e-22
3.4028590e+03 1.2795011e-22
3.4107060e+03 1.2827016e-22
3.4185711e+03 1.2859090e-22
3.4264543e+03 1.2891234e-22
3.4343558e+03 1.2923447e-22
3.4422754e+03 1.2955730e-22
3.4502133e+03 1.2988083e-22
3.4581695e+03 1.3020506e-22
3.4661441e+03 1.3052999e-22
3.4741371e+03 1.3085562e-22
3.4821485e+03 1.3118196e-22
3.4901783e+03 1.3150901e-22
3.4982267e+03 1.3183677e-22
3.5062936e+03 1.3216524e-22
3.5143792e+03 1.3249442e-22
3.5224834e+03 1.3282431e-22
3.5306062e+03 1.3315492e-22
3.5387478e+03 1.3348625e-22
3.5469082e+03 1.3381830e-22
3.5550874e+03 1.3415106e-22
3.5632855e+03 1.3448455e-22
3.5715024e+03 1.3481877e-22
3.5797383e+03 1.3515371e-22
3.5879932e+03 1.3548938e-22
3.5962672e+03 1.3582577e-22
3.6045602e+03 1.3616290e-22
3.6128724e+03 1.3650076e-22
3.6212037e+03 1.3683935e-22
3.6295542e+03 1.3717869e-22
3.6379240e+03 1.3751875e-22
3.6463130e+03 1.3785956e-22
3.6547215e+03 1.3820111e-22
3.6631493e+03 1.3854341e-22
3.6715965e+03 1.3888644e-22
3.6800633e+03 1.3923023e-22
3.6885495e+03 1.3957476e-22
3.6970553e+03 1.3992005e-22
3.7055808e+03 1.4026608e-22
3.7141259e+03 1.4061287e-22
3.7226907e+03 1.4096042e-22
3.7312752e+03 1.4130872e-22
3.7398796e+03 1.4165778e-22
3.7485038e+03 1.4200761e-22
3.7571479e+03 1.4235820e-22
3.7658119e+03 1.4270955e-22
3.7744959e+03 1.4306167e-22
3.7831999e+03 1.4341456e-22
3.7919240e+03 1.4376822e-22
3.8006682e+03 1.4412264e-22
3.8094325e+03 1.4447785e-22
3.8182171e+03 1.4483383e-22
3.8270220e+03 1.4519058e-22
3.8358471e+03 1.4554812e-22
3.8446926e+03 1.4590643e-22
3.8535585e+03 1.4626553e-22
3.8624448e+03 1.4662541e-22
3.8713516e+03 1.4698608e-22
3.8802790e+03 1.4734754e-22
3.8892270e+03 1.4770979e-22
3.8981955e+03 1.4807283e-22
3.9071848e+03 1.4843666e-22
3.9161948e+03 1.4880129e-22
3.9252256e+03 1.4916672e-22
3.9342772e+03 1.4953295e-22
3.9433497e+03 1.4989998e-22
3.9524431e+03 1.5026781e-22
3.9615574e+03 1.5063645e-22
3.9706928e+03 1.5100589e-22
3.9798493e+03 1.5137623e-22
3.9890268e+03 1.5174721e-22
3.9982255e+03 1.5211909e-22
4.0074455e+03 1.5249178e-22
4.0166867e+03 1.5286529e-22
4.0259492e+03 1.5323962e-22
4.0352331e+03 1.5361477e-22
4.0445383e+03 1.5399074e-22
4.0538651e+03 1.5436753e-22
4.0632133e+03 1.5474516e-22
4.0725831e+03 1.5512361e-22
4.0819745e+03 1.5550289e-22
4.0913876e+03 1.5588300e-22
4.1008224e+03 1.5626395e-22
4.1102789e+03 1.5664573e-22
4.1197572e+03 1.5702836e-22
4.1292574e+03 1.5741182e-22
4.1387795e+03 1.5779612e-22
4.1483236e+03 1.5818127e-22
4.1578896e+03 1.5856727e-22
4.1674778e+03 1.5895411e-22
4.1770880e+03 1.5934181e-22
4.1867204e+03 1.5973035e-22
4.1963750e+03 1.6011975e-22
4.2060519e+03 1.6051001e-22
4.2157511e+03 1.6090113e-22
4.2254726e+03 1.6129310e-22
4.2352166e+03 1.6168594e-22
4.2449830e+03 1.6207964e-22
4.2547720e+03 1.6247421e-22
4.2645835e+03 1.6286965e-22
4.2744177e+03 1.6326596e-22
4.2842745e+03 1.6366314e-22
4.2941541e+03 1.6406120e-22
4.3040565e+03 1.6446013e-22
4.3139816e+03 1.6485994e-22
4.3239297e+03 1.6526063e-22
4.3339007e+03 1.6566221e-22
4.3438947e+03 1.6606467e-22
4.3539118e+03 1.6646802e-22
4.3639519e+03 1.6687225e-22
4.3740153e+03 1.6727738e-22
4.3841018e+03 1.6768341e-22
4.3942115e+03 1.6809033e-22
4.4043446e+03 1.6849814e-22
4.4145011e+03 1.6890686e-22
4.4246810e+03 1.6931647e-22
4.4348843e+03 1.6972700e-22
4.4451112e+03 1.7013842e-22
4.4553616e+03 1.7055076e-22
4.4656357e+03 1.7096401e-22
4.4759335e+03 1.7137817e-22
4.4862551e+03 1.7179324e-22
4.4966004e+03 1.7220924e-22
4.5069696e+03 1.7262615e-22
4.5173627e+03 1.7304398e-22
4.5277798e+03 1.7346274e-22
4.5382209e+03 1.7388242e-22
4.5486860e+03 1.7430303e-22
4.5591753e+03 1.7472457e-22
4.5696888e+03 1.7514705e-22
4.5802266e+03 1.7557045e-22
4.5907886e+03 1.7599480e-22
4.6013750e+03 1.7642008e-22
4.6119858e+03 1.7684631e-22
4.6226211e+03 1.7727348e-22
4.6332809e+03 1.7770159e-22
4.6439653e+03 1.7813065e-22
4.6546743e+03 1.7856067e-22
4.6654080e+03 1.7899163e-22
4.6761665e+03 1.7942355e-22
4.6869497e+03 1.7985643e-22
4.6977579e+03 1.8029026e-22
4.7085910e+03 1.8072506e-22
4.7194490e+03 1.8116082e-22
4.7303321e+03 1.8159755e-22
4.7412403e+03 1.8203524e-22
4.7521736e+03 1.8247391e-22
4.7631321e+03 1.8291355e-22
4.7741160e+03 1.8335416e-22
4.7851251e+03 1.8379576e-22
4.7961597e+03 1.8423833e-22
4.8072196e+03 1.8468188e-22
4.8183051e+03 1.8512642e-22
4.8294162e+03 1.8557194e-22
4.8405528e+03 1.8601846e-22
4.8517152e+03 1.8646596e-22
4.8629033e+03 1.8691446e-22
4.8741172e+03 1.8736396e-22
4.8853569e+03 1.8781446e-22
4.8966226e+03 1.8826595e-22
4.9079142e+03 1.8871845e-22
4.9192319e+03 1.8917195e-22
4.9305757e+03 1.8962647e-22
4.9419457e+03 1.9008199e-22
4.9533418e+03 1.9053852e-22
4.9647643e+03 1.9099607e-22
4.9762131e+03 1.9145464e-22
4.9876882e+03 1.9191423e-22
4.9991899e+03 1.9237484e-22
5.0107181e+03 1.9283648e-22
5.0222728e+03 1.9329914e-22
5.0338542e+03 1.9376283e-22
5.0454623e+03 1.9422756e-22
5.0570972e+03 1.9469332e-22
5.0687589e+03 1.9516011e-22
5.0804475e+03 1.9562795e-22
5.0921630e+03 1.9609683e-22
5.1039056e+03 1.9656675e-22
5.1156753e+03 1.9703772e-22
5.1274720e+03 1.9750973e-22
5.1392960e+03 1.9798280e-22
5.1511473e+03 1.9845693e-22
5.1630259e+03 1.9893211e-22
5.1749319e+03 1.9940835e-22
5.1868653e+03 1.9988565e-22
5.1988262e+03 2.0036401e-22
5.2108148e+03 2.0084345e-22
5.2228309e+03 2.0132395e-22
5.2348748e+03 2.0180552e-22
5.2469465e+03 2.0228817e-22
5.2590460e+03 2.0277190e-22
5.2711734e+03 2.0325670e-22
5.2833288e+03 2.0374259e-22
5.2955122e+03 2.0422956e-22
5.3077236e+03 2.0471762e-22
5.3199633e+03 2.0520676e-22
5.3322312e+03 2.0569700e-22
5.3445273e+03 2.0618834e-22
5.3568519e+03 2.0668077e-22
5.3692048e+03 2.0717430e-22
5.3815862e+03 2.0766894e-22
5.3939962e+03 2.0816468e-22
5.4064348e+03 2.0866152e-22
5.4189021e+03 2.0915948e-22
5.4313981e+03 2.0965855e-22
5.4439230e+03 2.1015874e-22
5.4564767e+03 2.1066004e-22
5.4690594e+03 2.1116247e-22
5.4816711e+03 2.1166602e-22
5.4943118e+03 2.1217069e-22
5.5069818e+03 2.1267650e-22
5.5196809e+03 2.1318343e-22
5.5324093e+03 2.1369150e-22
5.5451671e+03 2.1420071e-22
5.5579543e+03 2.1471106e-22
5.5707710e+03 2.1522255e-22
5.5836172e+03 2.1573518e-22
5.5964931e+03 2.1624896e-22
5.6093986e+03 2.1676389e-22
5.6223340e+03 2.1727998e-22
5.6352991e+03 2.1779722e-22
5.6482942e+03 2.1831562e-22
5.6613192e+03 2.1883518e-22
5.6743742e+03 2.1935590e-22
5.6874594e+03 2.1987779e-22
5.7005747e+03 2.2040085e-22
5.7137202e+03 2.2092509e-22
5.7268961e+03 2.2145049e-22
5.7401024e+03 2.2197708e-22
5.7533391e+03 2.2250484e-22
5.7666064e+03 2.2303379e-22
5.7799042e+03 2.2356393e-22
5.7932327e+03 2.2409525e-22
5.8065919e+03 2.2462777e-22
5.8199820e+03 2.2516148e-22
5.8334029e+03 2.2569638e-22
5.8468548e+03 2.2623249e-22
5.8603377e+03 2.2676980e-22
5.8738517e+03 2.2730832e-22
5.8873968e+03 2.2784804e-22
5.9009732e+03 2.2838898e-22
5.9145809e+03 2.2893113e-22
5.9282199e+03 2.2947450e-22
5.9418905e+03 2.3001909e-22
5.9555925e+03 2.3056490e-22
5.9693262e+03 2.3111193e-22
5.9830915e+03 2.3166020e-22
5.9968885e+03 2.3220970e-22
6.0107174e+03 2.3276043e-22
6.0245781e+03 2.3331239e-22
6.0384709e+03 2.3386560e-22
6.0523956e+03 2.3442006e-22
6.0663525e+03 2.3497575e-22
6.0803416e+03 2.3553270e-22
6.0943629e+03 2.3609090e-22
6.1084165e+03 2.3665035e-22
6.1225026e+03 2.3721107e-22
6.1366211e+03 2.3777304e-22
6.1507722e+03 2.3833628e-22
6.1649559e+03 2.3890078e-22
6.1791724e+03 2.3946655e-22
6.1934216e+03 2.4003360e-22
6.2077037e+03 2.4060192e-22
6.2220187e+03 2.4117152e-22
6.2363667e+03 2.4174240e-22
6.2507478e+03 2.4231457e-22
6.2651621e+03 2.4288814e-22
6.2796096e+03 2.4346277e-22
6.2940904e+03 2.4403881e-22
6.3086046e+03 2.4461615e-22
6.3231523e+03 2.4519479e-22
6.3377336e+03 2.4577472e-22
6.3523484e+03 2.4635597e-22
6.3669970e+03 2.4693853e-22
6.3816793e+03 2.4752239e-22
6.3963955e+03 2.4810757e-22
6.4111457e+03 2.4869407e-22
6.4259298e+03 2.4928190e-22
6.4407481e+03 2.4987104e-22
6.4556005e+03 2.5046152e-22
6.4704871e+03 2.5105332e-22
6.4854081e+03 2.5164646e-22
6.5003635e+03 2.5224094e-22
6.5153534e+03 2.5283676e-22
6.5303779e+03 2.5343392e-22
6.5454370e+03 2.5403242e-22
6.5605308e+03 2.5463228e-22
6.5756594e+03 2.5523349e-22
6.5908230e+03 2.5583605e-22
6.6060215e+03 2.5643998e-22
6.6212550e+03 2.5704526e-22
6.6365237e+03 2.5765191e-22
6.6518275e+03 2.5825994e-22
6.6671667e+03 2.5886933e-22
6.6825412e+03 2.5948010e-22
6.6979512e+03 2.6009224e-22
6.7133968e+03 2.6070577e-22
6.7288779e+03 2.6132069e-22
6.7443947e+03 2.6193699e-22
6.7599474e+03 2.6255468e-22
6.7755359e+03 2.6317377e-22
6.7911603e+03 2.6379425e-22
6.8068208e+03 2.6441614e-22
6.8225173e+03 2.6503943e-22
6.8382501e+03 2.6566413e-22
6.8540192e+03 2.6629024e-22
6.8698246e+03 2.6691777e-22
6.8856665e+03 2.6754671e-22
6.9015449e+03 2.6817708e-22
6.9174599e+03 2.6880886e-22
6.9334116e+03 2.6944208e-22
6.9494001e+03 2.7007673e-22
6.9654255e+03 2.7071281e-22
6.9814878e+03 2.7135033e-22
6.9975872e+03 2.7198929e-22
7.0137236e+03 2.7262970e-22
7.0298973e+03 2.7327155e-22
7.0461083e+03 2.7391486e-22
7.0623567e+03 2.7455962e-22
7.0786426e+03 2.7520583e-22
7.0949660e+03 2.7585351e-22
7.1113270e+03 2.7650266e-22
7.1277258e+03 2.7715327e-22
7.1441624e+03 2.7780536e-22
7.1606369e+03 2.7845892e-22
7.1771494e+03 2.7911396e-22
7.1936999e+03 2.7977048e-22
7.2102886e+03 2.8042849e-22
7.2269156e+03 2.8108798e-22
7.2435809e+03 2.8174897e-22
7.2602847e+03 2.8241146e-22
7.2770270e+03 2.8307544e-22
7.2938079e+03 2.8374093e-22
7.3106274e+03 2.8440793e-22
7.3274858e+03 2.8507644e-22
7.3443830e+03 2.8574646e-22
7.3613192e+03 2.8641799e-22
7.3782945e+03 2.8709105e-22
7.3953089e+03 2.8776563e-22
7.4123625e+03 2.8844174e-22
7.4294555e+03 2.8911939e-22
7.4465879e+03 2.8979856e-22
7.4637598e+03 2.9047928e-22
7.4809713e+03 2.9116154e-22
7.4982224e+03 2.9184534e-22
7.5155134e+03 2.9253070e-22
7.5328442e+03 2.9321761e-22
7.5502150e+03 2.9390607e-22
7.5676259e+03 2.9459610e-22
7.5850769e+03 2.9528769e-22
7.6025681e+03 2.9598084e-22
7.6200997e+03 2.9667557e-22
7.6376717e+03 2.9737188e-22
7.6552842e+03 2.9806976e-22
7.6729374e+03 2.9876923e-22
7.6906312e+03 2.9947028e-22
7.7083659e+03 3.0017292e-22
7.7261414e+03 3.0087716e-22
7.7439580e+03 3.0158299e-22
7.7618156e+03 3.0229043e-22
7.7797144e+03 3.0299947e-22
7.7976545e+03 3.0371011e-22
7.8156359e+03 3.0442238e-22
7.8336589e+03 3.0513625e-22
7.8517233e+03 3.0585175e-22
7.8698295e+03 3.0656887e-22
7.8879774e+03 3.0728762e-22
7.9061671e+03 3.0800800e-22
7.9243988e+03 3.0873001e-22
7.9426725e+03 3.0945367e-22
7.9609884e+03 3.1017897e-22
7.9793465e+03 3.1090591e-22
7.9977469e+03 3.1163450e-22
8.0161898e+03 3.1236475e-22
8.0346752e+03 3.1309666e-22
8.0532032e+03 3.1383026e-22
8.0717739e+03 3.1456547e-22
8.0903875e+03 3.1530237e-22
8.1090440e+03 3.1604095e-22
8.1277435e+03 3.1678121e-22
8.1464861e+03 3.1752315e-22
8.1652720e+03 3.1826677e-22
8.1841012e+03 3.1901208e-22
8.2029738e+03 3.1975909e-22
8.2218899e+03 3.2050780e-22
8.2408496e+03 3.2125820e-22
8.2598531e+03 3.2201032e-22
8.2789004e+03 3.2276414e-22
8.2979916e+03 3.2351967e-22
8.3171268e+03 3.2427692e-22
8.3363062e+03 3.2503590e-22
8.3555298e+03 3.2579660e-22
8.3747977e+03 3.2655902e-22
8.3941100e+03 3.2732319e-22
8.4134669e+03 3.2808908e-22
8.4328684e+03 3.2885673e-22
8.4523147e+03 3.2962611e-22
8.4718058e+03 3.3039725e-22
8.4913419e+03 3.3117014e-22
8.5109230e+03 3.3194479e-22
8.5305492e+03 3.3272120e-22
8.5502207e+03 3.3349937e-22
8.5699376e+03 3.3427932e-22
8.5896999e+03 3.3506104e-22
8.6095078e+03 3.3584454e-22
8.6293614e+03 3.3662982e-22
8.6492608e+03 3.3741689e-22
8.6692061e+03 3.3820575e-22
8.6891973e+03 3.3899640e-22
8.7092347e+03 3.3978886e-22
8.7293182e+03 3.4058311e-22
8.7494481e+03 3.4137918e-22
8.7696244e+03 3.4217706e-22
8.7898472e+03 3.4297675e-22
8.8101167e+03 3.4377827e-22
8.8304329e+03 3.4458161e-22
8.8507959e+03 3.4538677e-22
8.8712059e+03 3.4619377e-22
8.8916630e+03 3.4700261e-22
8.9121672e+03 3.4781329e-22
8.9327188e+03 3.4862582e-22
8.9533177e+03 3.4944020e-22
8.9739641e+03 3.5025643e-22
8.9946581e+03 3.5107452e-22
9.0153999e+03 3.5189447e-22
9.0361895e+03 3.5271630e-22
9.0570270e+03 3.5353999e-22
9.0779126e+03 3.5436556e-22
9.0988463e+03 3.5519301e-22
9.1198283e+03 3.5602235e-22
9.1408587e+03 3.5685357e-22
9.1619376e+03 3.5768669e-22
9.1830651e+03 3.5852171e-22
9.2042413e+03 3.5935863e-22
9.2254664e+03 3.6019746e-22
9.2467404e+03 3.6103820e-22
9.2680634e+03 3.6188086e-22
9.2894356e+03 3.6272543e-22
9.3108571e+03 3.6357194e-22
9.3323280e+03 3.6442037e-22
9.3538485e+03 3.6527073e-22
9.3754185e+03 3.6612304e-22
9.3970383e+03 3.6697728e-22
9.4187079e+03 3.6783348e-22
9.4404276e+03 3.6869163e-22
9.4621973e+03 3.6955173e-22
9.4840172e+03 3.7041380e-22
9.5058874e+03 3.7127783e-22
9.5278080e+03 3.7214383e-22
9.5497792e+03 3.7301181e-22
9.5718011e+03 3.7388176e-22
9.5938737e+03 3.7475370e-22
9.6159973e+03 3.7562763e-22
9.6381718e+03 3.7650356e-22
9.6603975e+03 3.7738148e-22
9.6826745e+03 3.7826140e-22
9.7050028e+03 3.7914333e-22
9.7273826e+03 3.8002727e-22
9.7498140e+03 3.8091324e-22
9.7722972e+03 3.8180122e-22
9.7948322e+03 3.8269122e-22
9.8174191e+03 3.8358326e-22
9.8400582e+03 3.8447734e-22
9.8627494e+03 3.8537345e-22
9.8854930e+03 3.8627161e-22
9.9082890e+03 3.8717182e-22
9.9311376e+03 3.8807409e-22
9.9540389e+03 3.8897841e-22
9.9769930e+03 3.8988480e-22
1.0000000e+04 3.9079326e-22
