1.0000000e+00 8.0635503e-13
1.0030759e+00 6.7186054e-13
1.0061612e+00 5.6798707e-13
1.0092560e+00 4.8596529e-13
1.0123603e+00 4.2010550e-13
1.0154742e+00 3.6657108e-13
1.0185976e+00 3.2268878e-13
1.0217307e+00 2.8653809e-13
1.0248734e+00 2.5662166e-13
1.0280258e+00 2.3174686e-13
1.0311878e+00 2.1100324e-13
1.0343596e+00 1.9368666e-13
1.0375412e+00 1.7924508e-13
1.0407325e+00 1.6724029e-13
1.0439336e+00 1.5727068e-13
1.0471446e+00 1.4891138e-13
1.0503655e+00 1.4180133e-13
1.0535963e+00 1.3564023e-13
1.0568370e+00 1.3017547e-13
1.0600877e+00 1.2519198e-13
1.0633483e+00 1.2053265e-13
1.0666191e+00 1.1616189e-13
1.0698998e+00 1.1207159e-13
1.0731907e+00 1.0825527e-13
1.0764917e+00 1.0470799e-13
1.0798028e+00 1.0142629e-13
1.0831241e+00 9.8408565e-14
1.0864557e+00 9.5656191e-14
1.0897974e+00 9.3172483e-14
1.0931495e+00 9.0962391e-14
1.0965119e+00 8.9032692e-14
1.0998846e+00 8.7392244e-14
1.1032677e+00 8.6046010e-14
1.1066612e+00 8.4974188e-14
1.1100651e+00 8.4152876e-14
1.1134795e+00 8.3561548e-14
1.1169044e+00 8.3182775e-14
1.1203398e+00 8.3002027e-14
1.1237859e+00 8.3015485e-14
1.1272425e+00 8.3246305e-14
1.1307097e+00 8.3726678e-14
1.1341876e+00 8.4494895e-14
1.1376762e+00 8.5597195e-14
1.1411755e+00 8.7090205e-14
1.1446856e+00 8.9039983e-14
1.1482065e+00 9.1523595e-14
1.1517382e+00 9.4640980e-14
1.1552808e+00 9.8524430e-14
1.1588343e+00 1.0335194e-13
1.1623987e+00 1.0936675e-13
1.1659741e+00 1.1689850e-13
1.1695605e+00 1.2641641e-13
1.1731579e+00 1.3862270e-13
1.1767663e+00 1.5460773e-13
1.1803859e+00 1.7613856e-13
1.1840166e+00 2.0621852e-13
1.1876585e+00 2.5016270e-13
1.1913115e+00 3.1718207e-13
1.1949758e+00 4.1762440e-13
1.1986514e+00 5.1839211e-13
1.2023383e+00 4.8269362e-13
1.2060365e+00 3.5649138e-13
1.2097461e+00 2.5893872e-13
1.2134671e+00 1.9633733e-13
1.2171996e+00 1.5518827e-13
1.2209435e+00 1.2669033e-13
1.2246989e+00 1.0598862e-13
1.2284659e+00 9.0351075e-14
1.2322445e+00 7.8160295e-14
1.2360347e+00 6.8409599e-14
1.2398366e+00 6.0444061e-14
1.2436502e+00 5.3822508e-14
1.2474755e+00 4.8242797e-14
1.2513125e+00 4.3488891e-14
1.2551614e+00 3.9401210e-14
1.2590221e+00 3.5859325e-14
1.2628946e+00 3.2771260e-14
1.2667791e+00 3.0070194e-14
1.2706756e+00 2.7705144e-14
1.2745840e+00 2.5634591e-14
1.2785044e+00 2.3824300e-14
1.2824369e+00 2.2244910e-14
1.2863815e+00 2.0860977e-14
1.2903382e+00 1.9635902e-14
1.2943071e+00 1.8539598e-14
1.2982882e+00 1.7547322e-14
1.3022816e+00 1.6638917e-14
1.3062872e+00 1.5802471e-14
1.3103052e+00 1.5031723e-14
1.3143355e+00 1.4321300e-14
1.3183782e+00 1.3666466e-14
1.3224333e+00 1.3062963e-14
1.3265010e+00 1.2505924e-14
1.3305811e+00 1.1990279e-14
1.3346738e+00 1.1511576e-14
1.3387790e+00 1.1065910e-14
1.3428969e+00 1.0649883e-14
1.3470275e+00 1.0260842e-14
1.3511708e+00 9.8966267e-15
1.3553268e+00 9.5553127e-15
1.3594956e+00 9.2351771e-15
1.3636772e+00 8.9346228e-15
1.3678716e+00 8.6519145e-15
1.3720790e+00 8.3853911e-15
1.3762993e+00 8.1335590e-15
1.3805326e+00 7.8950718e-15
1.3847790e+00 7.6690632e-15
1.3890384e+00 7.4556962e-15
1.3933108e+00 7.2552897e-15
1.3975965e+00 7.0681581e-15
1.4018953e+00 6.8946142e-15
1.4062073e+00 6.7347032e-15
1.4105326e+00 6.5881889e-15
1.4148712e+00 6.4548943e-15
1.4192231e+00 6.3347261e-15
1.4235885e+00 6.2276673e-15
1.4279672e+00 6.1337090e-15
1.4323594e+00 6.0529158e-15
1.4367652e+00 5.9854757e-15
1.4411845e+00 5.9317151e-15
1.4456173e+00 5.8919430e-15
1.4500639e+00 5.8663247e-15
1.4545241e+00 5.8551985e-15
1.4589980e+00 5.8591426e-15
1.4634856e+00 5.8792292e-15
1.4679871e+00 5.9185870e-15
1.4725024e+00 5.9817472e-15
1.4770316e+00 6.0740970e-15
1.4815748e+00 6.2021659e-15
1.4861319e+00 6.3724167e-15
1.4907030e+00 6.5907033e-15
1.4952882e+00 6.8650150e-15
1.4998875e+00 7.2066344e-15
1.5045009e+00 7.6319623e-15
1.5091286e+00 8.1661889e-15
1.5137704e+00 8.8469505e-15
1.5184266e+00 9.7317676e-15
1.5230970e+00 1.0912320e-14
1.5277819e+00 1.2542385e-14
1.5324811e+00 1.4890591e-14
1.5371948e+00 1.8430227e-14
1.5419230e+00 2.3846361e-14
1.5466657e+00 3.0617634e-14
1.5514231e+00 3.1705706e-14
1.5561950e+00 2.4371943e-14
1.5609817e+00 1.7428293e-14
1.5657830e+00 1.2909570e-14
1.5705991e+00 1.0001674e-14
1.5754301e+00 8.0420030e-15
1.5802759e+00 6.6597048e-15
1.5851366e+00 5.6468307e-15
1.5900122e+00 4.8773912e-15
1.5949029e+00 4.2739237e-15
1.5998086e+00 3.7872549e-15
1.6047294e+00 3.3853772e-15
1.6096653e+00 3.0482366e-15
1.6146164e+00 2.7620300e-15
1.6195827e+00 2.5166421e-15
1.6245643e+00 2.3044204e-15
1.6295613e+00 2.1191834e-15
1.6345736e+00 1.9560612e-15
1.6396013e+00 1.8112492e-15
1.6446445e+00 1.6817835e-15
1.6497031e+00 1.5655138e-15
1.6547774e+00 1.4607473e-15
1.6598673e+00 1.3660791e-15
1.6649728e+00 1.2804833e-15
1.6700940e+00 1.2036950e-15
1.6752310e+00 1.1355927e-15
1.6803837e+00 1.0760213e-15
1.6855524e+00 1.0244177e-15
1.6907369e+00 9.7910198e-16
1.6959373e+00 9.3845387e-16
1.7011538e+00 9.0112679e-16
1.7063863e+00 8.6628741e-16
1.7116349e+00 8.3382515e-16
1.7168997e+00 8.0371372e-16
1.7221806e+00 7.7592535e-16
1.7274778e+00 7.5034318e-16
1.7327913e+00 7.2675513e-16
1.7381211e+00 7.0497310e-16
1.7434673e+00 6.8483809e-16
1.7488300e+00 6.6623005e-16
1.7542091e+00 6.4905922e-16
1.7596048e+00 6.3325456e-16
1.7650171e+00 6.1879243e-16
1.7704460e+00 6.0581013e-16
1.7758917e+00 5.9450112e-16
1.7813541e+00 5.8507666e-16
1.7868333e+00 5.7775139e-16
1.7923293e+00 5.7273285e-16
1.7978423e+00 5.7028335e-16
1.8033722e+00 5.7073535e-16
1.8089191e+00 5.7435083e-16
1.8144831e+00 5.8139360e-16
1.8200642e+00 5.9230465e-16
1.8256624e+00 6.0802583e-16
1.8312779e+00 6.3092809e-16
1.8369106e+00 6.6456189e-16
1.8425607e+00 7.1408294e-16
1.8482282e+00 7.8611856e-16
1.8539131e+00 8.9006009e-16
1.8596154e+00 1.0424864e-15
1.8653353e+00 1.2723783e-15
1.8710728e+00 1.6167332e-15
1.8768280e+00 1.9939949e-15
1.8826009e+00 1.9104900e-15
1.8883915e+00 1.3927501e-15
1.8941999e+00 9.7068491e-16
1.9000262e+00 7.0364871e-16
1.9058704e+00 5.3252641e-16
1.9117326e+00 4.1701926e-16
1.9176128e+00 3.3516179e-16
1.9235111e+00 2.7480119e-16
1.9294276e+00 2.2886474e-16
1.9353622e+00 1.9301426e-16
1.9413151e+00 1.6445908e-16
1.9472863e+00 1.4133042e-16
1.9532759e+00 1.2233308e-16
1.9592839e+00 1.0654404e-16
1.9653104e+00 9.3289139e-17
1.9713554e+00 8.2065443e-17
1.9774190e+00 7.2490593e-17
1.9835012e+00 6.4269036e-17
1.9896022e+00 5.7168918e-17
1.9957219e+00 5.1006033e-17
2.0018605e+00 4.5632414e-17
2.0080179e+00 4.0928007e-17
2.0141943e+00 3.6794519e-17
2.0203897e+00 3.3150774e-17
2.0266041e+00 2.9929157e-17
2.0328377e+00 2.7072841e-17
2.0390904e+00 2.4533919e-17
2.0453623e+00 2.2271234e-17
2.0516536e+00 2.0246534e-17
2.0579642e+00 1.8426556e-17
2.0642942e+00 1.6783727e-17
2.0706437e+00 1.5297723e-17
2.0770127e+00 1.3952637e-17
2.0834013e+00 1.2734434e-17
2.0898095e+00 1.1631091e-17
2.0962375e+00 1.0632201e-17
2.1026852e+00 9.7282819e-18
2.1091528e+00 8.9085174e-18
2.1156402e+00 8.1609214e-18
2.1221476e+00 7.4753690e-18
2.1286750e+00 6.8494034e-18
2.1352226e+00 6.2891588e-18
2.1417902e+00 5.7989757e-18
2.1483780e+00 5.3797162e-18
2.1549861e+00 5.0286277e-18
2.1616146e+00 4.7421828e-18
2.1682634e+00 4.5101193e-18
2.1749327e+00 4.3116515e-18
2.1816224e+00 4.1289358e-18
2.1883328e+00 3.9524163e-18
2.1950638e+00 3.7829298e-18
2.2018155e+00 3.6219801e-18
2.2085880e+00 3.4696130e-18
2.2153813e+00 3.3239701e-18
2.2221955e+00 3.1833642e-18
2.2290306e+00 3.0467184e-18
2.2358868e+00 2.9135860e-18
2.2427641e+00 2.7836440e-18
2.2496625e+00 2.6565826e-18
2.2565822e+00 2.5320934e-18
2.2635231e+00 2.4099365e-18
2.2704854e+00 2.2899390e-18
2.2774691e+00 2.1719830e-18
2.2844742e+00 2.0559941e-18
2.2915009e+00 1.9420007e-18
2.2985493e+00 1.8300861e-18
2.3056193e+00 1.7204386e-18
2.3127110e+00 1.6140001e-18
2.3198246e+00 1.5118545e-18
2.3269601e+00 1.4147150e-18
2.3341175e+00 1.3225746e-18
2.3412969e+00 1.2352519e-18
2.3484984e+00 1.1525972e-18
2.3557220e+00 1.0745280e-18
2.3629679e+00 1.0009529e-18
2.3702360e+00 9.3179559e-19
2.3775265e+00 8.6699880e-19
2.3848395e+00 8.0646247e-19
2.3921749e+00 7.4984638e-19
2.3995329e+00 6.9670279e-19
2.4069135e+00 6.4692868e-19
2.4143168e+00 6.0175353e-19
2.4217429e+00 5.6251469e-19
2.4291919e+00 5.2908728e-19
2.4366637e+00 4.9907517e-19
2.4441586e+00 4.7029959e-19
2.4516764e+00 4.4224417e-19
2.4592175e+00 4.1554020e-19
2.4667817e+00 3.9060591e-19
2.4743691e+00 3.6711428e-19
2.4819799e+00 3.4457663e-19
2.4896142e+00 3.2312128e-19
2.4972719e+00 3.0381823e-19
2.5049531e+00 2.8754654e-19
2.5126580e+00 2.7387636e-19
2.5203866e+00 2.6168614e-19
2.5281389e+00 2.5016373e-19
2.5359151e+00 2.3911577e-19
2.5437152e+00 2.2848594e-19
2.5515393e+00 2.1840563e-19
2.5593875e+00 2.0916683e-19
2.5672598e+00 2.0092384e-19
2.5751563e+00 1.9333752e-19
2.5830772e+00 1.8598045e-19
2.5910223e+00 1.7865916e-19
2.5989920e+00 1.7142907e-19
2.6069861e+00 1.6435790e-19
2.6150048e+00 1.5753713e-19
2.6230482e+00 1.5105514e-19
2.6311163e+00 1.4495211e-19
2.6392092e+00 1.3921560e-19
2.6473271e+00 1.3382888e-19
2.6554699e+00 1.2877080e-19
2.6636377e+00 1.2401982e-19
2.6718307e+00 1.1955658e-19
2.6800489e+00 1.1536378e-19
2.6882923e+00 1.1142499e-19
2.6965611e+00 1.0772440e-19
2.7048554e+00 1.0424696e-19
2.7131751e+00 1.0097854e-19
2.7215205e+00 9.7905807e-20
2.7298915e+00 9.5016204e-20
2.7382882e+00 9.2297893e-20
2.7467108e+00 8.9739688e-20
2.7551593e+00 8.7330887e-20
2.7636338e+00 8.5061356e-20
2.7721343e+00 8.2921956e-20
2.7806610e+00 8.0904558e-20
2.7892139e+00 7.9000847e-20
2.7977932e+00 7.7200847e-20
2.8063988e+00 7.5495625e-20
2.8150309e+00 7.3884126e-20
2.8236895e+00 7.2368368e-20
2.8323748e+00 7.0923718e-20
2.8410868e+00 6.9495088e-20
2.8498255e+00 6.8066258e-20
2.8585912e+00 6.6725395e-20
2.8673838e+00 6.5552127e-20
2.8762035e+00 6.4480627e-20
2.8850503e+00 6.3396170e-20
2.8939243e+00 6.2263990e-20
2.9028256e+00 6.1112653e-20
2.9117543e+00 5.9959168e-20
2.9207104e+00 5.8800114e-20
2.9296941e+00 5.7632326e-20
2.9387054e+00 5.6458718e-20
2.9477444e+00 5.5283075e-20
2.9568113e+00 5.4107514e-20
2.9659060e+00 5.2933587e-20
2.9750287e+00 5.1763203e-20
2.9841795e+00 5.0598516e-20
2.9933584e+00 4.9441608e-20
3.0025656e+00 4.8294466e-20
3.0118010e+00 4.7159104e-20
3.0210649e+00 4.6037553e-20
3.0303573e+00 4.4931861e-20
3.0396782e+00 4.3844050e-20
3.0490278e+00 4.2776155e-20
3.0584062e+00 4.1730188e-20
3.0678134e+00 4.0708168e-20
3.0772496e+00 3.9712092e-20
3.0867148e+00 3.8743953e-20
3.0962091e+00 3.7805686e-20
3.1057326e+00 3.6899203e-20
3.1152853e+00 3.6026470e-20
3.1248675e+00 3.5189482e-20
3.1344792e+00 3.4389911e-20
3.1441204e+00 3.3628827e-20
3.1537913e+00 3.2897304e-20
3.1634919e+00 3.2174814e-20
3.1732223e+00 3.1453077e-20
3.1829827e+00 3.0742377e-20
3.1927731e+00 3.0076766e-20
3.2025936e+00 2.9526699e-20
3.2124443e+00 2.9107958e-20
3.2223254e+00 2.8729645e-20
3.2322368e+00 2.8329130e-20
3.2421787e+00 2.7923102e-20
3.2521512e+00 2.7527460e-20
3.2621543e+00 2.7136575e-20
3.2721882e+00 2.6744878e-20
3.2822530e+00 2.6352639e-20
3.2923488e+00 2.5960144e-20
3.3024756e+00 2.5566154e-20
3.3126335e+00 2.5169465e-20
3.3228227e+00 2.4769310e-20
3.3330432e+00 2.4364893e-20
3.3432952e+00 2.3955286e-20
3.3535787e+00 2.3540296e-20
3.3638938e+00 2.3120912e-20
3.3742407e+00 2.2698126e-20
3.3846194e+00 2.2272786e-20
3.3950300e+00 2.1845745e-20
3.4054726e+00 2.1417875e-20
3.4159474e+00 2.0990021e-20
3.4264543e+00 2.0563009e-20
3.4369936e+00 2.0137648e-20
3.4475653e+00 1.9714730e-20
3.4581695e+00 1.9295030e-20
3.4688064e+00 1.8879304e-20
3.4794759e+00 1.8468286e-20
3.4901783e+00 1.8062695e-20
3.5009136e+00 1.7663222e-20
3.5116819e+00 1.7270543e-20
3.5224834e+00 1.6885313e-20
3.5333180e+00 1.6508159e-20
3.5441860e+00 1.6139663e-20
3.5550874e+00 1.5780434e-20
3.5660224e+00 1.5431112e-20
3.5769909e+00 1.5092076e-20
3.5879932e+00 1.4763590e-20
3.5990294e+00 1.4446941e-20
3.6100995e+00 1.4142965e-20
3.6212037e+00 1.3847364e-20
3.6323420e+00 1.3555475e-20
3.6435145e+00 1.3266174e-20
3.6547215e+00 1.2979492e-20
3.6659629e+00 1.2696255e-20
3.6772389e+00 1.2416665e-20
3.6885495e+00 1.2140588e-20
3.6998950e+00 1.1870290e-20
3.7112753e+00 1.1606843e-20
3.7226907e+00 1.1341862e-20
3.7341412e+00 1.1084175e-20
3.7456268e+00 1.0879072e-20
3.7571479e+00 1.0723832e-20
3.7687043e+00 1.0568161e-20
3.7802963e+00 1.0404834e-20
3.7919240e+00 1.0246004e-20
3.8035874e+00 1.0090803e-20
3.8152867e+00 9.9372243e-21
3.8270220e+00 9.7863157e-21
3.8387933e+00 9.6386390e-21
3.8506009e+00 9.4942037e-21
3.8624448e+00 9.3532454e-21
3.8743251e+00 9.2160537e-21
3.8862420e+00 9.0828600e-21
3.8981955e+00 8.9538554e-21
3.9101858e+00 8.8290277e-21
3.9222130e+00 8.7072727e-21
3.9342772e+00 8.5875367e-21
3.9463785e+00 8.4698480e-21
3.9585170e+00 8.3542164e-21
3.9706928e+00 8.2405029e-21
3.9829061e+00 8.1286257e-21
3.9951569e+00 8.0185180e-21
4.0074455e+00 7.9100998e-21
4.0197718e+00 7.8032940e-21
4.0321361e+00 7.6980275e-21
4.0445383e+00 7.5942276e-21
4.0569788e+00 7.4918228e-21
4.0694575e+00 7.3907432e-21
4.0819745e+00 7.2909201e-21
4.0945301e+00 7.1922863e-21
4.1071243e+00 7.0947758e-21
4.1197572e+00 6.9983240e-21
4.1324290e+00 6.9028677e-21
4.1451398e+00 6.8083449e-21
4.1578896e+00 6.7146949e-21
4.1706787e+00 6.6218584e-21
4.1835071e+00 6.5297775e-21
4.1963750e+00 6.4383956e-21
4.2092825e+00 6.3476585e-21
4.2222296e+00 6.2575096e-21
4.2352166e+00 6.1678979e-21
4.2482435e+00 6.0787864e-21
4.2613105e+00 5.9900889e-21
4.2744177e+00 5.9016327e-21
4.2875652e+00 5.8131120e-21
4.3007531e+00 5.7244950e-21
4.3139816e+00 5.6359685e-21
4.3272508e+00 5.5476396e-21
4.3405608e+00 5.4596117e-21
4.3539118e+00 5.3719999e-21
4.3673038e+00 5.2849160e-21
4.3807370e+00 5.1984531e-21
4.3942115e+00 5.1127123e-21
4.4077275e+00 5.0278587e-21
4.4212851e+00 4.9438266e-21
4.4348843e+00 4.8607302e-21
4.4485254e+00 4.7795501e-21
4.4622084e+00 4.6978970e-21
4.4759335e+00 4.6171178e-21
4.4897009e+00 4.5520064e-21
4.5035105e+00 4.5003006e-21
4.5173627e+00 4.4516031e-21
4.5312575e+00 4.4015577e-21
4.5451950e+00 4.3492454e-21
4.5591753e+00 4.2949187e-21
4.5731987e+00 4.2387787e-21
4.5872652e+00 4.1810426e-21
4.6013750e+00 4.1219297e-21
4.6155282e+00 4.0616546e-21
4.6297249e+00 4.0004307e-21
4.6439653e+00 3.9384715e-21
4.6582494e+00 3.8759819e-21
4.6725776e+00 3.8131589e-21
4.6869497e+00 3.7502405e-21
4.7013661e+00 3.6873361e-21
4.7158269e+00 3.6246503e-21
4.7303321e+00 3.5628563e-21
4.7448819e+00 3.5004136e-21
4.7594765e+00 3.4431185e-21
4.7741160e+00 3.4035795e-21
4.7888005e+00 3.3680458e-21
4.8035301e+00 3.3303407e-21
4.8183051e+00 3.2938519e-21
4.8331255e+00 3.2577353e-21
4.8479915e+00 3.2219328e-21
4.8629033e+00 3.1865837e-21
4.8778609e+00 3.1516140e-21
4.8928645e+00 3.1170335e-21
4.9079142e+00 3.0828281e-21
4.9230103e+00 3.0490124e-21
4.9381528e+00 3.0155585e-21
4.9533418e+00 2.9822214e-21
4.9685776e+00 2.9485699e-21
4.9838602e+00 2.9144408e-21
4.9991899e+00 2.8799534e-21
5.0145667e+00 2.8452224e-21
5.0299908e+00 2.8102977e-21
5.0454623e+00 2.7752106e-21
5.0609814e+00 2.7399927e-21
5.0765483e+00 2.7046757e-21
5.0921630e+00 2.6692917e-21
5.1078258e+00 2.6338727e-21
5.1235368e+00 2.5984508e-21
5.1392960e+00 2.5630581e-21
5.1551038e+00 2.5277267e-21
5.1709601e+00 2.4924885e-21
5.1868653e+00 2.4573753e-21
5.2028193e+00 2.4224184e-21
5.2188225e+00 2.3876661e-21
5.2348748e+00 2.3532051e-21
5.2509766e+00 2.3191269e-21
5.2671278e+00 2.2855209e-21
5.2833288e+00 2.2524749e-21
5.2995795e+00 2.2200751e-21
5.3158803e+00 2.1884057e-21
5.3322312e+00 2.1575495e-21
5.3486324e+00 2.1275880e-21
5.3650840e+00 2.0986014e-21
5.3815862e+00 2.0706692e-21
5.3981392e+00 2.0438705e-21
5.4147431e+00 2.0182629e-21
5.4313981e+00 1.9937825e-21
5.4481043e+00 1.9703247e-21
5.4648619e+00 1.9477865e-21
5.4816711e+00 1.9260665e-21
5.4985319e+00 1.9050639e-21
5.5154446e+00 1.8846785e-21
5.5324093e+00 1.8648105e-21
5.5494262e+00 1.8453598e-21
5.5664955e+00 1.8262265e-21
5.5836172e+00 1.8073101e-21
5.6007916e+00 1.7885100e-21
5.6180189e+00 1.7697488e-21
5.6352991e+00 1.7510302e-21
5.6526325e+00 1.7323758e-21
5.6700192e+00 1.7138075e-21
5.6874594e+00 1.6953472e-21
5.7049532e+00 1.6770168e-21
5.7225008e+00 1.6588385e-21
5.7401024e+00 1.6408342e-21
5.7577581e+00 1.6230261e-21
5.7754682e+00 1.6054364e-21
5.7932327e+00 1.5880873e-21
5.8110519e+00 1.5709984e-21
5.8289258e+00 1.5541543e-21
5.8468548e+00 1.5375139e-21
5.8648389e+00 1.5210357e-21
5.8828783e+00 1.5046781e-21
5.9009732e+00 1.4883996e-21
5.9191237e+00 1.4721590e-21
5.9373301e+00 1.4559151e-21
5.9555925e+00 1.4396271e-21
5.9739111e+00 1.4232544e-21
5.9922860e+00 1.4067569e-21
6.0107174e+00 1.3901002e-21
6.0292055e+00 1.3733291e-21
6.0477505e+00 1.3565523e-21
6.0663525e+00 1.3398796e-21
6.0850117e+00 1.3234198e-21
6.1037284e+00 1.3072804e-21
6.1225026e+00 1.2915684e-21
6.1413345e+00 1.2763894e-21
6.1602244e+00 1.2618489e-21
6.1791724e+00 1.2480518e-21
6.1981786e+00 1.2351039e-21
6.2172433e+00 1.2230817e-21
6.2363667e+00 1.2119037e-21
6.2555489e+00 1.2014359e-21
6.2747901e+00 1.1915448e-21
6.2940904e+00 1.1820963e-21
6.3134501e+00 1.1729555e-21
6.3328694e+00 1.1639864e-21
6.3523484e+00 1.1550518e-21
6.3718874e+00 1.1460132e-21
6.3914864e+00 1.1367317e-21
6.4111457e+00 1.1270741e-21
6.4308655e+00 1.1170134e-21
6.4506459e+00 1.1066124e-21
6.4704871e+00 1.0959377e-21
6.4903894e+00 1.0850569e-21
6.5103530e+00 1.0740378e-21
6.5303779e+00 1.0629489e-21
6.5504644e+00 1.0518586e-21
6.5706127e+00 1.0408355e-21
6.5908230e+00 1.0299481e-21
6.6110954e+00 1.0192624e-21
6.6314302e+00 1.0088050e-21
6.6518275e+00 9.9856765e-22
6.6722876e+00 9.8854165e-22
6.6928106e+00 9.7871927e-22
6.7133968e+00 9.6909373e-22
6.7340462e+00 9.5965942e-22
6.7547592e+00 9.5041200e-22
6.7755359e+00 9.4134864e-22
6.7963764e+00 9.3246822e-22
6.8172811e+00 9.2377514e-22
6.8382501e+00 9.1529989e-22
6.8592836e+00 9.0708498e-22
6.8803818e+00 8.9917520e-22
6.9015449e+00 8.9161805e-22
6.9227730e+00 8.8446426e-22
6.9440665e+00 8.7777018e-22
6.9654255e+00 8.7158891e-22
6.9868501e+00 8.6599034e-22
7.0083407e+00 8.6104398e-22
7.0298973e+00 8.5681109e-22
7.0515203e+00 8.5334076e-22
7.0732098e+00 8.5069426e-22
7.0949660e+00 8.4894996e-22
7.1167891e+00 8.4820746e-22
7.1386793e+00 8.4859301e-22
7.1606369e+00 8.5026664e-22
7.1826620e+00 8.5343156e-22
7.2047548e+00 8.5834689e-22
7.2269156e+00 8.6535024e-22
7.2491446e+00 8.7488685e-22
7.2714419e+00 8.8753159e-22
7.2938079e+00 9.0403432e-22
7.3162426e+00 9.2538844e-22
7.3387463e+00 9.5293368e-22
7.3613192e+00 9.8851484e-22
7.3839616e+00 1.0347354e-21
7.4066736e+00 1.0953800e-21
7.4294555e+00 1.1761530e-21
7.4523074e+00 1.2860532e-21
7.4752297e+00 1.4401353e-21
7.4982224e+00 1.6656120e-21
7.5212859e+00 2.0172357e-21
7.5444203e+00 2.6240357e-21
7.5676259e+00 3.8804070e-21
7.5909028e+00 7.8535080e-21
7.6142514e+00 1.2754721e-19
7.6376717e+00 6.8781219e-21
7.6611641e+00 3.5350427e-21
7.6847288e+00 2.3918148e-21
7.7083659e+00 1.8209820e-21
7.7320757e+00 1.4822572e-21
7.7558585e+00 1.2600728e-21
7.7797144e+00 1.1043951e-21
7.8036437e+00 9.9007279e-22
7.8276466e+00 9.0310218e-22
7.8517233e+00 8.3506894e-22
7.8758741e+00 7.8062500e-22
7.9000992e+00 7.3621692e-22
7.9243988e+00 6.9939658e-22
7.9487731e+00 6.6842591e-22
7.9732224e+00 6.4203904e-22
7.9977469e+00 6.1929339e-22
8.0223468e+00 5.9947477e-22
8.0470224e+00 5.8203960e-22
8.0717739e+00 5.6656645e-22
8.0966016e+00 5.5272281e-22
8.1215056e+00 5.4024319e-22
8.1464861e+00 5.2891318e-22
8.1715436e+00 5.1855787e-22
8.1966781e+00 5.0903310e-22
8.2218899e+00 5.0021918e-22
8.2471793e+00 4.9201684e-22
8.2725464e+00 4.8434271e-22
8.2979916e+00 4.7712595e-22
8.3235150e+00 4.7030589e-22
8.3491170e+00 4.6383018e-22
8.3747977e+00 4.5765332e-22
8.4005574e+00 4.5173551e-22
8.4263963e+00 4.4604403e-22
8.4523147e+00 4.4055907e-22
8.4783128e+00 4.3526646e-22
8.5043909e+00 4.3015504e-22
8.5305492e+00 4.2521622e-22
8.5567880e+00 4.2044361e-22
8.5831074e+00 4.1583265e-22
8.6095078e+00 4.1138033e-22
8.6359895e+00 4.0707982e-22
8.6625525e+00 4.0291799e-22
8.6891973e+00 3.9888200e-22
8.7159241e+00 3.9495980e-22
8.7427330e+00 3.9114001e-22
8.7696244e+00 3.8741183e-22
8.7965985e+00 3.8376499e-22
8.8236556e+00 3.8018994e-22
8.8507959e+00 3.7667908e-22
8.8780197e+00 3.7322575e-22
8.9053272e+00 3.6982362e-22
8.9327188e+00 3.6646666e-22
8.9601945e+00 3.6314911e-22
8.9877548e+00 3.5986544e-22
9.0153999e+00 3.5661030e-22
9.0431300e+00 3.5337750e-22
9.0709454e+00 3.5016014e-22
9.0988463e+00 3.4695149e-22
9.1268331e+00 3.4374491e-22
9.1549059e+00 3.4053393e-22
9.1830651e+00 3.3731220e-22
9.2113109e+00 3.3407366e-22
9.2396436e+00 3.3081848e-22
9.2680634e+00 3.2755488e-22
9.2965707e+00 3.2429174e-22
9.3251656e+00 3.2103802e-22
9.3538485e+00 3.1780276e-22
9.3826196e+00 3.1459506e-22
9.4114792e+00 3.1142395e-22
9.4404276e+00 3.0829402e-22
9.4694650e+00 3.0520403e-22
9.4985917e+00 3.0215238e-22
9.5278080e+00 2.9913751e-22
9.5571142e+00 2.9615792e-22
9.5865105e+00 2.9321211e-22
9.6159973e+00 2.9029867e-22
9.6455747e+00 2.8741665e-22
9.6752431e+00 2.8456557e-22
9.7050028e+00 2.8174499e-22
9.7348540e+00 2.7895448e-22
9.7647970e+00 2.7619364e-22
9.7948322e+00 2.7346209e-22
9.8249597e+00 2.7075945e-22
9.8551799e+00 2.6808534e-22
9.8854930e+00 2.6543936e-22
9.9158994e+00 2.6282113e-22
9.9463993e+00 2.6023027e-22
9.9769930e+00 2.5766645e-22
1.0007681e+01 2.5512931e-22
1.0038463e+01 2.5261831e-22
1.0069340e+01 2.5013246e-22
1.0100312e+01 2.4767075e-22
1.0131379e+01 2.4523218e-22
1.0162542e+01 2.4281575e-22
1.0193800e+01 2.4042048e-22
1.0225155e+01 2.3804539e-22
1.0256606e+01 2.3568931e-22
1.0288154e+01 2.3335100e-22
1.0319799e+01 2.3102924e-22
1.0351541e+01 2.2872282e-22
1.0383381e+01 2.2643054e-22
1.0415319e+01 2.2415133e-22
1.0447355e+01 2.2188708e-22
1.0479489e+01 2.1964279e-22
1.0511723e+01 2.1742360e-22
1.0544055e+01 2.1523462e-22
1.0576487e+01 2.1308094e-22
1.0609019e+01 2.1096762e-22
1.0641651e+01 2.0889683e-22
1.0674383e+01 2.0686562e-22
1.0707216e+01 2.0487053e-22
1.0740150e+01 2.0290810e-22
1.0773185e+01 2.0097491e-22
1.0806322e+01 1.9906752e-22
1.0839560e+01 1.9718277e-22
1.0872901e+01 1.9531795e-22
1.0906345e+01 1.9347047e-22
1.0939891e+01 1.9163774e-22
1.0973541e+01 1.8981718e-22
1.1007294e+01 1.8800623e-22
1.1041151e+01 1.8620465e-22
1.1075112e+01 1.8441702e-22
1.1109177e+01 1.8264855e-22
1.1143347e+01 1.8090443e-22
1.1177623e+01 1.7918983e-22
1.1212004e+01 1.7750994e-22
1.1246490e+01 1.7587391e-22
1.1281083e+01 1.7429669e-22
1.1315782e+01 1.7279366e-22
1.1350587e+01 1.7138018e-22
1.1385500e+01 1.7007162e-22
1.1420520e+01 1.6888226e-22
1.1455648e+01 1.6780844e-22
1.1490884e+01 1.6683222e-22
1.1526229e+01 1.6593528e-22
1.1561682e+01 1.6509928e-22
1.1597244e+01 1.6430586e-22
1.1632915e+01 1.6353906e-22
1.1668696e+01 1.6279524e-22
1.1704588e+01 1.6207465e-22
1.1740589e+01 1.6137755e-22
1.1776702e+01 1.6070418e-22
1.1812925e+01 1.6005474e-22
1.1849260e+01 1.5942610e-22
1.1885707e+01 1.5881027e-22
1.1922265e+01 1.5819885e-22
1.1958937e+01 1.5758343e-22
1.1995721e+01 1.5695557e-22
1.2032618e+01 1.5630880e-22
1.2069628e+01 1.5564805e-22
1.2106753e+01 1.5498225e-22
1.2143991e+01 1.5432035e-22
1.2181345e+01 1.5367134e-22
1.2218813e+01 1.5304411e-22
1.2256396e+01 1.5244558e-22
1.2294095e+01 1.5188070e-22
1.2331910e+01 1.5135434e-22
1.2369841e+01 1.5087137e-22
1.2407889e+01 1.5043668e-22
1.2446054e+01 1.5005094e-22
1.2484336e+01 1.4970559e-22
1.2522736e+01 1.4939084e-22
1.2561254e+01 1.4909690e-22
1.2599891e+01 1.4881392e-22
1.2638646e+01 1.4853273e-22
1.2677521e+01 1.4824693e-22
1.2716515e+01 1.4795078e-22
1.2755630e+01 1.4763857e-22
1.2794864e+01 1.4730458e-22
1.2834219e+01 1.4694317e-22
1.2873696e+01 1.4654932e-22
1.2913293e+01 1.4611821e-22
1.2953013e+01 1.4564504e-22
1.2992854e+01 1.4512504e-22
1.3032818e+01 1.4455294e-22
1.3072906e+01 1.4391987e-22
1.3113116e+01 1.4321551e-22
1.3153450e+01 1.4242956e-22
1.3193908e+01 1.4155181e-22
1.3234491e+01 1.4057500e-22
1.3275198e+01 1.3951021e-22
1.3316031e+01 1.3837560e-22
1.3356989e+01 1.3718926e-22
1.3398073e+01 1.3596922e-22
1.3439284e+01 1.3473152e-22
1.3480621e+01 1.3348343e-22
1.3522086e+01 1.3222966e-22
1.3563678e+01 1.3097494e-22
1.3605398e+01 1.2972392e-22
1.3647246e+01 1.2847991e-22
1.3689223e+01 1.2724252e-22
1.3731329e+01 1.2601076e-22
1.3773565e+01 1.2478365e-22
1.3815930e+01 1.2356022e-22
1.3858426e+01 1.2234020e-22
1.3901052e+01 1.2112428e-22
1.3943810e+01 1.1991321e-22
1.3986699e+01 1.1870771e-22
1.4029720e+01 1.1750847e-22
1.4072874e+01 1.1631538e-22
1.4116160e+01 1.1512789e-22
1.4159579e+01 1.1394545e-22
1.4203132e+01 1.1276752e-22
1.4246819e+01 1.1159425e-22
1.4290640e+01 1.1042801e-22
1.4334596e+01 1.0927162e-22
1.4378687e+01 1.0812786e-22
1.4422914e+01 1.0699921e-22
1.4467277e+01 1.0588203e-22
1.4511776e+01 1.0476693e-22
1.4556412e+01 1.0364437e-22
1.4601186e+01 1.0250490e-22
1.4646097e+01 1.0133922e-22
1.4691146e+01 1.0013838e-22
1.4736334e+01 9.8893593e-23
1.4781661e+01 9.7596217e-23
1.4827127e+01 9.6238410e-23
1.4872734e+01 9.4822646e-23
1.4918480e+01 9.3359301e-23
1.4964367e+01 9.1858873e-23
1.5010395e+01 9.0331748e-23
1.5056565e+01 8.8786465e-23
1.5102877e+01 8.7227899e-23
1.5149331e+01 8.5660433e-23
1.5195929e+01 8.4088402e-23
1.5242669e+01 8.2516411e-23
1.5289553e+01 8.0950666e-23
1.5336582e+01 7.9397799e-23
1.5383755e+01 7.7864313e-23
1.5431073e+01 7.6356289e-23
1.5478537e+01 7.4876277e-23
1.5526147e+01 7.3424529e-23
1.5573903e+01 7.2001249e-23
1.5621806e+01 7.0606937e-23
1.5669857e+01 6.9250929e-23
1.5718055e+01 6.7952195e-23
1.5766401e+01 6.6729691e-23
1.5814897e+01 6.5601660e-23
1.5863541e+01 6.4571159e-23
1.5912335e+01 6.3616818e-23
1.5961279e+01 6.2715474e-23
1.6010374e+01 6.1844475e-23
1.6059619e+01 6.0984200e-23
1.6109016e+01 6.0120966e-23
1.6158565e+01 5.9242115e-23
1.6208267e+01 5.8335348e-23
1.6258121e+01 5.7399290e-23
1.6308129e+01 5.6458392e-23
1.6358290e+01 5.5540298e-23
1.6408606e+01 5.4671806e-23
1.6459077e+01 5.3867146e-23
1.6509702e+01 5.3111807e-23
1.6560484e+01 5.2387481e-23
1.6611422e+01 5.1676371e-23
1.6662516e+01 5.0968915e-23
1.6713768e+01 5.0271950e-23
1.6765177e+01 4.9594141e-23
1.6816744e+01 4.8943771e-23
1.6868470e+01 4.8319968e-23
1.6920355e+01 4.7707776e-23
1.6972400e+01 4.7091378e-23
1.7024604e+01 4.6456648e-23
1.7076970e+01 4.5822796e-23
1.7129496e+01 4.5243672e-23
1.7182184e+01 4.4773413e-23
1.7235034e+01 4.4463870e-23
1.7288046e+01 4.4348594e-23
1.7341222e+01 4.4450914e-23
1.7394561e+01 4.4797074e-23
1.7448064e+01 4.5403400e-23
1.7501732e+01 4.6213795e-23
1.7555565e+01 4.7142949e-23
1.7609563e+01 4.8099434e-23
1.7663728e+01 4.9013773e-23
1.7718059e+01 4.9880207e-23
1.7772557e+01 5.0703281e-23
1.7827223e+01 5.1487713e-23
1.7882057e+01 5.2225459e-23
1.7937060e+01 5.2895067e-23
1.7992231e+01 5.3474314e-23
1.8047573e+01 5.3941625e-23
1.8103085e+01 5.4279741e-23
1.8158767e+01 5.4473289e-23
1.8214621e+01 5.4507318e-23
1.8270647e+01 5.4369915e-23
1.8326845e+01 5.4054553e-23
1.8383215e+01 5.3555869e-23
1.8439759e+01 5.2870782e-23
1.8496478e+01 5.2012926e-23
1.8553370e+01 5.1005721e-23
1.8610438e+01 4.9872892e-23
1.8667681e+01 4.8635262e-23
1.8725100e+01 4.7306847e-23
1.8782696e+01 4.5900961e-23
1.8840468e+01 4.4432543e-23
1.8898419e+01 4.2930010e-23
1.8956548e+01 4.1428655e-23
1.9014856e+01 3.9961964e-23
1.9073343e+01 3.8542686e-23
1.9132009e+01 3.7148092e-23
1.9190857e+01 3.5754529e-23
1.9249885e+01 3.4360110e-23
1.9309095e+01 3.3073501e-23
1.9368487e+01 3.2028799e-23
1.9428062e+01 3.1335967e-23
1.9487820e+01 3.0974639e-23
1.9547762e+01 3.0802637e-23
1.9607888e+01 3.0680212e-23
1.9668199e+01 3.0508810e-23
1.9728695e+01 3.0298405e-23
1.9789378e+01 3.0077181e-23
1.9850247e+01 2.9869643e-23
1.9911304e+01 2.9677410e-23
1.9972548e+01 2.9492721e-23
2.0033981e+01 2.9308146e-23
2.0095603e+01 2.9121206e-23
2.0157414e+01 2.8933689e-23
2.0219415e+01 2.8747490e-23
2.0281607e+01 2.8563563e-23
2.0343991e+01 2.8381357e-23
2.0406566e+01 2.8200189e-23
2.0469333e+01 2.8019546e-23
2.0532294e+01 2.7839395e-23
2.0595449e+01 2.7659789e-23
2.0658797e+01 2.7480742e-23
2.0722341e+01 2.7302086e-23
2.0786080e+01 2.7123595e-23
2.0850015e+01 2.6945086e-23
2.0914147e+01 2.6766652e-23
2.0978475e+01 2.6588517e-23
2.1043002e+01 2.6410899e-23
2.1107728e+01 2.6233973e-23
2.1172652e+01 2.6057887e-23
2.1237776e+01 2.5882781e-23
2.1303100e+01 2.5708709e-23
2.1368626e+01 2.5535656e-23
2.1434353e+01 2.5363607e-23
2.1500282e+01 2.5192568e-23
2.1566413e+01 2.5022564e-23
2.1632749e+01 2.4853620e-23
2.1699288e+01 2.4685755e-23
2.1766032e+01 2.4518980e-23
2.1832981e+01 2.4353308e-23
2.1900136e+01 2.4188752e-23
2.1967498e+01 2.4025330e-23
2.2035067e+01 2.3863059e-23
2.2102844e+01 2.3701946e-23
2.2170829e+01 2.3541993e-23
2.2239023e+01 2.3383201e-23
2.2307427e+01 2.3225602e-23
2.2376042e+01 2.3069245e-23
2.2444867e+01 2.2914174e-23
2.2513904e+01 2.2760317e-23
2.2583154e+01 2.2607529e-23
2.2652617e+01 2.2455723e-23
2.2722293e+01 2.2305260e-23
2.2792183e+01 2.2156720e-23
2.2862289e+01 2.2010306e-23
2.2932610e+01 2.1864178e-23
2.3003147e+01 2.1715838e-23
2.3073902e+01 2.1563351e-23
2.3144874e+01 2.1406572e-23
2.3216064e+01 2.1245755e-23
2.3287474e+01 2.1081310e-23
2.3359102e+01 2.0913956e-23
2.3430952e+01 2.0744442e-23
2.3503022e+01 2.0573567e-23
2.3575314e+01 2.0402189e-23
2.3647828e+01 2.0231081e-23
2.3720566e+01 2.0060293e-23
2.3793527e+01 1.9889432e-23
2.3866712e+01 1.9718694e-23
2.3940123e+01 1.9551206e-23
2.4013759e+01 1.9390861e-23
2.4087622e+01 1.9241151e-23
2.4161712e+01 1.9104989e-23
2.4236030e+01 1.8984940e-23
2.4310577e+01 1.8878461e-23
2.4385353e+01 1.8777847e-23
2.4460359e+01 1.8676174e-23
2.4535595e+01 1.8572788e-23
2.4611063e+01 1.8469745e-23
2.4686763e+01 1.8368470e-23
2.4762696e+01 1.8268803e-23
2.4838863e+01 1.8170341e-23
2.4915264e+01 1.8072660e-23
2.4991900e+01 1.7975319e-23
2.5068771e+01 1.7878365e-23
2.5145879e+01 1.7784456e-23
2.5223224e+01 1.7697068e-23
2.5300807e+01 1.7618163e-23
2.5378629e+01 1.7547213e-23
2.5456690e+01 1.7483492e-23
2.5534991e+01 1.7426352e-23
2.5613533e+01 1.7375191e-23
2.5692317e+01 1.7329420e-23
2.5771343e+01 1.7288457e-23
2.5850612e+01 1.7251719e-23
2.5930124e+01 1.7218626e-23
2.6009882e+01 1.7188596e-23
2.6089885e+01 1.7161034e-23
2.6170133e+01 1.7135339e-23
2.6250629e+01 1.7110892e-23
2.6331372e+01 1.7087065e-23
2.6412364e+01 1.7063219e-23
2.6493604e+01 1.7038699e-23
2.6575095e+01 1.7012846e-23
2.6656836e+01 1.6984989e-23
2.6738829e+01 1.6954460e-23
2.6821074e+01 1.6920590e-23
2.6903571e+01 1.6882710e-23
2.6986323e+01 1.6840151e-23
2.7069329e+01 1.6792258e-23
2.7152591e+01 1.6738440e-23
2.7236108e+01 1.6678142e-23
2.7319882e+01 1.6610736e-23
2.7403915e+01 1.6535509e-23
2.7488205e+01 1.6452076e-23
2.7572755e+01 1.6361097e-23
2.7657565e+01 1.6263465e-23
2.7742636e+01 1.6160020e-23
2.7827968e+01 1.6051559e-23
2.7913563e+01 1.5938851e-23
2.7999421e+01 1.5822619e-23
2.8085543e+01 1.5703569e-23
2.8171930e+01 1.5582396e-23
2.8258583e+01 1.5459773e-23
2.8345503e+01 1.5336340e-23
2.8432689e+01 1.5212705e-23
2.8520144e+01 1.5089442e-23
2.8607868e+01 1.4967089e-23
2.8695862e+01 1.4846146e-23
2.8784126e+01 1.4727073e-23
2.8872662e+01 1.4610292e-23
2.8961470e+01 1.4496183e-23
2.9050552e+01 1.4385087e-23
2.9139907e+01 1.4277309e-23
2.9229537e+01 1.4173117e-23
2.9319443e+01 1.4072744e-23
2.9409626e+01 1.3976389e-23
2.9500085e+01 1.3884232e-23
2.9590824e+01 1.3796438e-23
2.9681841e+01 1.3713153e-23
2.9773138e+01 1.3634463e-23
2.9864716e+01 1.3560456e-23
2.9956575e+01 1.3491369e-23
3.0048718e+01 1.3427482e-23
3.0141143e+01 1.3368098e-23
3.0233853e+01 1.3311660e-23
3.0326848e+01 1.3257205e-23
3.0420129e+01 1.3204619e-23
3.0513697e+01 1.3153812e-23
3.0607553e+01 1.3104600e-23
3.0701697e+01 1.3056812e-23
3.0796131e+01 1.3010351e-23
3.0890856e+01 1.2965100e-23
3.0985872e+01 1.2920781e-23
3.1081180e+01 1.2877164e-23
3.1176781e+01 1.2834599e-23
3.1272677e+01 1.2793421e-23
3.1368867e+01 1.2751893e-23
3.1465353e+01 1.2708167e-23
3.1562136e+01 1.2670972e-23
3.1659217e+01 1.2654679e-23
3.1756596e+01 1.2655980e-23
3.1854275e+01 1.2657663e-23
3.1952254e+01 1.2653126e-23
3.2050535e+01 1.2646208e-23
3.2149118e+01 1.2638122e-23
3.2248004e+01 1.2626963e-23
3.2347194e+01 1.2611490e-23
3.2446689e+01 1.2591351e-23
3.2546491e+01 1.2566117e-23
3.2646599e+01 1.2535209e-23
3.2747015e+01 1.2497848e-23
3.2847741e+01 1.2453105e-23
3.2948776e+01 1.2401452e-23
3.3050121e+01 1.2344811e-23
3.3151779e+01 1.2284560e-23
3.3253749e+01 1.2221432e-23
3.3356033e+01 1.2155898e-23
3.3458631e+01 1.2088224e-23
3.3561545e+01 1.2018727e-23
3.3664776e+01 1.1947769e-23
3.3768324e+01 1.1875688e-23
3.3872190e+01 1.1802797e-23
3.3976376e+01 1.1729402e-23
3.4080883e+01 1.1655796e-23
3.4185711e+01 1.1582256e-23
3.4290861e+01 1.1509041e-23
3.4396335e+01 1.1436392e-23
3.4502133e+01 1.1364529e-23
3.4608257e+01 1.1293655e-23
3.4714707e+01 1.1223951e-23
3.4821485e+01 1.1155578e-23
3.4928590e+01 1.1088675e-23
3.5036026e+01 1.1023363e-23
3.5143792e+01 1.0959743e-23
3.5251889e+01 1.0897900e-23
3.5360319e+01 1.0837892e-23
3.5469082e+01 1.0779753e-23
3.5578180e+01 1.0723549e-23
3.5687613e+01 1.0669332e-23
3.5797383e+01 1.0616963e-23
3.5907491e+01 1.0566394e-23
3.6017937e+01 1.0518237e-23
3.6128724e+01 1.0472561e-23
3.6239850e+01 1.0427856e-23
3.6351319e+01 1.0383152e-23
3.6463130e+01 1.0338495e-23
3.6575286e+01 1.0294181e-23
3.6687786e+01 1.0250487e-23
3.6800633e+01 1.0206560e-23
3.6913826e+01 1.0162262e-23
3.7027368e+01 1.0121682e-23
3.7141259e+01 1.0086596e-23
3.7255500e+01 1.0053066e-23
3.7370093e+01 1.0019140e-23
3.7485038e+01 9.9854345e-24
3.7600336e+01 9.9520586e-24
3.7715990e+01 9.9188453e-24
3.7831999e+01 9.8858066e-24
3.7948365e+01 9.8529731e-24
3.8065088e+01 9.8203309e-24
3.8182171e+01 9.7878782e-24
3.8299614e+01 9.7556219e-24
3.8417418e+01 9.7235346e-24
3.8535585e+01 9.6915746e-24
3.8654115e+01 9.6596981e-24
3.8773009e+01 9.6278904e-24
3.8892270e+01 9.5961683e-24
3.9011897e+01 9.5645395e-24
3.9131892e+01 9.5330075e-24
3.9252256e+01 9.5015783e-24
3.9372990e+01 9.4702583e-24
3.9494096e+01 9.4390526e-24
3.9615574e+01 9.4079666e-24
3.9737426e+01 9.3770055e-24
3.9859653e+01 9.3461743e-24
3.9982255e+01 9.3154778e-24
4.0105235e+01 9.2849205e-24
4.0228593e+01 9.2545068e-24
4.0352331e+01 9.2242408e-24
4.0476449e+01 9.1941265e-24
4.0600948e+01 9.1641675e-24
4.0725831e+01 9.1343673e-24
4.0851098e+01 9.1047296e-24
4.0976750e+01 9.0752567e-24
4.1102789e+01 9.0459500e-24
4.1229215e+01 9.0168187e-24
4.1356030e+01 8.9878604e-24
4.1483236e+01 8.9590511e-24
4.1610832e+01 8.9304665e-24
4.1738821e+01 8.9026157e-24
4.1867204e+01 8.8770330e-24
4.1995982e+01 8.8532518e-24
4.2125155e+01 8.8291655e-24
4.2254726e+01 8.8048203e-24
4.2384696e+01 8.7805087e-24
4.2515065e+01 8.7560540e-24
4.2645835e+01 8.7314154e-24
4.2777008e+01 8.7065901e-24
4.2908584e+01 8.6815406e-24
4.3040565e+01 8.6562261e-24
4.3172951e+01 8.6306392e-24
4.3305745e+01 8.6048309e-24
4.3438947e+01 8.5788855e-24
4.3572559e+01 8.5528678e-24
4.3706582e+01 8.5267906e-24
4.3841018e+01 8.5006765e-24
4.3975866e+01 8.4745523e-24
4.4111130e+01 8.4484408e-24
4.4246810e+01 8.4223645e-24
4.4382906e+01 8.3963454e-24
4.4519422e+01 8.3704041e-24
4.4656357e+01 8.3445600e-24
4.4793714e+01 8.3188312e-24
4.4931493e+01 8.2932345e-24
4.5069696e+01 8.2677851e-24
4.5208324e+01 8.2424968e-24
4.5347378e+01 8.2173820e-24
4.5486860e+01 8.1924515e-24
4.5626772e+01 8.1677146e-24
4.5767113e+01 8.1431793e-24
4.5907886e+01 8.1188520e-24
4.6049092e+01 8.0947380e-24
4.6190733e+01 8.0708412e-24
4.6332809e+01 8.0471647e-24
4.6475322e+01 8.0237101e-24
4.6618273e+01 8.0004785e-24
4.6761665e+01 7.9774700e-24
4.6905497e+01 7.9546844e-24
4.7049772e+01 7.9321203e-24
4.7194490e+01 7.9097774e-24
4.7339654e+01 7.8876474e-24
4.7485264e+01 7.8656836e-24
4.7631321e+01 7.8438628e-24
4.7777829e+01 7.8221855e-24
4.7924786e+01 7.8006469e-24
4.8072196e+01 7.7792435e-24
4.8220060e+01 7.7579724e-24
4.8368378e+01 7.7368304e-24
4.8517152e+01 7.7158148e-24
4.8666384e+01 7.6949227e-24
4.8816075e+01 7.6741518e-24
4.8966226e+01 7.6534995e-24
4.9116839e+01 7.6329636e-24
4.9267916e+01 7.6125419e-24
4.9419457e+01 7.5922324e-24
4.9571464e+01 7.5720332e-24
4.9723939e+01 7.5519424e-24
4.9876882e+01 7.5319584e-24
5.0030297e+01 7.5120794e-24
5.0184183e+01 7.4923039e-24
5.0338542e+01 7.4726306e-24
5.0493376e+01 7.4530579e-24
5.0648687e+01 7.4335846e-24
5.0804475e+01 7.4142095e-24
5.0960742e+01 7.3949314e-24
5.1117490e+01 7.3757494e-24
5.1274720e+01 7.3566623e-24
5.1432434e+01 7.3376693e-24
5.1590633e+01 7.3187697e-24
5.1749319e+01 7.2999628e-24
5.1908492e+01 7.2812479e-24
5.2068155e+01 7.2626245e-24
5.2228309e+01 7.2440924e-24
5.2388956e+01 7.2256512e-24
5.2550097e+01 7.2073007e-24
5.2711734e+01 7.1890410e-24
5.2873868e+01 7.1708721e-24
5.3036500e+01 7.1527944e-24
5.3199633e+01 7.1348083e-24
5.3363268e+01 7.1169142e-24
5.3527405e+01 7.0991130e-24
5.3692048e+01 7.0814056e-24
5.3857197e+01 7.0637931e-24
5.4022854e+01 7.0462768e-24
5.4189021e+01 7.0288583e-24
5.4355699e+01 7.0115392e-24
5.4522889e+01 6.9943217e-24
5.4690594e+01 6.9772078e-24
5.4858814e+01 6.9602003e-24
5.5027552e+01 6.9433325e-24
5.5196809e+01 6.9265826e-24
5.5366587e+01 6.9099134e-24
5.5536886e+01 6.8933245e-24
5.5707710e+01 6.8768154e-24
5.5879059e+01 6.8603857e-24
5.6050935e+01 6.8440351e-24
5.6223340e+01 6.8277631e-24
5.6396275e+01 6.8115694e-24
5.6569742e+01 6.7954534e-24
5.6743742e+01 6.7794148e-24
5.6918278e+01 6.7634532e-24
5.7093350e+01 6.7475683e-24
5.7268961e+01 6.7317595e-24
5.7445113e+01 6.7160265e-24
5.7621806e+01 6.7003690e-24
5.7799042e+01 6.6847864e-24
5.7976824e+01 6.6692785e-24
5.8155152e+01 6.6538448e-24
5.8334029e+01 6.6384849e-24
5.8513456e+01 6.6231985e-24
5.8693435e+01 6.6079851e-24
5.8873968e+01 6.5928444e-24
5.9055056e+01 6.5777760e-24
5.9236701e+01 6.5627795e-24
5.9418905e+01 6.5478546e-24
5.9601669e+01 6.5330008e-24
5.9784995e+01 6.5182178e-24
5.9968885e+01 6.5035051e-24
6.0153341e+01 6.4888625e-24
6.0338364e+01 6.4742896e-24
6.0523956e+01 6.4597859e-24
6.0710119e+01 6.4453512e-24
6.0896855e+01 6.4309849e-24
6.1084165e+01 6.4166869e-24
6.1272051e+01 6.4024566e-24
6.1460516e+01 6.3882938e-24
6.1649559e+01 6.3741980e-24
6.1839185e+01 6.3601690e-24
6.2029393e+01 6.3462063e-24
6.2220187e+01 6.3323095e-24
6.2411567e+01 6.3184784e-24
6.2603536e+01 6.3047126e-24
6.2796096e+01 6.2910117e-24
6.2989248e+01 6.2773753e-24
6.3182994e+01 6.2638032e-24
6.3377336e+01 6.2502948e-24
6.3572275e+01 6.2368500e-24
6.3767815e+01 6.2234683e-24
6.3963955e+01 6.2101494e-24
6.4160699e+01 6.1968929e-24
6.4358049e+01 6.1836986e-24
6.4556005e+01 6.1705659e-24
6.4754570e+01 6.1574947e-24
6.4953746e+01 6.1444845e-24
6.5153534e+01 6.1315351e-24
6.5353937e+01 6.1186460e-24
6.5554957e+01 6.1058169e-24
6.5756594e+01 6.0930476e-24
6.5958852e+01 6.0803375e-24
6.6161732e+01 6.0676865e-24
6.6365237e+01 6.0550942e-24
6.6569367e+01 6.0425602e-24
6.6774125e+01 6.0300842e-24
6.6979512e+01 6.0176659e-24
6.7185532e+01 6.0053050e-24
6.7392185e+01 5.9930010e-24
6.7599474e+01 5.9807537e-24
6.7807400e+01 5.9685628e-24
6.8015966e+01 5.9564279e-24
6.8225173e+01 5.9443487e-24
6.8435024e+01 5.9323248e-24
6.8645521e+01 5.9203560e-24
6.8856665e+01 5.9084420e-24
6.9068458e+01 5.8965823e-24
6.9280903e+01 5.8847767e-24
6.9494001e+01 5.8730249e-24
6.9707755e+01 5.8613265e-24
6.9922166e+01 5.8496812e-24
7.0137236e+01 5.8380888e-24
7.0352969e+01 5.8265488e-24
7.0569364e+01 5.8150610e-24
7.0786426e+01 5.8036251e-24
7.1004155e+01 5.7922408e-24
7.1222553e+01 5.7809076e-24
7.1441624e+01 5.7696255e-24
7.1661368e+01 5.7583939e-24
7.1881788e+01 5.7472127e-24
7.2102886e+01 5.7360815e-24
7.2324665e+01 5.7250000e-24
7.2547125e+01 5.7139679e-24
7.2770270e+01 5.7029849e-24
7.2994101e+01 5.6920507e-24
7.3218620e+01 5.6811651e-24
7.3443830e+01 5.6703276e-24
7.3669733e+01 5.6595380e-24
7.3896331e+01 5.6487961e-24
7.4123625e+01 5.6381015e-24
7.4351619e+01 5.6274539e-24
7.4580314e+01 5.6168530e-24
7.4809713e+01 5.6062986e-24
7.5039817e+01 5.5957904e-24
7.5270628e+01 5.5853280e-24
7.5502150e+01 5.5749112e-24
7.5734384e+01 5.5645396e-24
7.5967332e+01 5.5542131e-24
7.6200997e+01 5.5439314e-24
7.6435380e+01 5.5336940e-24
7.6670485e+01 5.5235009e-24
7.6906312e+01 5.5133516e-24
7.7142865e+01 5.5032459e-24
7.7380146e+01 5.4931836e-24
7.7618156e+01 5.4831643e-24
7.7856898e+01 5.4731878e-24
7.8096375e+01 5.4632539e-24
7.8336589e+01 5.4533621e-24
7.8577541e+01 5.4435124e-24
7.8819234e+01 5.4337043e-24
7.9061671e+01 5.4239377e-24
7.9304853e+01 5.4142122e-24
7.9548784e+01 5.4045277e-24
7.9793465e+01 5.3948838e-24
8.0038898e+01 5.3852803e-24
8.0285086e+01 5.3757169e-24
8.0532032e+01 5.3661934e-24
8.0779737e+01 5.3567095e-24
8.1028204e+01 5.3472649e-24
8.1277435e+01 5.3378595e-24
8.1527433e+01 5.3284929e-24
8.1778200e+01 5.3191649e-24
8.2029738e+01 5.3098752e-24
8.2282050e+01 5.3006236e-24
8.2535138e+01 5.2914099e-24
8.2789004e+01 5.2822338e-24
8.3043651e+01 5.2730951e-24
8.3299082e+01 5.2639934e-24
8.3555298e+01 5.2549287e-24
8.3812302e+01 5.2459006e-24
8.4070097e+01 5.2369089e-24
8.4328684e+01 5.2279533e-24
8.4588067e+01 5.2190337e-24
8.4848248e+01 5.2101498e-24
8.5109230e+01 5.2013013e-24
8.5371013e+01 5.1924881e-24
8.5633603e+01 5.1837098e-24
8.5896999e+01 5.1749664e-24
8.6161206e+01 5.1662574e-24
8.6426226e+01 5.1575829e-24
8.6692061e+01 5.1489424e-24
8.6958713e+01 5.1403357e-24
8.7226186e+01 5.1317628e-24
8.7494481e+01 5.1232232e-24
8.7763602e+01 5.1147169e-24
8.8033550e+01 5.1062436e-24
8.8304329e+01 5.0978031e-24
8.8575940e+01 5.0893951e-24
8.8848387e+01 5.0810195e-24
8.9121672e+01 5.0726761e-24
8.9395798e+01 5.0643646e-24
8.9670767e+01 5.0560848e-24
8.9946581e+01 5.0478365e-24
9.0223244e+01 5.0396196e-24
9.0500758e+01 5.0314338e-24
9.0779126e+01 5.0232789e-24
9.1058349e+01 5.0151547e-24
9.1338432e+01 5.0070611e-24
9.1619376e+01 4.9989978e-24
9.1901184e+01 4.9909645e-24
9.2183859e+01 4.9829613e-24
9.2467404e+01 4.9749877e-24
9.2751820e+01 4.9670437e-24
9.3037112e+01 4.9591291e-24
9.3323280e+01 4.9512436e-24
9.3610330e+01 4.9433871e-24
9.3898262e+01 4.9355594e-24
9.4187079e+01 4.9277603e-24
9.4476786e+01 4.9199896e-24
9.4767383e+01 4.9122472e-24
9.5058874e+01 4.9045328e-24
9.5351261e+01 4.8968463e-24
9.5644548e+01 4.8891876e-24
9.5938737e+01 4.8815563e-24
9.6233831e+01 4.8739524e-24
9.6529833e+01 4.8663757e-24
9.6826745e+01 4.8588260e-24
9.7124570e+01 4.8513031e-24
9.7423312e+01 4.8438069e-24
9.7722972e+01 4.8363372e-24
9.8023554e+01 4.8288938e-24
9.8325060e+01 4.8214766e-24
9.8627494e+01 4.8140854e-24
9.8930858e+01 4.8067201e-24
9.9235156e+01 4.7993804e-24
9.9540389e+01 4.7920663e-24
9.9846561e+01 4.7847775e-24
1.0015367e+02 4.7775139e-24
1.0046173e+02 4.7702754e-24
1.0077074e+02 4.7630617e-24
1.0108070e+02 4.7558729e-24
1.0139161e+02 4.7487085e-24
1.0170347e+02 4.7415687e-24
1.0201630e+02 4.7344531e-24
1.0233008e+02 4.7273617e-24
1.0264484e+02 4.7202942e-24
1.0296056e+02 4.7132506e-24
1.0327725e+02 4.7062307e-24
1.0359492e+02 4.6992344e-24
1.0391356e+02 4.6922614e-24
1.0423318e+02 4.6853118e-24
1.0455379e+02 4.6783853e-24
1.0487538e+02 4.6714818e-24
1.0519796e+02 4.6646011e-24
1.0552154e+02 4.6577432e-24
1.0584611e+02 4.6509079e-24
1.0617168e+02 4.6440950e-24
1.0649824e+02 4.6373044e-24
1.0682582e+02 4.6305361e-24
1.0715440e+02 4.6237898e-24
1.0748399e+02 4.6170654e-24
1.0781460e+02 4.6103629e-24
1.0814622e+02 4.6036820e-24
1.0847886e+02 4.5970227e-24
1.0881253e+02 4.5903848e-24
1.0914722e+02 4.5837682e-24
1.0948294e+02 4.5771728e-24
1.0981969e+02 4.5705984e-24
1.1015748e+02 4.5640450e-24
1.1049631e+02 4.5575124e-24
1.1083618e+02 4.5510006e-24
1.1117710e+02 4.5445093e-24
1.1151906e+02 4.5380385e-24
1.1186208e+02 4.5315880e-24
1.1220615e+02 4.5251578e-24
1.1255128e+02 4.5187477e-24
1.1289747e+02 4.5123577e-24
1.1324473e+02 4.5059875e-24
1.1359306e+02 4.4996372e-24
1.1394245e+02 4.4933065e-24
1.1429292e+02 4.4869955e-24
1.1464447e+02 4.4807039e-24
1.1499710e+02 4.4744317e-24
1.1535082e+02 4.4681787e-24
1.1570562e+02 4.4619449e-24
1.1606151e+02 4.4557302e-24
1.1641850e+02 4.4495345e-24
1.1677659e+02 4.4433576e-24
1.1713578e+02 4.4371994e-24
1.1749607e+02 4.4310600e-24
1.1785747e+02 4.4249390e-24
1.1821998e+02 4.4188366e-24
1.1858361e+02 4.4127525e-24
1.1894836e+02 4.4066867e-24
1.1931423e+02 4.4006391e-24
1.1968122e+02 4.3946096e-24
1.2004934e+02 4.3885980e-24
1.2041860e+02 4.3826044e-24
1.2078899e+02 4.3766286e-24
1.2116052e+02 4.3706705e-24
1.2153319e+02 4.3647300e-24
1.2190701e+02 4.3588071e-24
1.2228198e+02 4.3529016e-24
1.2265810e+02 4.3470135e-24
1.2303538e+02 4.3411427e-24
1.2341382e+02 4.3352891e-24
1.2379342e+02 4.3294526e-24
1.2417419e+02 4.3236331e-24
1.2455613e+02 4.3178306e-24
1.2493925e+02 4.3120450e-24
1.2532355e+02 4.3062761e-24
1.2570902e+02 4.3005240e-24
1.2609569e+02 4.2947885e-24
1.2648354e+02 4.2890695e-24
1.2687259e+02 4.2833670e-24
1.2726283e+02 4.2776809e-24
1.2765427e+02 4.2720112e-24
1.2804692e+02 4.2663576e-24
1.2844077e+02 4.2607203e-24
1.2883584e+02 4.2550990e-24
1.2923212e+02 4.2494937e-24
1.2962962e+02 4.2439044e-24
1.3002834e+02 4.2383310e-24
1.3042829e+02 4.2327733e-24
1.3082947e+02 4.2272314e-24
1.3123188e+02 4.2217052e-24
1.3163553e+02 4.2161945e-24
1.3204042e+02 4.2106994e-24
1.3244656e+02 4.2052198e-24
1.3285395e+02 4.1997555e-24
1.3326259e+02 4.1943065e-24
1.3367248e+02 4.1888728e-24
1.3408364e+02 4.1834543e-24
1.3449606e+02 4.1780509e-24
1.3490975e+02 4.1726626e-24
1.3532472e+02 4.1672893e-24
1.3574096e+02 4.1619309e-24
1.3615848e+02 4.1565873e-24
1.3657728e+02 4.1512586e-24
1.3699737e+02 4.1459447e-24
1.3741876e+02 4.1406454e-24
1.3784144e+02 4.1353607e-24
1.3826542e+02 4.1300906e-24
1.3869070e+02 4.1248350e-24
1.3911730e+02 4.1195939e-24
1.3954520e+02 4.1143672e-24
1.3997442e+02 4.1091548e-24
1.4040496e+02 4.1039567e-24
1.4083683e+02 4.0987728e-24
1.4127002e+02 4.0936030e-24
1.4170455e+02 4.0884474e-24
1.4214041e+02 4.0833058e-24
1.4257762e+02 4.0781783e-24
1.4301617e+02 4.0730646e-24
1.4345606e+02 4.0679649e-24
1.4389731e+02 4.0628790e-24
1.4433992e+02 4.0578070e-24
1.4478389e+02 4.0527486e-24
1.4522922e+02 4.0477039e-24
1.4567593e+02 4.0426729e-24
1.4612401e+02 4.0376555e-24
1.4657346e+02 4.0326516e-24
1.4702430e+02 4.0276612e-24
1.4747653e+02 4.0226842e-24
1.4793015e+02 4.0177206e-24
1.4838516e+02 4.0127704e-24
1.4884157e+02 4.0078335e-24
1.4929939e+02 4.0029098e-24
1.4975861e+02 3.9979993e-24
1.5021925e+02 3.9931020e-24
1.5068130e+02 3.9882177e-24
1.5114477e+02 3.9833466e-24
1.5160967e+02 3.9784885e-24
1.5207600e+02 3.9736433e-24
1.5254377e+02 3.9688111e-24
1.5301297e+02 3.9639918e-24
1.5348362e+02 3.9591853e-24
1.5395571e+02 3.9543916e-24
1.5442926e+02 3.9496107e-24
1.5490426e+02 3.9448425e-24
1.5538072e+02 3.9400870e-24
1.5585865e+02 3.9353441e-24
1.5633805e+02 3.9306139e-24
1.5681892e+02 3.9258961e-24
1.5730128e+02 3.9211909e-24
1.5778511e+02 3.9164982e-24
1.5827044e+02 3.9118179e-24
1.5875725e+02 3.9071500e-24
1.5924557e+02 3.9024945e-24
1.5973539e+02 3.8978513e-24
1.6022671e+02 3.8932204e-24
1.6071954e+02 3.8886017e-24
1.6121389e+02 3.8839953e-24
1.6170976e+02 3.8794010e-24
1.6220716e+02 3.8748188e-24
1.6270609e+02 3.8702488e-24
1.6320655e+02 3.8656908e-24
1.6370855e+02 3.8611449e-24
1.6421209e+02 3.8566109e-24
1.6471719e+02 3.8520889e-24
1.6522383e+02 3.8475789e-24
1.6573204e+02 3.8430807e-24
1.6624181e+02 3.8385944e-24
1.6675314e+02 3.8341199e-24
1.6726605e+02 3.8296572e-24
1.6778054e+02 3.8252063e-24
1.6829661e+02 3.8207671e-24
1.6881426e+02 3.8163396e-24
1.6933351e+02 3.8119238e-24
1.6985436e+02 3.8075196e-24
1.7037681e+02 3.8031270e-24
1.7090086e+02 3.7987459e-24
1.7142653e+02 3.7943765e-24
1.7195381e+02 3.7900185e-24
1.7248272e+02 3.7856720e-24
1.7301325e+02 3.7813369e-24
1.7354541e+02 3.7770133e-24
1.7407921e+02 3.7727011e-24
1.7461466e+02 3.7684002e-24
1.7515175e+02 3.7641107e-24
1.7569049e+02 3.7598324e-24
1.7623089e+02 3.7555655e-24
1.7677295e+02 3.7513098e-24
1.7731668e+02 3.7470653e-24
1.7786208e+02 3.7428320e-24
1.7840916e+02 3.7386099e-24
1.7895792e+02 3.7343989e-24
1.7950837e+02 3.7301991e-24
1.8006051e+02 3.7260103e-24
1.8061435e+02 3.7218326e-24
1.8116989e+02 3.7176659e-24
1.8172715e+02 3.7135103e-24
1.8228611e+02 3.7093656e-24
1.8284680e+02 3.7052319e-24
1.8340921e+02 3.7011091e-24
1.8397335e+02 3.6969972e-24
1.8453923e+02 3.6928963e-24
1.8510684e+02 3.6888062e-24
1.8567621e+02 3.6847269e-24
1.8624732e+02 3.6806584e-24
1.8682019e+02 3.6766008e-24
1.8739482e+02 3.6725539e-24
1.8797122e+02 3.6685177e-24
1.8854939e+02 3.6644923e-24
1.8912935e+02 3.6604776e-24
1.8971108e+02 3.6564735e-24
1.9029460e+02 3.6524802e-24
1.9087992e+02 3.6484974e-24
1.9146704e+02 3.6445253e-24
1.9205597e+02 3.6405637e-24
1.9264671e+02 3.6366128e-24
1.9323926e+02 3.6326724e-24
1.9383364e+02 3.6287425e-24
1.9442984e+02 3.6248231e-24
1.9502788e+02 3.6209142e-24
1.9562776e+02 3.6170158e-24
1.9622948e+02 3.6131278e-24
1.9683305e+02 3.6092503e-24
1.9743849e+02 3.6053832e-24
1.9804578e+02 3.6015264e-24
1.9865494e+02 3.5976800e-24
1.9926597e+02 3.5938440e-24
1.9987889e+02 3.5900184e-24
2.0049369e+02 3.5862030e-24
2.0111038e+02 3.5823979e-24
2.0172896e+02 3.5786031e-24
2.0234945e+02 3.5748186e-24
2.0297185e+02 3.5710443e-24
2.0359616e+02 3.5672803e-24
2.0422240e+02 3.5635264e-24
2.0485056e+02 3.5597828e-24
2.0548065e+02 3.5560493e-24
2.0611268e+02 3.5523260e-24
2.0674665e+02 3.5486128e-24
2.0738257e+02 3.5449098e-24
2.0802045e+02 3.5412168e-24
2.0866029e+02 3.5375340e-24
2.0930210e+02 3.5338612e-24
2.0994589e+02 3.5301985e-24
2.1059165e+02 3.5265458e-24
2.1123940e+02 3.5229032e-24
2.1188914e+02 3.5192706e-24
2.1254088e+02 3.5156480e-24
2.1319463e+02 3.5120353e-24
2.1385039e+02 3.5084327e-24
2.1450816e+02 3.5048400e-24
2.1516796e+02 3.5012572e-24
2.1582978e+02 3.4976844e-24
2.1649364e+02 3.4941215e-24
2.1715955e+02 3.4905684e-24
2.1782750e+02 3.4870253e-24
2.1849750e+02 3.4834921e-24
2.1916957e+02 3.4799687e-24
2.1984371e+02 3.4764551e-24
2.2051991e+02 3.4729514e-24
2.2119820e+02 3.4694575e-24
2.2187858e+02 3.4659735e-24
2.2256104e+02 3.4624992e-24
2.2324561e+02 3.4590347e-24
2.2393228e+02 3.4555799e-24
2.2462107e+02 3.4521350e-24
2.2531197e+02 3.4486998e-24
2.2600500e+02 3.4452743e-24
2.2670016e+02 3.4418585e-24
2.2739745e+02 3.4384525e-24
2.2809689e+02 3.4350562e-24
2.2879849e+02 3.4316695e-24
2.2950224e+02 3.4282926e-24
2.3020816e+02 3.4249253e-24
2.3091624e+02 3.4215677e-24
2.3162651e+02 3.4182197e-24
2.3233896e+02 3.4148814e-24
2.3305360e+02 3.4115527e-24
2.3377044e+02 3.4082336e-24
2.3448949e+02 3.4049241e-24
2.3521074e+02 3.4016242e-24
2.3593422e+02 3.3983340e-24
2.3665992e+02 3.3950533e-24
2.3738785e+02 3.3917821e-24
2.3811802e+02 3.3885206e-24
2.3885044e+02 3.3852686e-24
2.3958511e+02 3.3820261e-24
2.4032204e+02 3.3787932e-24
2.4106123e+02 3.3755698e-24
2.4180270e+02 3.3723560e-24
2.4254646e+02 3.3691516e-24
2.4329249e+02 3.3659568e-24
2.4404083e+02 3.3627714e-24
2.4479146e+02 3.3595956e-24
2.4554441e+02 3.3564292e-24
2.4629967e+02 3.3532723e-24
2.4705725e+02 3.3501249e-24
2.4781716e+02 3.3469869e-24
2.4857941e+02 3.3438584e-24
2.4934401e+02 3.3407393e-24
2.5011095e+02 3.3376297e-24
2.5088026e+02 3.3345296e-24
2.5165193e+02 3.3314388e-24
2.5242598e+02 3.3283575e-24
2.5320240e+02 3.3252856e-24
2.5398122e+02 3.3222231e-24
2.5476243e+02 3.3191700e-24
2.5554604e+02 3.3161263e-24
2.5633206e+02 3.3130920e-24
2.5712050e+02 3.3100671e-24
2.5791137e+02 3.3070516e-24
2.5870467e+02 3.3040454e-24
2.5950041e+02 3.3010487e-24
2.6029859e+02 3.2980613e-24
2.6109924e+02 3.2950833e-24
2.6190234e+02 3.2921146e-24
2.6270792e+02 3.2891553e-24
2.6351597e+02 3.2862053e-24
2.6432650e+02 3.2832647e-24
2.6513954e+02 3.2803335e-24
2.6595507e+02 3.2774116e-24
2.6677311e+02 3.2744990e-24
2.6759366e+02 3.2715958e-24
2.6841674e+02 3.2687019e-24
2.6924236e+02 3.2658173e-24
2.7007051e+02 3.2629420e-24
2.7090121e+02 3.2600761e-24
2.7173446e+02 3.2572195e-24
2.7257028e+02 3.2543722e-24
2.7340866e+02 3.2515343e-24
2.7424963e+02 3.2487056e-24
2.7509318e+02 3.2458863e-24
2.7593933e+02 3.2430763e-24
2.7678808e+02 3.2402756e-24
2.7763944e+02 3.2374841e-24
2.7849342e+02 3.2347020e-24
2.7935003e+02 3.2319292e-24
2.8020927e+02 3.2291658e-24
2.8107115e+02 3.2264116e-24
2.8193569e+02 3.2236667e-24
2.8280288e+02 3.2209311e-24
2.8367274e+02 3.2182048e-24
2.8454528e+02 3.2154878e-24
2.8542050e+02 3.2127801e-24
2.8629841e+02 3.2100818e-24
2.8717903e+02 3.2073927e-24
2.8806235e+02 3.2047129e-24
2.8894839e+02 3.2020424e-24
2.8983715e+02 3.1993813e-24
2.9072865e+02 3.1967294e-24
2.9162289e+02 3.1940868e-24
2.9251988e+02 3.1914535e-24
2.9341963e+02 3.1888296e-24
2.9432215e+02 3.1862149e-24
2.9522744e+02 3.1836096e-24
2.9613552e+02 3.1810135e-24
2.9704639e+02 3.1784268e-24
2.9796006e+02 3.1758494e-24
2.9887654e+02 3.1732813e-24
2.9979584e+02 3.1707225e-24
3.0071797e+02 3.1681731e-24
3.0164294e+02 3.1656329e-24
3.0257075e+02 3.1631021e-24
3.0350142e+02 3.1605806e-24
3.0443494e+02 3.1580685e-24
3.0537134e+02 3.1555657e-24
3.0631062e+02 3.1530722e-24
3.0725279e+02 3.1505881e-24
3.0819785e+02 3.1481133e-24
3.0914583e+02 3.1456478e-24
3.1009672e+02 3.1431917e-24
3.1105053e+02 3.1407450e-24
3.1200728e+02 3.1383076e-24
3.1296697e+02 3.1358796e-24
3.1392961e+02 3.1334609e-24
3.1489521e+02 3.1310517e-24
3.1586378e+02 3.1286518e-24
3.1683534e+02 3.1262612e-24
3.1780988e+02 3.1238801e-24
3.1878741e+02 3.1215084e-24
3.1976796e+02 3.1191461e-24
3.2075152e+02 3.1167931e-24
3.2173811e+02 3.1144496e-24
3.2272773e+02 3.1121155e-24
3.2372039e+02 3.1097909e-24
3.2471611e+02 3.1074756e-24
3.2571489e+02 3.1051698e-24
3.2671674e+02 3.1028735e-24
3.2772168e+02 3.1005865e-24
3.2872970e+02 3.0983091e-24
3.2974083e+02 3.0960411e-24
3.3075506e+02 3.0937826e-24
3.3177242e+02 3.0915335e-24
3.3279290e+02 3.0892940e-24
3.3381653e+02 3.0870639e-24
3.3484330e+02 3.0848434e-24
3.3587323e+02 3.0826323e-24
3.3690633e+02 3.0804308e-24
3.3794261e+02 3.0782388e-24
3.3898207e+02 3.0760564e-24
3.4002473e+02 3.0738834e-24
3.4107060e+02 3.0717201e-24
3.4211968e+02 3.0695663e-24
3.4317199e+02 3.0674221e-24
3.4422754e+02 3.0652875e-24
3.4528634e+02 3.0631625e-24
3.4634839e+02 3.0610470e-24
3.4741371e+02 3.0589412e-24
3.4848230e+02 3.0568451e-24
3.4955418e+02 3.0547585e-24
3.5062936e+02 3.0526816e-24
3.5170785e+02 3.0506144e-24
3.5278965e+02 3.0485569e-24
3.5387478e+02 3.0465090e-24
3.5496325e+02 3.0444709e-24
3.5605507e+02 3.0424424e-24
3.5715024e+02 3.0404237e-24
3.5824879e+02 3.0384147e-24
3.5935071e+02 3.0364155e-24
3.6045602e+02 3.0344261e-24
3.6156473e+02 3.0324464e-24
3.6267685e+02 3.0304765e-24
3.6379240e+02 3.0285165e-24
3.6491137e+02 3.0265663e-24
3.6603379e+02 3.0246259e-24
3.6715965e+02 3.0226954e-24
3.6828898e+02 3.0207747e-24
3.6942179e+02 3.0188640e-24
3.7055808e+02 3.0169632e-24
3.7169786e+02 3.0150723e-24
3.7284115e+02 3.0131914e-24
3.7398796e+02 3.0113205e-24
3.7513829e+02 3.0094596e-24
3.7629216e+02 3.0076087e-24
3.7744959e+02 3.0057678e-24
3.7861057e+02 3.0039371e-24
3.7977512e+02 3.0021164e-24
3.8094325e+02 3.0003059e-24
3.8211498e+02 2.9985055e-24
3.8329031e+02 2.9967153e-24
3.8446926e+02 2.9949354e-24
3.8565183e+02 2.9931657e-24
3.8683804e+02 2.9914063e-24
3.8802790e+02 2.9896573e-24
3.8922142e+02 2.9879187e-24
3.9041861e+02 2.9861905e-24
3.9161948e+02 2.9844729e-24
3.9282405e+02 2.9827658e-24
3.9403232e+02 2.9810693e-24
3.9524431e+02 2.9793836e-24
3.9646002e+02 2.9777087e-24
3.9767948e+02 2.9760446e-24
3.9890268e+02 2.9743916e-24
4.0012965e+02 2.9727497e-24
4.0136039e+02 2.9711191e-24
4.0259492e+02 2.9694999e-24
4.0383324e+02 2.9678924e-24
4.0507538e+02 2.9662968e-24
4.0632133e+02 2.9647133e-24
4.0757112e+02 2.9631423e-24
4.0882475e+02 2.9615842e-24
4.1008224e+02 2.9600395e-24
4.1134359e+02 2.9585088e-24
4.1260883e+02 2.9569929e-24
4.1387795e+02 2.9554926e-24
4.1515098e+02 2.9540094e-24
4.1642793e+02 2.9525447e-24
4.1770880e+02 2.9511008e-24
4.1899361e+02 2.9496804e-24
4.2028238e+02 2.9482877e-24
4.2157511e+02 2.9469281e-24
4.2287181e+02 2.9456097e-24
4.2417251e+02 2.9443447e-24
4.2547720e+02 2.9431516e-24
4.2678591e+02 2.9420606e-24
4.2809864e+02 2.9411230e-24
4.2941541e+02 2.9404320e-24
4.3073623e+02 2.9401721e-24
4.3206111e+02 2.9407524e-24
4.3339007e+02 2.9432389e-24
4.3472312e+02 2.9511944e-24
4.3606027e+02 2.9833356e-24
4.3740153e+02 3.3776580e-24
4.3874691e+02 3.3444259e-24
4.4009643e+02 2.9759311e-24
4.4145011e+02 2.9428666e-24
4.4280795e+02 2.9327840e-24
4.4416996e+02 2.9278912e-24
4.4553616e+02 2.9247969e-24
4.4690657e+02 2.9224901e-24
4.4828119e+02 2.9205844e-24
4.4966004e+02 2.9189067e-24
4.5104313e+02 2.9173701e-24
4.5243047e+02 2.9159271e-24
4.5382209e+02 2.9145500e-24
4.5521798e+02 2.9132219e-24
4.5661816e+02 2.9119318e-24
4.5802266e+02 2.9106725e-24
4.5943147e+02 2.9094391e-24
4.6084462e+02 2.9082280e-24
4.6226211e+02 2.9070367e-24
4.6368396e+02 2.9058636e-24
4.6511019e+02 2.9047071e-24
4.6654080e+02 2.9035662e-24
4.6797581e+02 2.9024402e-24
4.6941524e+02 2.9013285e-24
4.7085910e+02 2.9002305e-24
4.7230739e+02 2.8991460e-24
4.7376014e+02 2.8980746e-24
4.7521736e+02 2.8970162e-24
4.7667906e+02 2.8959704e-24
4.7814526e+02 2.8949372e-24
4.7961597e+02 2.8939165e-24
4.8109120e+02 2.8929081e-24
4.8257096e+02 2.8919120e-24
4.8405528e+02 2.8909281e-24
4.8554417e+02 2.8899565e-24
4.8703763e+02 2.8889969e-24
4.8853569e+02 2.8880495e-24
4.9003836e+02 2.8871143e-24
4.9154565e+02 2.8861911e-24
4.9305757e+02 2.8852800e-24
4.9457415e+02 2.8843810e-24
4.9609539e+02 2.8834942e-24
4.9762131e+02 2.8826194e-24
4.9915192e+02 2.8817568e-24
5.0068724e+02 2.8809063e-24
5.0222728e+02 2.8800679e-24
5.0377206e+02 2.8792418e-24
5.0532159e+02 2.8784278e-24
5.0687589e+02 2.8776260e-24
5.0843497e+02 2.8768364e-24
5.0999884e+02 2.8760591e-24
5.1156753e+02 2.8752941e-24
5.1314103e+02 2.8745414e-24
5.1471938e+02 2.8738011e-24
5.1630259e+02 2.8730730e-24
5.1789066e+02 2.8723574e-24
5.1948362e+02 2.8716542e-24
5.2108148e+02 2.8709634e-24
5.2268425e+02 2.8702851e-24
5.2429195e+02 2.8696194e-24
5.2590460e+02 2.8689661e-24
5.2752221e+02 2.8683255e-24
5.2914479e+02 2.8676974e-24
5.3077236e+02 2.8670819e-24
5.3240495e+02 2.8664792e-24
5.3404255e+02 2.8658891e-24
5.3568519e+02 2.8653118e-24
5.3733288e+02 2.8647472e-24
5.3898564e+02 2.8641955e-24
5.4064348e+02 2.8636565e-24
5.4230642e+02 2.8631305e-24
5.4397448e+02 2.8626174e-24
5.4564767e+02 2.8621172e-24
5.4732600e+02 2.8616300e-24
5.4900950e+02 2.8611558e-24
5.5069818e+02 2.8606946e-24
5.5239205e+02 2.8602466e-24
5.5409112e+02 2.8598117e-24
5.5579543e+02 2.8593899e-24
5.5750498e+02 2.8589814e-24
5.5921978e+02 2.8585861e-24
5.6093986e+02 2.8582040e-24
5.6266524e+02 2.8578353e-24
5.6439591e+02 2.8574800e-24
5.6613192e+02 2.8571380e-24
5.6787326e+02 2.8568095e-24
5.6961995e+02 2.8564944e-24
5.7137202e+02 2.8561929e-24
5.7312948e+02 2.8559049e-24
5.7489235e+02 2.8556306e-24
5.7666064e+02 2.8553698e-24
5.7843436e+02 2.8551227e-24
5.8021354e+02 2.8548894e-24
5.8199820e+02 2.8546698e-24
5.8378834e+02 2.8544640e-24
5.8558399e+02 2.8542720e-24
5.8738517e+02 2.8540939e-24
5.8919188e+02 2.8539298e-24
5.9100415e+02 2.8537796e-24
5.9282199e+02 2.8536434e-24
5.9464543e+02 2.8535213e-24
5.9647448e+02 2.8534133e-24
5.9830915e+02 2.8533194e-24
6.0014946e+02 2.8532397e-24
6.0199543e+02 2.8531742e-24
6.0384709e+02 2.8531230e-24
6.0570443e+02 2.8530861e-24
6.0756750e+02 2.8530635e-24
6.0943629e+02 2.8530553e-24
6.1131083e+02 2.8530616e-24
6.1319113e+02 2.8530824e-24
6.1507722e+02 2.8531177e-24
6.1696911e+02 2.8531676e-24
6.1886682e+02 2.8532322e-24
6.2077037e+02 2.8533113e-24
6.2267977e+02 2.8534053e-24
6.2459504e+02 2.8535139e-24
6.2651621e+02 2.8536374e-24
6.2844328e+02 2.8537757e-24
6.3037629e+02 2.8539290e-24
6.3231523e+02 2.8540972e-24
6.3426014e+02 2.8542804e-24
6.3621104e+02 2.8544786e-24
6.3816793e+02 2.8546919e-24
6.4013085e+02 2.8549204e-24
6.4209980e+02 2.8551640e-24
6.4407481e+02 2.8554229e-24
6.4605589e+02 2.8556971e-24
6.4804307e+02 2.8559866e-24
6.5003635e+02 2.8562914e-24
6.5203577e+02 2.8566117e-24
6.5404134e+02 2.8569475e-24
6.5605308e+02 2.8572988e-24
6.5807101e+02 2.8576657e-24
6.6009514e+02 2.8580482e-24
6.6212550e+02 2.8584464e-24
6.6416210e+02 2.8588603e-24
6.6620497e+02 2.8592900e-24
6.6825412e+02 2.8597356e-24
6.7030958e+02 2.8601970e-24
6.7237136e+02 2.8606743e-24
6.7443947e+02 2.8611676e-24
6.7651395e+02 2.8616770e-24
6.7859481e+02 2.8622024e-24
6.8068208e+02 2.8627440e-24
6.8277576e+02 2.8633017e-24
6.8487588e+02 2.8638757e-24
6.8698246e+02 2.8644660e-24
6.8909552e+02 2.8650726e-24
6.9121508e+02 2.8656957e-24
6.9334116e+02 2.8663352e-24
6.9547378e+02 2.8669911e-24
6.9761296e+02 2.8676637e-24
6.9975872e+02 2.8683528e-24
7.0191107e+02 2.8690587e-24
7.0407005e+02 2.8697812e-24
7.0623567e+02 2.8705205e-24
7.0840795e+02 2.8712766e-24
7.1058691e+02 2.8720497e-24
7.1277258e+02 2.8728396e-24
7.1496497e+02 2.8736466e-24
7.1716410e+02 2.8744706e-24
7.1936999e+02 2.8753116e-24
7.2158267e+02 2.8761699e-24
7.2380216e+02 2.8770454e-24
7.2602847e+02 2.8779381e-24
7.2826163e+02 2.8788482e-24
7.3050166e+02 2.8797756e-24
7.3274858e+02 2.8807205e-24
7.3500241e+02 2.8816829e-24
7.3726317e+02 2.8826628e-24
7.3953089e+02 2.8836604e-24
7.4180558e+02 2.8846756e-24
7.4408727e+02 2.8857085e-24
7.4637598e+02 2.8867593e-24
7.4867172e+02 2.8878279e-24
7.5097453e+02 2.8889143e-24
7.5328442e+02 2.8900188e-24
7.5560142e+02 2.8911412e-24
7.5792554e+02 2.8922818e-24
7.6025681e+02 2.8934405e-24
7.6259525e+02 2.8946173e-24
7.6494089e+02 2.8958125e-24
7.6729374e+02 2.8970260e-24
7.6965382e+02 2.8982578e-24
7.7202117e+02 2.8995081e-24
7.7439580e+02 2.9007770e-24
7.7677773e+02 2.9020644e-24
7.7916699e+02 2.9033704e-24
7.8156359e+02 2.9046952e-24
7.8396757e+02 2.9060387e-24
7.8637895e+02 2.9074011e-24
7.8879774e+02 2.9087823e-24
7.9122397e+02 2.9101826e-24
7.9365766e+02 2.9116019e-24
7.9609884e+02 2.9130404e-24
7.9854752e+02 2.9144981e-24
8.0100374e+02 2.9159751e-24
8.0346752e+02 2.9174715e-24
8.0593887e+02 2.9189874e-24
8.0841782e+02 2.9205229e-24
8.1090440e+02 2.9220781e-24
8.1339863e+02 2.9236532e-24
8.1590052e+02 2.9252483e-24
8.1841012e+02 2.9268637e-24
8.2092743e+02 2.9284995e-24
8.2345249e+02 2.9301561e-24
8.2598531e+02 2.9318339e-24
8.2852592e+02 2.9335334e-24
8.3107435e+02 2.9352554e-24
8.3363062e+02 2.9370012e-24
8.3619475e+02 2.9387725e-24
8.3876676e+02 2.9405725e-24
8.4134669e+02 2.9424066e-24
8.4393456e+02 2.9442854e-24
8.4653038e+02 2.9462318e-24
8.4913419e+02 2.9483031e-24
8.5174600e+02 2.9506805e-24
8.5436585e+02 2.9542207e-24
8.5699376e+02 2.9698668e-24
8.5962975e+02 3.0256386e-24
8.6227385e+02 2.9614133e-24
8.6492608e+02 2.9605584e-24
8.6758647e+02 2.9618667e-24
8.7025504e+02 2.9636171e-24
8.7293182e+02 2.9655249e-24
8.7561684e+02 2.9675108e-24
8.7831011e+02 2.9695456e-24
8.8101167e+02 2.9716168e-24
8.8372154e+02 2.9737182e-24
8.8643974e+02 2.9758465e-24
8.8916630e+02 2.9779998e-24
8.9190125e+02 2.9801771e-24
8.9464461e+02 2.9823776e-24
8.9739641e+02 2.9846009e-24
9.0015667e+02 2.9868467e-24
9.0292543e+02 2.9891149e-24
9.0570270e+02 2.9914054e-24
9.0848851e+02 2.9937181e-24
9.1128289e+02 2.9960530e-24
9.1408587e+02 2.9984101e-24
9.1689747e+02 3.0007894e-24
9.1971771e+02 3.0031910e-24
9.2254664e+02 3.0056148e-24
9.2538426e+02 3.0080610e-24
9.2823061e+02 3.0105295e-24
9.3108571e+02 3.0130204e-24
9.3394960e+02 3.0155338e-24
9.3682230e+02 3.0180697e-24
9.3970383e+02 3.0206282e-24
9.4259423e+02 3.0232093e-24
9.4549351e+02 3.0258132e-24
9.4840172e+02 3.0284398e-24
9.5131886e+02 3.0310893e-24
9.5424499e+02 3.0337617e-24
9.5718011e+02 3.0364570e-24
9.6012426e+02 3.0391754e-24
9.6307746e+02 3.0419169e-24
9.6603975e+02 3.0446816e-24
9.6901115e+02 3.0474695e-24
9.7199169e+02 3.0502807e-24
9.7498140e+02 3.0531153e-24
9.7798031e+02 3.0559733e-24
9.8098844e+02 3.0588549e-24
9.8400582e+02 3.0617601e-24
9.8703248e+02 3.0646889e-24
9.9006845e+02 3.0676414e-24
9.9311376e+02 3.0706177e-24
9.9616844e+02 3.0736179e-24
9.9923251e+02 3.0766421e-24
1.0023060e+03 3.0796902e-24
1.0053890e+03 3.0827624e-24
1.0084814e+03 3.0858588e-24
1.0115833e+03 3.0889794e-24
1.0146948e+03 3.0921243e-24
1.0178159e+03 3.0952935e-24
1.0209465e+03 3.0984872e-24
1.0240868e+03 3.1017054e-24
1.0272368e+03 3.1049482e-24
1.0303964e+03 3.1082157e-24
1.0335658e+03 3.1115078e-24
1.0367449e+03 3.1148248e-24
1.0399337e+03 3.1181666e-24
1.0431324e+03 3.1215334e-24
1.0463410e+03 3.1249252e-24
1.0495594e+03 3.1283421e-24
1.0527876e+03 3.1317841e-24
1.0560259e+03 3.1352514e-24
1.0592741e+03 3.1387440e-24
1.0625322e+03 3.1422620e-24
1.0658004e+03 3.1458054e-24
1.0690787e+03 3.1493744e-24
1.0723670e+03 3.1529690e-24
1.0756655e+03 3.1565892e-24
1.0789741e+03 3.1602352e-24
1.0822928e+03 3.1639070e-24
1.0856218e+03 3.1676048e-24
1.0889610e+03 3.1713285e-24
1.0923105e+03 3.1750782e-24
1.0956703e+03 3.1788541e-24
1.0990404e+03 3.1826562e-24
1.1024209e+03 3.1864845e-24
1.1058118e+03 3.1903392e-24
1.1092131e+03 3.1942204e-24
1.1126249e+03 3.1981280e-24
1.1160472e+03 3.2020622e-24
1.1194800e+03 3.2060231e-24
1.1229234e+03 3.2100107e-24
1.1263773e+03 3.2140251e-24
1.1298419e+03 3.2180664e-24
1.1333171e+03 3.2221346e-24
1.1368030e+03 3.2262299e-24
1.1402997e+03 3.2303524e-24
1.1438071e+03 3.2345020e-24
1.1473253e+03 3.2386789e-24
1.1508543e+03 3.2428832e-24
1.1543942e+03 3.2471149e-24
1.1579449e+03 3.2513741e-24
1.1615066e+03 3.2556610e-24
1.1650792e+03 3.2599755e-24
1.1686628e+03 3.2643179e-24
1.1722575e+03 3.2686881e-24
1.1758632e+03 3.2730864e-24
1.1794800e+03 3.2775127e-24
1.1831079e+03 3.2819673e-24
1.1867469e+03 3.2864502e-24
1.1903972e+03 3.2909617e-24
1.1940587e+03 3.2955018e-24
1.1977314e+03 3.3000709e-24
1.2014155e+03 3.3046693e-24
1.2051109e+03 3.3092974e-24
1.2088176e+03 3.3139558e-24
1.2125358e+03 3.3186457e-24
1.2162654e+03 3.3233690e-24
1.2200064e+03 3.3281294e-24
1.2237590e+03 3.3329348e-24
1.2275231e+03 3.3378058e-24
1.2312988e+03 3.3428093e-24
1.2350861e+03 3.3482867e-24
1.2388850e+03 3.3599314e-24
1.2426957e+03 3.3685364e-24
1.2465180e+03 3.3630983e-24
1.2503521e+03 3.3673605e-24
1.2541981e+03 3.3721737e-24
1.2580558e+03 3.3771285e-24
1.2619254e+03 3.3821507e-24
1.2658069e+03 3.3872189e-24
1.2697003e+03 3.3923249e-24
1.2736058e+03 3.3974653e-24
1.2775232e+03 3.4026383e-24
1.2814527e+03 3.4078430e-24
1.2853942e+03 3.4130790e-24
1.2893479e+03 3.4183459e-24
1.2933138e+03 3.4236436e-24
1.2972918e+03 3.4289722e-24
1.3012821e+03 3.4343314e-24
1.3052847e+03 3.4397214e-24
1.3092995e+03 3.4451422e-24
1.3133268e+03 3.4505939e-24
1.3173664e+03 3.4560764e-24
1.3214184e+03 3.4615898e-24
1.3254829e+03 3.4671343e-24
1.3295599e+03 3.4727098e-24
1.3336494e+03 3.4783165e-24
1.3377515e+03 3.4839544e-24
1.3418663e+03 3.4896236e-24
1.3459937e+03 3.4953242e-24
1.3501337e+03 3.5010562e-24
1.3542866e+03 3.5068198e-24
1.3584522e+03 3.5126149e-24
1.3626306e+03 3.5184418e-24
1.3668218e+03 3.5243004e-24
1.3710260e+03 3.5301909e-24
1.3752431e+03 3.5361133e-24
1.3794731e+03 3.5420677e-24
1.3837162e+03 3.5480542e-24
1.3879723e+03 3.5540729e-24
1.3922415e+03 3.5601239e-24
1.3965238e+03 3.5662072e-24
1.4008193e+03 3.5723229e-24
1.4051281e+03 3.5784711e-24
1.4094500e+03 3.5846519e-24
1.4137853e+03 3.5908654e-24
1.4181339e+03 3.5971116e-24
1.4224959e+03 3.6033907e-24
1.4268713e+03 3.6097028e-24
1.4312601e+03 3.6160478e-24
1.4356625e+03 3.6224259e-24
1.4400784e+03 3.6288373e-24
1.4445079e+03 3.6352818e-24
1.4489510e+03 3.6417598e-24
1.4534077e+03 3.6482712e-24
1.4578782e+03 3.6548161e-24
1.4623624e+03 3.6613946e-24
1.4668604e+03 3.6680068e-24
1.4713723e+03 3.6746529e-24
1.4758980e+03 3.6813328e-24
1.4804377e+03 3.6880466e-24
1.4849913e+03 3.6947946e-24
1.4895589e+03 3.7015767e-24
1.4941406e+03 3.7083931e-24
1.4987364e+03 3.7152438e-24
1.5033463e+03 3.7221290e-24
1.5079703e+03 3.7290488e-24
1.5126086e+03 3.7360032e-24
1.5172612e+03 3.7429925e-24
1.5219281e+03 3.7500169e-24
1.5266093e+03 3.7570764e-24
1.5313050e+03 3.7641714e-24
1.5360150e+03 3.7713022e-24
1.5407396e+03 3.7784694e-24
1.5454787e+03 3.7856740e-24
1.5502324e+03 3.7929179e-24
1.5550007e+03 3.8002051e-24
1.5597836e+03 3.8075464e-24
1.5645813e+03 3.8149787e-24
1.5693937e+03 3.8227121e-24
1.5742210e+03 3.8363626e-24
1.5790630e+03 3.8397947e-24
1.5839200e+03 3.8448961e-24
1.5887919e+03 3.8521700e-24
1.5936788e+03 3.8596534e-24
1.5985807e+03 3.8672140e-24
1.6034978e+03 3.8748255e-24
1.6084299e+03 3.8824797e-24
1.6133772e+03 3.8901737e-24
1.6183397e+03 3.8979059e-24
1.6233175e+03 3.9056759e-24
1.6283106e+03 3.9134832e-24
1.6333190e+03 3.9213278e-24
1.6383429e+03 3.9292096e-24
1.6433822e+03 3.9371285e-24
1.6484370e+03 3.9450847e-24
1.6535074e+03 3.9530782e-24
1.6585933e+03 3.9611090e-24
1.6636949e+03 3.9691771e-24
1.6688122e+03 3.9772828e-24
1.6739452e+03 3.9854260e-24
1.6790941e+03 3.9936068e-24
1.6842587e+03 4.0018254e-24
1.6894393e+03 4.0100818e-24
1.6946357e+03 4.0183761e-24
1.6998482e+03 4.0267084e-24
1.7050767e+03 4.0350788e-24
1.7103213e+03 4.0434873e-24
1.7155820e+03 4.0519341e-24
1.7208588e+03 4.0604193e-24
1.7261520e+03 4.0689430e-24
1.7314614e+03 4.0775052e-24
1.7367871e+03 4.0861060e-24
1.7421292e+03 4.0947456e-24
1.7474877e+03 4.1034240e-24
1.7528628e+03 4.1121414e-24
1.7582543e+03 4.1208977e-24
1.7636625e+03 4.1296933e-24
1.7690872e+03 4.1385280e-24
1.7745287e+03 4.1474021e-24
1.7799869e+03 4.1563155e-24
1.7854619e+03 4.1652685e-24
1.7909537e+03 4.1742612e-24
1.7964624e+03 4.1832935e-24
1.8019881e+03 4.1923657e-24
1.8075308e+03 4.2014777e-24
1.8130905e+03 4.2106298e-24
1.8186673e+03 4.2198221e-24
1.8242612e+03 4.2290546e-24
1.8298724e+03 4.2383275e-24
1.8355008e+03 4.2476408e-24
1.8411466e+03 4.2569948e-24
1.8468097e+03 4.2663897e-24
1.8524902e+03 4.2758255e-24
1.8581882e+03 4.2853026e-24
1.8639037e+03 4.2948215e-24
1.8696368e+03 4.3043831e-24
1.8753876e+03 4.3139894e-24
1.8811560e+03 4.3236459e-24
1.8869422e+03 4.3333752e-24
1.8927461e+03 4.3433651e-24
1.8985679e+03 4.8963391e-24
1.9044077e+03 4.3628983e-24
1.9102653e+03 4.3725083e-24
1.9161411e+03 4.3823524e-24
1.9220348e+03 4.3922675e-24
1.9279467e+03 4.4022331e-24
1.9338768e+03 4.4122442e-24
1.9398252e+03 4.4222991e-24
1.9457918e+03 4.4323972e-24
1.9517768e+03 4.4425382e-24
1.9577802e+03 4.4527221e-24
1.9638020e+03 4.4629488e-24
1.9698424e+03 4.4732184e-24
1.9759013e+03 4.4835310e-24
1.9819789e+03 4.4938866e-24
1.9880752e+03 4.5042853e-24
1.9941903e+03 4.5147273e-24
2.0003241e+03 4.5252125e-24
2.0064768e+03 4.5357412e-24
2.0126484e+03 4.5463134e-24
2.0188391e+03 4.5569293e-24
2.0250487e+03 4.5675889e-24
2.0312775e+03 4.5782923e-24
2.0375254e+03 4.5890396e-24
2.0437926e+03 4.5998310e-24
2.0500790e+03 4.6106666e-24
2.0563847e+03 4.6215465e-24
2.0627099e+03 4.6324707e-24
2.0690545e+03 4.6434394e-24
2.0754186e+03 4.6544527e-24
2.0818023e+03 4.6655108e-24
2.0882056e+03 4.6766136e-24
2.0946286e+03 4.6877614e-24
2.1010714e+03 4.6989543e-24
2.1075340e+03 4.7101923e-24
2.1140165e+03 4.7214756e-24
2.1205189e+03 4.7328042e-24
2.1270413e+03 4.7441784e-24
2.1335838e+03 4.7555982e-24
2.1401464e+03 4.7670637e-24
2.1467292e+03 4.7785751e-24
2.1533322e+03 4.7901324e-24
2.1599556e+03 4.8017358e-24
2.1665993e+03 4.8133854e-24
2.1732634e+03 4.8250813e-24
2.1799481e+03 4.8368237e-24
2.1866533e+03 4.8486126e-24
2.1933791e+03 4.8604482e-24
2.2001256e+03 4.8723306e-24
2.2068929e+03 4.8842600e-24
2.2136810e+03 4.8962365e-24
2.2204900e+03 4.9082605e-24
2.2273199e+03 4.9203322e-24
2.2341708e+03 4.9324526e-24
2.2410428e+03 4.9446243e-24
2.2479359e+03 4.9568628e-24
2.2548503e+03 4.9696261e-24
2.2617859e+03 4.9815715e-24
2.2687428e+03 4.9937774e-24
2.2757211e+03 5.0061653e-24
2.2827209e+03 5.0186131e-24
2.2897422e+03 5.0311120e-24
2.2967852e+03 5.0436604e-24
2.3038497e+03 5.0562579e-24
2.3109361e+03 5.0689042e-24
2.3180442e+03 5.0815995e-24
2.3251741e+03 5.0943439e-24
2.3323261e+03 5.1071373e-24
2.3395000e+03 5.1199800e-24
2.3466959e+03 5.1328720e-24
2.3539140e+03 5.1458135e-24
2.3611543e+03 5.1588046e-24
2.3684169e+03 5.1718453e-24
2.3757018e+03 5.1849359e-24
2.3830091e+03 5.1980765e-24
2.3903389e+03 5.2112671e-24
2.3976913e+03 5.2245080e-24
2.4050662e+03 5.2377991e-24
2.4124639e+03 5.2511408e-24
2.4198843e+03 5.2645330e-24
2.4273275e+03 5.2779759e-24
2.4347936e+03 5.2914697e-24
2.4422827e+03 5.3050145e-24
2.4497948e+03 5.3186104e-24
2.4573300e+03 5.3322575e-24
2.4648884e+03 5.3459560e-24
2.4724701e+03 5.3597061e-24
2.4800750e+03 5.3735077e-24
2.4877034e+03 5.3873611e-24
2.4953552e+03 5.4012664e-24
2.5030306e+03 5.4152238e-24
2.5107295e+03 5.4292334e-24
2.5184522e+03 5.4432952e-24
2.5261986e+03 5.4574095e-24
2.5339688e+03 5.4715763e-24
2.5417630e+03 5.4857959e-24
2.5495811e+03 5.5000684e-24
2.5574232e+03 5.5143938e-24
2.5652895e+03 5.5287723e-24
2.5731799e+03 5.5432041e-24
2.5810947e+03 5.5576893e-24
2.5890338e+03 5.5722281e-24
2.5969973e+03 5.5868205e-24
2.6049852e+03 5.6014668e-24
2.6129978e+03 5.6161671e-24
2.6210350e+03 5.6309215e-24
2.6290970e+03 5.6457303e-24
2.6371837e+03 5.6605938e-24
2.6452953e+03 5.6755128e-24
2.6534318e+03 5.6904921e-24
2.6615934e+03 5.7058942e-24
2.6697801e+03 5.7206140e-24
2.6779920e+03 5.7357323e-24
2.6862291e+03 5.7509217e-24
2.6944915e+03 5.7661684e-24
2.7027794e+03 5.7814711e-24
2.7110928e+03 5.7968296e-24
2.7194317e+03 5.8122440e-24
2.7277963e+03 5.8277145e-24
2.7361866e+03 5.8432410e-24
2.7446027e+03 5.8588239e-24
2.7530448e+03 5.8744632e-24
2.7615127e+03 5.8901590e-24
2.7700067e+03 5.9059116e-24
2.7785269e+03 5.9217210e-24
2.7870732e+03 5.9375874e-24
2.7956459e+03 5.9535109e-24
2.8042449e+03 5.9694918e-24
2.8128704e+03 5.9855302e-24
2.8215223e+03 6.0016385e-24
2.8302010e+03 6.0178097e-24
2.8389062e+03 6.0340387e-24
2.8476383e+03 6.0503258e-24
2.8563972e+03 6.0666711e-24
2.8651831e+03 6.0830747e-24
2.8739960e+03 6.0995368e-24
2.8828360e+03 6.1160575e-24
2.8917032e+03 6.1326371e-24
2.9005977e+03 6.1492756e-24
2.9095195e+03 6.1659732e-24
2.9184688e+03 6.1827301e-24
2.9274456e+03 6.1995465e-24
2.9364500e+03 6.2164224e-24
2.9454821e+03 6.2333581e-24
2.9545420e+03 6.2503536e-24
2.9636297e+03 6.2674093e-24
2.9727454e+03 6.2845252e-24
2.9818892e+03 6.3017015e-24
2.9910610e+03 6.3189494e-24
3.0002611e+03 6.3363218e-24
3.0094895e+03 6.3537548e-24
3.0187463e+03 6.3712487e-24
3.0280315e+03 6.3888037e-24
3.0373453e+03 6.4064199e-24
3.0466877e+03 6.4240974e-24
3.0560589e+03 6.4418365e-24
3.0654589e+03 6.4596373e-24
3.0748878e+03 6.4775003e-24
3.0843457e+03 6.4954264e-24
3.0938327e+03 6.5134479e-24
3.1033489e+03 6.5314701e-24
3.1128944e+03 6.5495733e-24
3.1224692e+03 6.5677467e-24
3.1320735e+03 6.5859836e-24
3.1417073e+03 6.6042837e-24
3.1513708e+03 6.6226472e-24
3.1610639e+03 6.6410740e-24
3.1707869e+03 6.6595644e-24
3.1805398e+03 6.6781186e-24
3.1903227e+03 6.6967366e-24
3.2001357e+03 6.7154188e-24
3.2099788e+03 6.7341651e-24
3.2198523e+03 6.7529760e-24
3.2297561e+03 6.7718514e-24
3.2396903e+03 6.7907916e-24
3.2496552e+03 6.8097968e-24
3.2596506e+03 6.8288671e-24
3.2696769e+03 6.8480028e-24
3.2797339e+03 6.8672039e-24
3.2898219e+03 6.8864707e-24
3.2999410e+03 6.9058034e-24
3.3100911e+03 6.9252021e-24
3.3202725e+03 6.9446670e-24
3.3304852e+03 6.9641983e-24
3.3407293e+03 6.9837962e-24
3.3510049e+03 7.0034609e-24
3.3613121e+03 7.0231925e-24
3.3716510e+03 7.0429913e-24
3.3820217e+03 7.0628574e-24
3.3924243e+03 7.0827910e-24
3.4028590e+03 7.1027923e-24
3.4133257e+03 7.1228615e-24
3.4238246e+03 7.1429987e-24
3.4343558e+03 7.1632042e-24
3.4449194e+03 7.1834781e-24
3.4555154e+03 7.2038207e-24
3.4661441e+03 7.2242321e-24
3.4768055e+03 7.2447126e-24
3.4874996e+03 7.2652622e-24
3.4982267e+03 7.2858813e-24
3.5089867e+03 7.3065701e-24
3.5197799e+03 7.3273288e-24
3.5306062e+03 7.3481590e-24
3.5414659e+03 7.3693616e-24
3.5523589e+03 7.3900259e-24
3.5632855e+03 7.4110641e-24
3.5742456e+03 7.4321742e-24
3.5852395e+03 7.4533553e-24
3.5962672e+03 7.4746077e-24
3.6073288e+03 7.4959315e-24
3.6184244e+03 7.5173268e-24
3.6295542e+03 7.5387939e-24
3.6407182e+03 7.5603329e-24
3.6519165e+03 7.5819441e-24
3.6631493e+03 7.6036277e-24
3.6744166e+03 7.6253838e-24
3.6857186e+03 7.6472128e-24
3.6970553e+03 7.6691146e-24
3.7084270e+03 7.6910897e-24
3.7198336e+03 7.7131382e-24
3.7312752e+03 7.7352602e-24
3.7427521e+03 7.7575274e-24
3.7542643e+03 7.7798915e-24
3.7658119e+03 7.8023296e-24
3.7773950e+03 7.8248419e-24
3.7890137e+03 7.8474285e-24
3.8006682e+03 7.8700898e-24
3.8123585e+03 7.8928258e-24
3.8240848e+03 7.9156369e-24
3.8358471e+03 7.9385232e-24
3.8476456e+03 7.9614849e-24
3.8594804e+03 7.9845223e-24
3.8713516e+03 8.0076356e-24
3.8832594e+03 8.0308249e-24
3.8952037e+03 8.0540906e-24
3.9071848e+03 8.0774328e-24
3.9192028e+03 8.1008517e-24
3.9312577e+03 8.1243477e-24
3.9433497e+03 8.1479208e-24
3.9554788e+03 8.1715715e-24
3.9676453e+03 8.1953008e-24
3.9798493e+03 8.2207079e-24
3.9920907e+03 8.2429904e-24
4.0043698e+03 8.2669517e-24
4.0166867e+03 8.2909923e-24
4.0290414e+03 8.3151118e-24
4.0414342e+03 8.3393103e-24
4.0538651e+03 8.3635879e-24
4.0663342e+03 8.3879450e-24
4.0788417e+03 8.4123817e-24
4.0913876e+03 8.4368983e-24
4.1039721e+03 8.4614950e-24
4.1165954e+03 8.4861721e-24
4.1292574e+03 8.5109297e-24
4.1419584e+03 8.5357681e-24
4.1546985e+03 8.5606875e-24
4.1674778e+03 8.5856881e-24
4.1802963e+03 8.6107703e-24
4.1931543e+03 8.6359342e-24
4.2060519e+03 8.6611800e-24
4.2189891e+03 8.6865080e-24
4.2319661e+03 8.7119185e-24
4.2449830e+03 8.7374116e-24
4.2580400e+03 8.7629877e-24
4.2711371e+03 8.7886469e-24
4.2842745e+03 8.8143895e-24
4.2974524e+03 8.8402157e-24
4.3106707e+03 8.8661258e-24
4.3239297e+03 8.8921200e-24
4.3372295e+03 8.9181986e-24
4.3505702e+03 8.9443618e-24
4.3639519e+03 8.9706099e-24
4.3773748e+03 8.9969433e-24
4.3908390e+03 9.0233655e-24
4.4043446e+03 9.0498745e-24
4.4178918e+03 9.0764557e-24
4.4314806e+03 9.1031311e-24
4.4451112e+03 9.1298932e-24
4.4587837e+03 9.1567420e-24
4.4724983e+03 9.1836776e-24
4.4862551e+03 9.2107003e-24
4.5000541e+03 9.2378104e-24
4.5138957e+03 9.2650080e-24
4.5277798e+03 9.2922935e-24
4.5417066e+03 9.3196671e-24
4.5556762e+03 9.3471291e-24
4.5696888e+03 9.3746796e-24
4.5837446e+03 9.4023191e-24
4.5978435e+03 9.4300476e-24
4.6119858e+03 9.4578656e-24
4.6261716e+03 9.4857732e-24
4.6404011e+03 9.5137707e-24
4.6546743e+03 9.5418584e-24
4.6689914e+03 9.5700365e-24
4.6833526e+03 9.5983054e-24
4.6977579e+03 9.6266652e-24
4.7122075e+03 9.6551162e-24
4.7267016e+03 9.6836588e-24
4.7412403e+03 9.7122932e-24
4.7558236e+03 9.7410198e-24
4.7704519e+03 9.7698404e-24
4.7851251e+03 9.7988621e-24
4.7998435e+03 9.8277544e-24
4.8146071e+03 9.8568505e-24
4.8294162e+03 9.8860408e-24
4.8442708e+03 9.9153249e-24
4.8591711e+03 9.9447030e-24
4.8741172e+03 9.9741753e-24
4.8891093e+03 1.0003742e-23
4.9041475e+03 1.0033404e-23
4.9192319e+03 1.0063160e-23
4.9343628e+03 1.0093012e-23
4.9495402e+03 1.0122960e-23
4.9647643e+03 1.0153003e-23
4.9800352e+03 1.0183143e-23
4.9953531e+03 1.0213379e-23
5.0107181e+03 1.0243711e-23
5.0261303e+03 1.0274141e-23
5.0415900e+03 1.0304668e-23
5.0570972e+03 1.0335293e-23
5.0726521e+03 1.0366015e-23
5.0882549e+03 1.0396836e-23
5.1039056e+03 1.0427755e-23
5.1196045e+03 1.0458776e-23
5.1353517e+03 1.0489924e-23
5.1511473e+03 1.0521107e-23
5.1669915e+03 1.0552422e-23
5.1828844e+03 1.0583837e-23
5.1988262e+03 1.0615353e-23
5.2148171e+03 1.0646969e-23
5.2308571e+03 1.0678687e-23
5.2469465e+03 1.0710505e-23
5.2630854e+03 1.0742424e-23
5.2792739e+03 1.0774446e-23
5.2955122e+03 1.0806569e-23
5.3118004e+03 1.0838795e-23
5.3281387e+03 1.0871123e-23
5.3445273e+03 1.0903554e-23
5.3609663e+03 1.0936088e-23
5.3774559e+03 1.0968726e-23
5.3939962e+03 1.1001468e-23
5.4105874e+03 1.1034313e-23
5.4272296e+03 1.1067263e-23
5.4439230e+03 1.1100318e-23
5.4606677e+03 1.1133480e-23
5.4774639e+03 1.1166813e-23
5.4943118e+03 1.1200115e-23
5.5112116e+03 1.1233591e-23
5.5281633e+03 1.1267174e-23
5.5451671e+03 1.1300864e-23
5.5622233e+03 1.1334661e-23
5.5793319e+03 1.1368565e-23
5.5964931e+03 1.1402576e-23
5.6137071e+03 1.1436696e-23
5.6309741e+03 1.1470923e-23
5.6482942e+03 1.1505259e-23
5.6656675e+03 1.1539704e-23
5.6830943e+03 1.1574259e-23
5.7005747e+03 1.1608922e-23
5.7181088e+03 1.1643696e-23
5.7356969e+03 1.1678579e-23
5.7533391e+03 1.1713573e-23
5.7710356e+03 1.1748678e-23
5.7887865e+03 1.1783894e-23
5.8065919e+03 1.1819222e-23
5.8244522e+03 1.1854661e-23
5.8423674e+03 1.1890215e-23
5.8603377e+03 1.1925878e-23
5.8783632e+03 1.1961653e-23
5.8964443e+03 1.1997542e-23
5.9145809e+03 1.2033546e-23
5.9327733e+03 1.2069662e-23
5.9510217e+03 1.2105894e-23
5.9693262e+03 1.2142239e-23
5.9876870e+03 1.2178700e-23
6.0061042e+03 1.2215275e-23
6.0245781e+03 1.2251966e-23
6.0431089e+03 1.2288773e-23
6.0616966e+03 1.2325697e-23
6.0803416e+03 1.2362736e-23
6.0990438e+03 1.2399893e-23
6.1178036e+03 1.2437167e-23
6.1366211e+03 1.2474558e-23
6.1554965e+03 1.2512068e-23
6.1744299e+03 1.2549695e-23
6.1934216e+03 1.2587442e-23
6.2124717e+03 1.2625307e-23
6.2315804e+03 1.2663292e-23
6.2507478e+03 1.2701397e-23
6.2699742e+03 1.2739624e-23
6.2892598e+03 1.2777966e-23
6.3086046e+03 1.2816431e-23
6.3280090e+03 1.2855018e-23
6.3474731e+03 1.2893727e-23
6.3669970e+03 1.2932557e-23
6.3865810e+03 1.2971510e-23
6.4062252e+03 1.3010585e-23
6.4259298e+03 1.3049783e-23
6.4456951e+03 1.3089104e-23
6.4655211e+03 1.3128550e-23
6.4854081e+03 1.3168119e-23
6.5053563e+03 1.3207813e-23
6.5253659e+03 1.3247631e-23
6.5454370e+03 1.3287575e-23
6.5655698e+03 1.3327645e-23
6.5857646e+03 1.3367840e-23
6.6060215e+03 1.3408162e-23
6.6263406e+03 1.3448610e-23
6.6467223e+03 1.3489186e-23
6.6671667e+03 1.3529889e-23
6.6876740e+03 1.3570720e-23
6.7082443e+03 1.3611682e-23
6.7288779e+03 1.3652766e-23
6.7495750e+03 1.3693983e-23
6.7703357e+03 1.3735329e-23
6.7911603e+03 1.3776805e-23
6.8120489e+03 1.3818411e-23
6.8330018e+03 1.3860148e-23
6.8540192e+03 1.3902016e-23
6.8751012e+03 1.3944015e-23
6.8962480e+03 1.3986146e-23
6.9174599e+03 1.4028409e-23
6.9387370e+03 1.4070804e-23
6.9600796e+03 1.4113333e-23
6.9814878e+03 1.4155994e-23
7.0029619e+03 1.4198790e-23
7.0245020e+03 1.4241720e-23
7.0461083e+03 1.4284784e-23
7.0677812e+03 1.4327983e-23
7.0895207e+03 1.4371318e-23
7.1113270e+03 1.4414788e-23
7.1332004e+03 1.4458395e-23
7.1551412e+03 1.4502163e-23
7.1771494e+03 1.4546018e-23
7.1992252e+03 1.4590036e-23
7.2213690e+03 1.4634191e-23
7.2435809e+03 1.4678485e-23
7.2658612e+03 1.4722917e-23
7.2882099e+03 1.4767489e-23
7.3106274e+03 1.4812199e-23
7.3331139e+03 1.4857050e-23
7.3556695e+03 1.4902041e-23
7.3782945e+03 1.4947173e-23
7.4009891e+03 1.4992447e-23
7.4237535e+03 1.5037861e-23
7.4465879e+03 1.5083418e-23
7.4694925e+03 1.5129117e-23
7.4924676e+03 1.5174960e-23
7.5155134e+03 1.5220945e-23
7.5386300e+03 1.5267074e-23
7.5618178e+03 1.5313348e-23
7.5850769e+03 1.5359766e-23
7.6084075e+03 1.5406451e-23
7.6318099e+03 1.5453038e-23
7.6552842e+03 1.5499893e-23
7.6788308e+03 1.5546894e-23
7.7024498e+03 1.5594042e-23
7.7261414e+03 1.5641337e-23
7.7499060e+03 1.5688780e-23
7.7737436e+03 1.5736371e-23
7.7976545e+03 1.5784110e-23
7.8216390e+03 1.5831999e-23
7.8456972e+03 1.5880037e-23
7.8698295e+03 1.5928226e-23
7.8940359e+03 1.5976564e-23
7.9183169e+03 1.6025054e-23
7.9426725e+03 1.6073695e-23
7.9671030e+03 1.6122487e-23
7.9916087e+03 1.6171432e-23
8.0161898e+03 1.6220530e-23
8.0408464e+03 1.6269781e-23
8.0655789e+03 1.6319186e-23
8.0903875e+03 1.6368744e-23
8.1152724e+03 1.6418457e-23
8.1402338e+03 1.6468325e-23
8.1652720e+03 1.6518349e-23
8.1903872e+03 1.6568529e-23
8.2155797e+03 1.6618865e-23
8.2408496e+03 1.6669358e-23
8.2661973e+03 1.6720008e-23
8.2916230e+03 1.6770816e-23
8.3171268e+03 1.6821783e-23
8.3427091e+03 1.6872909e-23
8.3683701e+03 1.6924193e-23
8.3941100e+03 1.6975638e-23
8.4199291e+03 1.7027243e-23
8.4458276e+03 1.7079009e-23
8.4718058e+03 1.7130936e-23
8.4978639e+03 1.7183024e-23
8.5240021e+03 1.7235275e-23
8.5502207e+03 1.7287689e-23
8.5765200e+03 1.7340266e-23
8.6029001e+03 1.7393006e-23
8.6293614e+03 1.7445911e-23
8.6559041e+03 1.7498981e-23
8.6825285e+03 1.7552215e-23
8.7092347e+03 1.7605616e-23
8.7360231e+03 1.7659182e-23
8.7628938e+03 1.7712916e-23
8.7898472e+03 1.7766816e-23
8.8168836e+03 1.7820885e-23
8.8440030e+03 1.7875121e-23
8.8712059e+03 1.7929528e-23
8.8984925e+03 1.7984101e-23
8.9258630e+03 1.8038846e-23
8.9533177e+03 1.8093760e-23
8.9808568e+03 1.8148846e-23
9.0084807e+03 1.8204102e-23
9.0361895e+03 1.8259531e-23
9.0639835e+03 1.8315132e-23
9.0918630e+03 1.8370906e-23
9.1198283e+03 1.8426853e-23
9.1478796e+03 1.8482975e-23
9.1760172e+03 1.8539270e-23
9.2042413e+03 1.8595741e-23
9.2325522e+03 1.8652388e-23
9.2609503e+03 1.8709211e-23
9.2894356e+03 1.8766209e-23
9.3180086e+03 1.8823385e-23
9.3466695e+03 1.8880739e-23
9.3754185e+03 1.8938271e-23
9.4042560e+03 1.8995982e-23
9.4331821e+03 1.9053872e-23
9.4621973e+03 1.9111942e-23
9.4913016e+03 1.9170192e-23
9.5204955e+03 1.9228624e-23
9.5497792e+03 1.9287237e-23
9.5791530e+03 1.9346032e-23
9.6086171e+03 1.9405010e-23
9.6381718e+03 1.9464170e-23
9.6678175e+03 1.9523514e-23
9.6975543e+03 1.9583043e-23
9.7273826e+03 1.9642756e-23
9.7573027e+03 1.9702655e-23
9.7873147e+03 1.9762740e-23
9.8174191e+03 1.9823011e-23
9.8476161e+03 1.9883470e-23
9.8779060e+03 1.9944116e-23
9.9082890e+03 2.0004951e-23
9.9387655e+03 2.0065974e-23
9.9693357e+03 2.0127186e-23
1.0000000e+04 2.0188589e-23
