1.0000000e+01 1.1006205e-21
1.0023060e+01 1.0903074e-21
1.0046173e+01 1.0800953e-21
1.0069340e+01 1.0699832e-21
1.0092560e+01 1.0599699e-21
1.0115833e+01 1.0500543e-21
1.0139161e+01 1.0402353e-21
1.0162542e+01 1.0305120e-21
1.0185976e+01 1.0208832e-21
1.0209465e+01 1.0113480e-21
1.0233008e+01 1.0019053e-21
1.0256606e+01 9.9255419e-22
1.0280258e+01 9.8329361e-22
1.0303964e+01 9.7412263e-22
1.0327725e+01 9.6504030e-22
1.0351541e+01 9.5604568e-22
1.0375412e+01 9.4713784e-22
1.0399337e+01 9.3831587e-22
1.0423318e+01 9.2957888e-22
1.0447355e+01 9.2092597e-22
1.0471446e+01 9.1235627e-22
1.0495594e+01 9.0386892e-22
1.0519796e+01 8.9546306e-22
1.0544055e+01 8.8713786e-22
1.0568370e+01 8.7889248e-22
1.0592741e+01 8.7072611e-22
1.0617168e+01 8.6263793e-22
1.0641651e+01 8.5462714e-22
1.0666191e+01 8.4669297e-22
1.0690787e+01 8.3883462e-22
1.0715440e+01 8.3105133e-22
1.0740150e+01 8.2334235e-22
1.0764917e+01 8.1570691e-22
1.0789741e+01 8.0814428e-22
1.0814622e+01 8.0065373e-22
1.0839560e+01 7.9323453e-22
1.0864557e+01 7.8588598e-22
1.0889610e+01 7.7860735e-22
1.0914722e+01 7.7139797e-22
1.0939891e+01 7.6425712e-22
1.0965119e+01 7.5718415e-22
1.0990404e+01 7.5017836e-22
1.1015748e+01 7.4323910e-22
1.1041151e+01 7.3636571e-22
1.1066612e+01 7.2955754e-22
1.1092131e+01 7.2281394e-22
1.1117710e+01 7.1613428e-22
1.1143347e+01 7.0951794e-22
1.1169044e+01 7.0296428e-22
1.1194800e+01 6.9647271e-22
1.1220615e+01 6.9004260e-22
1.1246490e+01 6.8367336e-22
1.1272425e+01 6.7736440e-22
1.1298419e+01 6.7111513e-22
1.1324473e+01 6.6492497e-22
1.1350587e+01 6.5879335e-22
1.1376762e+01 6.5271969e-22
1.1402997e+01 6.4670344e-22
1.1429292e+01 6.4074404e-22
1.1455648e+01 6.3484095e-22
1.1482065e+01 6.2899361e-22
1.1508543e+01 6.2320150e-22
1.1535082e+01 6.1746409e-22
1.1561682e+01 6.1178084e-22
1.1588343e+01 6.0615124e-22
1.1615066e+01 6.0057477e-22
1.1641850e+01 5.9505093e-22
1.1668696e+01 5.8957921e-22
1.1695605e+01 5.8415912e-22
1.1722575e+01 5.7879017e-22
1.1749607e+01 5.7347186e-22
1.1776702e+01 5.6820372e-22
1.1803859e+01 5.6298527e-22
1.1831079e+01 5.5781604e-22
1.1858361e+01 5.5269557e-22
1.1885707e+01 5.4762339e-22
1.1913115e+01 5.4259904e-22
1.1940587e+01 5.3762209e-22
1.1968122e+01 5.3269208e-22
1.1995721e+01 5.2780857e-22
1.2023383e+01 5.2297112e-22
1.2051109e+01 5.1817931e-22
1.2078899e+01 5.1343270e-22
1.2106753e+01 5.0873088e-22
1.2134671e+01 5.0407342e-22
1.2162654e+01 4.9945992e-22
1.2190701e+01 4.9488997e-22
1.2218813e+01 4.9036316e-22
1.2246989e+01 4.8587909e-22
1.2275231e+01 4.8143737e-22
1.2303538e+01 4.7703760e-22
1.2331910e+01 4.7267941e-22
1.2360347e+01 4.6836241e-22
1.2388850e+01 4.6408622e-22
1.2417419e+01 4.5985046e-22
1.2446054e+01 4.5565478e-22
1.2474755e+01 4.5149880e-22
1.2503521e+01 4.4738217e-22
1.2532355e+01 4.4330452e-22
1.2561254e+01 4.3926551e-22
1.2590221e+01 4.3526479e-22
1.2619254e+01 4.3130201e-22
1.2648354e+01 4.2737684e-22
1.2677521e+01 4.2348893e-22
1.2706756e+01 4.1963796e-22
1.2736058e+01 4.1582360e-22
1.2765427e+01 4.1204552e-22
1.2794864e+01 4.0830341e-22
1.2824369e+01 4.0459695e-22
1.2853942e+01 4.0092583e-22
1.2883584e+01 3.9728974e-22
1.2913293e+01 3.9368838e-22
1.2943071e+01 3.9012145e-22
1.2972918e+01 3.8658866e-22
1.3002834e+01 3.8308971e-22
1.3032818e+01 3.7962431e-22
1.3062872e+01 3.7619219e-22
1.3092995e+01 3.7279307e-22
1.3123188e+01 3.6942667e-22
1.3153450e+01 3.6609272e-22
1.3183782e+01 3.6279096e-22
1.3214184e+01 3.5952113e-22
1.3244656e+01 3.5628296e-22
1.3275198e+01 3.5307622e-22
1.3305811e+01 3.4990064e-22
1.3336494e+01 3.4675599e-22
1.3367248e+01 3.4364202e-22
1.3398073e+01 3.4055852e-22
1.3428969e+01 3.3750523e-22
1.3459937e+01 3.3448195e-22
1.3490975e+01 3.3148846e-22
1.3522086e+01 3.2852453e-22
1.3553268e+01 3.2558997e-22
1.3584522e+01 3.2268456e-22
1.3615848e+01 3.1980812e-22
1.3647246e+01 3.1696045e-22
1.3678716e+01 3.1414136e-22
1.3710260e+01 3.1135069e-22
1.3741876e+01 3.0858824e-22
1.3773565e+01 3.0585387e-22
1.3805326e+01 3.0314741e-22
1.3837162e+01 3.0046871e-22
1.3869070e+01 2.9781762e-22
1.3901052e+01 2.9519402e-22
1.3933108e+01 2.9259777e-22
1.3965238e+01 2.9002875e-22
1.3997442e+01 2.8748686e-22
1.4029720e+01 2.8497199e-22
1.4062073e+01 2.8248406e-22
1.4094500e+01 2.8002298e-22
1.4127002e+01 2.7758870e-22
1.4159579e+01 2.7518115e-22
1.4192231e+01 2.7280029e-22
1.4224959e+01 2.7044610e-22
1.4257762e+01 2.6811856e-22
1.4290640e+01 2.6581767e-22
1.4323594e+01 2.6354345e-22
1.4356625e+01 2.6129594e-22
1.4389731e+01 2.5907519e-22
1.4422914e+01 2.5688129e-22
1.4456173e+01 2.5471433e-22
1.4489510e+01 2.5257444e-22
1.4522922e+01 2.5046177e-22
1.4556412e+01 2.4837649e-22
1.4589980e+01 2.4631882e-22
1.4623624e+01 2.4428900e-22
1.4657346e+01 2.4228731e-22
1.4691146e+01 2.4031408e-22
1.4725024e+01 2.3836967e-22
1.4758980e+01 2.3645449e-22
1.4793015e+01 2.3456901e-22
1.4827127e+01 2.3271376e-22
1.4861319e+01 2.3088932e-22
1.4895589e+01 2.2909636e-22
1.4929939e+01 2.2733562e-22
1.4964367e+01 2.2560792e-22
1.4998875e+01 2.2391418e-22
1.5033463e+01 2.2225545e-22
1.5068130e+01 2.2063287e-22
1.5102877e+01 2.1904773e-22
1.5137704e+01 2.1750148e-22
1.5172612e+01 2.1599571e-22
1.5207600e+01 2.1453224e-22
1.5242669e+01 2.1311307e-22
1.5277819e+01 2.1174048e-22
1.5313050e+01 2.1041700e-22
1.5348362e+01 2.0914549e-22
1.5383755e+01 2.0792917e-22
1.5419230e+01 2.0677168e-22
1.5454787e+01 2.0567711e-22
1.5490426e+01 2.0465013e-22
1.5526147e+01 2.0369603e-22
1.5561950e+01 2.0282082e-22
1.5597836e+01 2.0203139e-22
1.5633805e+01 2.0133560e-22
1.5669857e+01 2.0074252e-22
1.5705991e+01 2.0026256e-22
1.5742210e+01 1.9990780e-22
1.5778511e+01 1.9969224e-22
1.5814897e+01 1.9963222e-22
1.5851366e+01 1.9974685e-22
1.5887919e+01 2.0005865e-22
1.5924557e+01 2.0059422e-22
1.5961279e+01 2.0138517e-22
1.5998086e+01 2.0246933e-22
1.6034978e+01 2.0389220e-22
1.6071954e+01 2.0570891e-22
1.6109016e+01 2.0798674e-22
1.6146164e+01 2.1080853e-22
1.6183397e+01 2.1427715e-22
1.6220716e+01 2.1852172e-22
1.6258121e+01 2.2370609e-22
1.6295613e+01 2.3004095e-22
1.6333190e+01 2.3780124e-22
1.6370855e+01 2.4735192e-22
1.6408606e+01 2.5918718e-22
1.6446445e+01 2.7399213e-22
1.6484370e+01 2.9274358e-22
1.6522383e+01 3.1688253e-22
1.6560484e+01 3.4862588e-22
1.6598673e+01 3.9156946e-22
1.6636949e+01 4.5195898e-22
1.6675314e+01 5.4168782e-22
1.6713768e+01 6.8656181e-22
1.6752310e+01 9.5509459e-22
1.6790941e+01 1.6093439e-21
1.6829661e+01 5.4258755e-21
1.6868470e+01 3.8269149e-21
1.6907369e+01 1.4128358e-21
1.6946357e+01 8.6801638e-22
1.6985436e+01 6.2907388e-22
1.7024604e+01 4.9582073e-22
1.7063863e+01 4.1140043e-22
1.7103213e+01 3.5348446e-22
1.7142653e+01 3.1151739e-22
1.7182184e+01 2.7986244e-22
1.7221806e+01 2.5523697e-22
1.7261520e+01 2.3560126e-22
1.7301325e+01 2.1962256e-22
1.7341222e+01 2.0639443e-22
1.7381211e+01 1.9527996e-22
1.7421292e+01 1.8581934e-22
1.7461466e+01 1.7767299e-22
1.7501732e+01 1.7058520e-22
1.7542091e+01 1.6436018e-22
1.7582543e+01 1.5884580e-22
1.7623089e+01 1.5392232e-22
1.7663728e+01 1.4949442e-22
1.7704460e+01 1.4548543e-22
1.7745287e+01 1.4183311e-22
1.7786208e+01 1.3848651e-22
1.7827223e+01 1.3540358e-22
1.7868333e+01 1.3254938e-22
1.7909537e+01 1.2989471e-22
1.7950837e+01 1.2741498e-22
1.7992231e+01 1.2508939e-22
1.8033722e+01 1.2290023e-22
1.8075308e+01 1.2083237e-22
1.8116989e+01 1.1887282e-22
1.8158767e+01 1.1701035e-22
1.8200642e+01 1.1523525e-22
1.8242612e+01 1.1353907e-22
1.8284680e+01 1.1191442e-22
1.8326845e+01 1.1035483e-22
1.8369106e+01 1.0885462e-22
1.8411466e+01 1.0740878e-22
1.8453923e+01 1.0601284e-22
1.8496478e+01 1.0466289e-22
1.8539131e+01 1.0335540e-22
1.8581882e+01 1.0208724e-22
1.8624732e+01 1.0085561e-22
1.8667681e+01 9.9657989e-23
1.8710728e+01 9.8492117e-23
1.8753876e+01 9.7355950e-23
1.8797122e+01 9.6247641e-23
1.8840468e+01 9.5165517e-23
1.8883915e+01 9.4108060e-23
1.8927461e+01 9.3073887e-23
1.8971108e+01 9.2061738e-23
1.9014856e+01 9.1070460e-23
1.9058704e+01 9.0098999e-23
1.9102653e+01 8.9146388e-23
1.9146704e+01 8.8211737e-23
1.9190857e+01 8.7294228e-23
1.9235111e+01 8.6393105e-23
1.9279467e+01 8.5507671e-23
1.9323926e+01 8.4637279e-23
1.9368487e+01 8.3781331e-23
1.9413151e+01 8.2939271e-23
1.9457918e+01 8.2110580e-23
1.9502788e+01 8.1294777e-23
1.9547762e+01 8.0491412e-23
1.9592839e+01 7.9700065e-23
1.9638020e+01 7.8920341e-23
1.9683305e+01 7.8151872e-23
1.9728695e+01 7.7394312e-23
1.9774190e+01 7.6647335e-23
1.9819789e+01 7.5910634e-23
1.9865494e+01 7.5183921e-23
1.9911304e+01 7.4466923e-23
1.9957219e+01 7.3759383e-23
2.0003241e+01 7.3061056e-23
2.0049369e+01 7.2371712e-23
2.0095603e+01 7.1691130e-23
2.0141943e+01 7.1019104e-23
2.0188391e+01 7.0355435e-23
2.0234945e+01 6.9699934e-23
2.0281607e+01 6.9052422e-23
2.0328377e+01 6.8412727e-23
2.0375254e+01 6.7780686e-23
2.0422240e+01 6.7156142e-23
2.0469333e+01 6.6538945e-23
2.0516536e+01 6.5928951e-23
2.0563847e+01 6.5326022e-23
2.0611268e+01 6.4730027e-23
2.0658797e+01 6.4140838e-23
2.0706437e+01 6.3558332e-23
2.0754186e+01 6.2982392e-23
2.0802045e+01 6.2412905e-23
2.0850015e+01 6.1849761e-23
2.0898095e+01 6.1292854e-23
2.0946286e+01 6.0742082e-23
2.0994589e+01 6.0197347e-23
2.1043002e+01 5.9658553e-23
2.1091528e+01 5.9125607e-23
2.1140165e+01 5.8598421e-23
2.1188914e+01 5.8076907e-23
2.1237776e+01 5.7560980e-23
2.1286750e+01 5.7050560e-23
2.1335838e+01 5.6545566e-23
2.1385039e+01 5.6045921e-23
2.1434353e+01 5.5551551e-23
2.1483780e+01 5.5062381e-23
2.1533322e+01 5.4578340e-23
2.1582978e+01 5.4099360e-23
2.1632749e+01 5.3625372e-23
2.1682634e+01 5.3156309e-23
2.1732634e+01 5.2692109e-23
2.1782750e+01 5.2232707e-23
2.1832981e+01 5.1778042e-23
2.1883328e+01 5.1328054e-23
2.1933791e+01 5.0882684e-23
2.1984371e+01 5.0441875e-23
2.2035067e+01 5.0005570e-23
2.2085880e+01 4.9573714e-23
2.2136810e+01 4.9146254e-23
2.2187858e+01 4.8723136e-23
2.2239023e+01 4.8304308e-23
2.2290306e+01 4.7889720e-23
2.2341708e+01 4.7479321e-23
2.2393228e+01 4.7073064e-23
2.2444867e+01 4.6670899e-23
2.2496625e+01 4.6272780e-23
2.2548503e+01 4.5878660e-23
2.2600500e+01 4.5488494e-23
2.2652617e+01 4.5102238e-23
2.2704854e+01 4.4719846e-23
2.2757211e+01 4.4341277e-23
2.2809689e+01 4.3966488e-23
2.2862289e+01 4.3595437e-23
2.2915009e+01 4.3228083e-23
2.2967852e+01 4.2864385e-23
2.3020816e+01 4.2504304e-23
2.3073902e+01 4.2147800e-23
2.3127110e+01 4.1794836e-23
2.3180442e+01 4.1445372e-23
2.3233896e+01 4.1099373e-23
2.3287474e+01 4.0756800e-23
2.3341175e+01 4.0417617e-23
2.3395000e+01 4.0081790e-23
2.3448949e+01 3.9749281e-23
2.3503022e+01 3.9420058e-23
2.3557220e+01 3.9094085e-23
2.3611543e+01 3.8771328e-23
2.3665992e+01 3.8451755e-23
2.3720566e+01 3.8135332e-23
2.3775265e+01 3.7822027e-23
2.3830091e+01 3.7511808e-23
2.3885044e+01 3.7204643e-23
2.3940123e+01 3.6900501e-23
2.3995329e+01 3.6599352e-23
2.4050662e+01 3.6301165e-23
2.4106123e+01 3.6005909e-23
2.4161712e+01 3.5713556e-23
2.4217429e+01 3.5424076e-23
2.4273275e+01 3.5137440e-23
2.4329249e+01 3.4853620e-23
2.4385353e+01 3.4572588e-23
2.4441586e+01 3.4294315e-23
2.4497948e+01 3.4018774e-23
2.4554441e+01 3.3745938e-23
2.4611063e+01 3.3475780e-23
2.4667817e+01 3.3208274e-23
2.4724701e+01 3.2943394e-23
2.4781716e+01 3.2681113e-23
2.4838863e+01 3.2421405e-23
2.4896142e+01 3.2164247e-23
2.4953552e+01 3.1909611e-23
2.5011095e+01 3.1657475e-23
2.5068771e+01 3.1407813e-23
2.5126580e+01 3.1160601e-23
2.5184522e+01 3.0915815e-23
2.5242598e+01 3.0673431e-23
2.5300807e+01 3.0433427e-23
2.5359151e+01 3.0195779e-23
2.5417630e+01 2.9960464e-23
2.5476243e+01 2.9727459e-23
2.5534991e+01 2.9496742e-23
2.5593875e+01 2.9268292e-23
2.5652895e+01 2.9042085e-23
2.5712050e+01 2.8818101e-23
2.5771343e+01 2.8596317e-23
2.5830772e+01 2.8376713e-23
2.5890338e+01 2.8159268e-23
2.5950041e+01 2.7943961e-23
2.6009882e+01 2.7730771e-23
2.6069861e+01 2.7519678e-23
2.6129978e+01 2.7310661e-23
2.6190234e+01 2.7103702e-23
2.6250629e+01 2.6898780e-23
2.6311163e+01 2.6695876e-23
2.6371837e+01 2.6494969e-23
2.6432650e+01 2.6296043e-23
2.6493604e+01 2.6099076e-23
2.6554699e+01 2.5904051e-23
2.6615934e+01 2.5710949e-23
2.6677311e+01 2.5519751e-23
2.6738829e+01 2.5330440e-23
2.6800489e+01 2.5142997e-23
2.6862291e+01 2.4957405e-23
2.6924236e+01 2.4773646e-23
2.6986323e+01 2.4591703e-23
2.7048554e+01 2.4411557e-23
2.7110928e+01 2.4233193e-23
2.7173446e+01 2.4056592e-23
2.7236108e+01 2.3881739e-23
2.7298915e+01 2.3708617e-23
2.7361866e+01 2.3537208e-23
2.7424963e+01 2.3367498e-23
2.7488205e+01 2.3199469e-23
2.7551593e+01 2.3033106e-23
2.7615127e+01 2.2868392e-23
2.7678808e+01 2.2705313e-23
2.7742636e+01 2.2543852e-23
2.7806610e+01 2.2383995e-23
2.7870732e+01 2.2225725e-23
2.7935003e+01 2.2069028e-23
2.7999421e+01 2.1913889e-23
2.8063988e+01 2.1760293e-23
2.8128704e+01 2.1608225e-23
2.8193569e+01 2.1457671e-23
2.8258583e+01 2.1308617e-23
2.8323748e+01 2.1161047e-23
2.8389062e+01 2.1014948e-23
2.8454528e+01 2.0870306e-23
2.8520144e+01 2.0727107e-23
2.8585912e+01 2.0585337e-23
2.8651831e+01 2.0444983e-23
2.8717903e+01 2.0306030e-23
2.8784126e+01 2.0168467e-23
2.8850503e+01 2.0032279e-23
2.8917032e+01 1.9897453e-23
2.8983715e+01 1.9763976e-23
2.9050552e+01 1.9631836e-23
2.9117543e+01 1.9501019e-23
2.9184688e+01 1.9371513e-23
2.9251988e+01 1.9243305e-23
2.9319443e+01 1.9116384e-23
2.9387054e+01 1.8990735e-23
2.9454821e+01 1.8866349e-23
2.9522744e+01 1.8743211e-23
2.9590824e+01 1.8621310e-23
2.9659060e+01 1.8500635e-23
2.9727454e+01 1.8381174e-23
2.9796006e+01 1.8262914e-23
2.9864716e+01 1.8145844e-23
2.9933584e+01 1.8029953e-23
3.0002611e+01 1.7915230e-23
3.0071797e+01 1.7801663e-23
3.0141143e+01 1.7689240e-23
3.0210649e+01 1.7577952e-23
3.0280315e+01 1.7467787e-23
3.0350142e+01 1.7358733e-23
3.0420129e+01 1.7250781e-23
3.0490278e+01 1.7143919e-23
3.0560589e+01 1.7038138e-23
3.0631062e+01 1.6933425e-23
3.0701697e+01 1.6829772e-23
3.0772496e+01 1.6727168e-23
3.0843457e+01 1.6625602e-23
3.0914583e+01 1.6525065e-23
3.0985872e+01 1.6425545e-23
3.1057326e+01 1.6327035e-23
3.1128944e+01 1.6229522e-23
3.1200728e+01 1.6132999e-23
3.1272677e+01 1.6037454e-23
3.1344792e+01 1.5942879e-23
3.1417073e+01 1.5849264e-23
3.1489521e+01 1.5756599e-23
3.1562136e+01 1.5664875e-23
3.1634919e+01 1.5574083e-23
3.1707869e+01 1.5484213e-23
3.1780988e+01 1.5395257e-23
3.1854275e+01 1.5307206e-23
3.1927731e+01 1.5220049e-23
3.2001357e+01 1.5133780e-23
3.2075152e+01 1.5048388e-23
3.2149118e+01 1.4963864e-23
3.2223254e+01 1.4880202e-23
3.2297561e+01 1.4797391e-23
3.2372039e+01 1.4715423e-23
3.2446689e+01 1.4634290e-23
3.2521512e+01 1.4553983e-23
3.2596506e+01 1.4474495e-23
3.2671674e+01 1.4395816e-23
3.2747015e+01 1.4317940e-23
3.2822530e+01 1.4240857e-23
3.2898219e+01 1.4164559e-23
3.2974083e+01 1.4089040e-23
3.3050121e+01 1.4014290e-23
3.3126335e+01 1.3940303e-23
3.3202725e+01 1.3867070e-23
3.3279290e+01 1.3794583e-23
3.3356033e+01 1.3722836e-23
3.3432952e+01 1.3651820e-23
3.3510049e+01 1.3581529e-23
3.3587323e+01 1.3511954e-23
3.3664776e+01 1.3443089e-23
3.3742407e+01 1.3374926e-23
3.3820217e+01 1.3307457e-23
3.3898207e+01 1.3240677e-23
3.3976376e+01 1.3174577e-23
3.4054726e+01 1.3109151e-23
3.4133257e+01 1.3044392e-23
3.4211968e+01 1.2980293e-23
3.4290861e+01 1.2916847e-23
3.4369936e+01 1.2854047e-23
3.4449194e+01 1.2791887e-23
3.4528634e+01 1.2730360e-23
3.4608257e+01 1.2669459e-23
3.4688064e+01 1.2609177e-23
3.4768055e+01 1.2549510e-23
3.4848230e+01 1.2490449e-23
3.4928590e+01 1.2431989e-23
3.5009136e+01 1.2374123e-23
3.5089867e+01 1.2316845e-23
3.5170785e+01 1.2260149e-23
3.5251889e+01 1.2204029e-23
3.5333180e+01 1.2148479e-23
3.5414659e+01 1.2093492e-23
3.5496325e+01 1.2039063e-23
3.5578180e+01 1.1985185e-23
3.5660224e+01 1.1931854e-23
3.5742456e+01 1.1879063e-23
3.5824879e+01 1.1826806e-23
3.5907491e+01 1.1775078e-23
3.5990294e+01 1.1723873e-23
3.6073288e+01 1.1673186e-23
3.6156473e+01 1.1623010e-23
3.6239850e+01 1.1573341e-23
3.6323420e+01 1.1524173e-23
3.6407182e+01 1.1475501e-23
3.6491137e+01 1.1427319e-23
3.6575286e+01 1.1379622e-23
3.6659629e+01 1.1332405e-23
3.6744166e+01 1.1285662e-23
3.6828898e+01 1.1239389e-23
3.6913826e+01 1.1193580e-23
3.6998950e+01 1.1148231e-23
3.7084270e+01 1.1103336e-23
3.7169786e+01 1.1058891e-23
3.7255500e+01 1.1014890e-23
3.7341412e+01 1.0971329e-23
3.7427521e+01 1.0928202e-23
3.7513829e+01 1.0885506e-23
3.7600336e+01 1.0843236e-23
3.7687043e+01 1.0801386e-23
3.7773950e+01 1.0759952e-23
3.7861057e+01 1.0718930e-23
3.7948365e+01 1.0678315e-23
3.8035874e+01 1.0638102e-23
3.8123585e+01 1.0598288e-23
3.8211498e+01 1.0558868e-23
3.8299614e+01 1.0519837e-23
3.8387933e+01 1.0481191e-23
3.8476456e+01 1.0442926e-23
3.8565183e+01 1.0405037e-23
3.8654115e+01 1.0367521e-23
3.8743251e+01 1.0330373e-23
3.8832594e+01 1.0293590e-23
3.8922142e+01 1.0257166e-23
3.9011897e+01 1.0221099e-23
3.9101858e+01 1.0185384e-23
3.9192028e+01 1.0150017e-23
3.9282405e+01 1.0114995e-23
3.9372990e+01 1.0080313e-23
3.9463785e+01 1.0045968e-23
3.9554788e+01 1.0011955e-23
3.9646002e+01 9.9782721e-24
3.9737426e+01 9.9449145e-24
3.9829061e+01 9.9118786e-24
3.9920907e+01 9.8791610e-24
4.0012965e+01 9.8467580e-24
4.0105235e+01 9.8146662e-24
4.0197718e+01 9.7828818e-24
4.0290414e+01 9.7514017e-24
4.0383324e+01 9.7202222e-24
4.0476449e+01 9.6893399e-24
4.0569788e+01 9.6587517e-24
4.0663342e+01 9.6284540e-24
4.0757112e+01 9.5984436e-24
4.0851098e+01 9.5687173e-24
4.0945301e+01 9.5392718e-24
4.1039721e+01 9.5101039e-24
4.1134359e+01 9.4812106e-24
4.1229215e+01 9.4525887e-24
4.1324290e+01 9.4242350e-24
4.1419584e+01 9.3961467e-24
4.1515098e+01 9.3683205e-24
4.1610832e+01 9.3407536e-24
4.1706787e+01 9.3134431e-24
4.1802963e+01 9.2863859e-24
4.1899361e+01 9.2595792e-24
4.1995982e+01 9.2330201e-24
4.2092825e+01 9.2067059e-24
4.2189891e+01 9.1806337e-24
4.2287181e+01 9.1548008e-24
4.2384696e+01 9.1292044e-24
4.2482435e+01 9.1038419e-24
4.2580400e+01 9.0787105e-24
4.2678591e+01 9.0538077e-24
4.2777008e+01 9.0291308e-24
4.2875652e+01 9.0046772e-24
4.2974524e+01 8.9804444e-24
4.3073623e+01 8.9564299e-24
4.3172951e+01 8.9326312e-24
4.3272508e+01 8.9090458e-24
4.3372295e+01 8.8856712e-24
4.3472312e+01 8.8625051e-24
4.3572559e+01 8.8395450e-24
4.3673038e+01 8.8167887e-24
4.3773748e+01 8.7942338e-24
4.3874691e+01 8.7718779e-24
4.3975866e+01 8.7497189e-24
4.4077275e+01 8.7277544e-24
4.4178918e+01 8.7059823e-24
4.4280795e+01 8.6844003e-24
4.4382906e+01 8.6630063e-24
4.4485254e+01 8.6417981e-24
4.4587837e+01 8.6207735e-24
4.4690657e+01 8.5999306e-24
4.4793714e+01 8.5792672e-24
4.4897009e+01 8.5587813e-24
4.5000541e+01 8.5384709e-24
4.5104313e+01 8.5183339e-24
4.5208324e+01 8.4983683e-24
4.5312575e+01 8.4785723e-24
4.5417066e+01 8.4589439e-24
4.5521798e+01 8.4394811e-24
4.5626772e+01 8.4201822e-24
4.5731987e+01 8.4010451e-24
4.5837446e+01 8.3820682e-24
4.5943147e+01 8.3632495e-24
4.6049092e+01 8.3445873e-24
4.6155282e+01 8.3260797e-24
4.6261716e+01 8.3077251e-24
4.6368396e+01 8.2895217e-24
4.6475322e+01 8.2714678e-24
4.6582494e+01 8.2535617e-24
4.6689914e+01 8.2358017e-24
4.6797581e+01 8.2181861e-24
4.6905497e+01 8.2007134e-24
4.7013661e+01 8.1833819e-24
4.7122075e+01 8.1661900e-24
4.7230739e+01 8.1491361e-24
4.7339654e+01 8.1322187e-24
4.7448819e+01 8.1154363e-24
4.7558236e+01 8.0987873e-24
4.7667906e+01 8.0822702e-24
4.7777829e+01 8.0658836e-24
4.7888005e+01 8.0496260e-24
4.7998435e+01 8.0334958e-24
4.8109120e+01 8.0174918e-24
4.8220060e+01 8.0016125e-24
4.8331255e+01 7.9858565e-24
4.8442708e+01 7.9702224e-24
4.8554417e+01 7.9547088e-24
4.8666384e+01 7.9393145e-24
4.8778609e+01 7.9240380e-24
4.8891093e+01 7.9088781e-24
4.9003836e+01 7.8938335e-24
4.9116839e+01 7.8789029e-24
4.9230103e+01 7.8640850e-24
4.9343628e+01 7.8493786e-24
4.9457415e+01 7.8347824e-24
4.9571464e+01 7.8202952e-24
4.9685776e+01 7.8059159e-24
4.9800352e+01 7.7916432e-24
4.9915192e+01 7.7774760e-24
5.0030297e+01 7.7634131e-24
5.0145667e+01 7.7494533e-24
5.0261303e+01 7.7355955e-24
5.0377206e+01 7.7218387e-24
5.0493376e+01 7.7081816e-24
5.0609814e+01 7.6946233e-24
5.0726521e+01 7.6811626e-24
5.0843497e+01 7.6677984e-24
5.0960742e+01 7.6545298e-24
5.1078258e+01 7.6413556e-24
5.1196045e+01 7.6282749e-24
5.1314103e+01 7.6152867e-24
5.1432434e+01 7.6023898e-24
5.1551038e+01 7.5895835e-24
5.1669915e+01 7.5768666e-24
5.1789066e+01 7.5642382e-24
5.1908492e+01 7.5516974e-24
5.2028193e+01 7.5392432e-24
5.2148171e+01 7.5268747e-24
5.2268425e+01 7.5145910e-24
5.2388956e+01 7.5023911e-24
5.2509766e+01 7.4902742e-24
5.2630854e+01 7.4782395e-24
5.2752221e+01 7.4662859e-24
5.2873868e+01 7.4544127e-24
5.2995795e+01 7.4426190e-24
5.3118004e+01 7.4309040e-24
5.3240495e+01 7.4192668e-24
5.3363268e+01 7.4077067e-24
5.3486324e+01 7.3962227e-24
5.3609663e+01 7.3848142e-24
5.3733288e+01 7.3734802e-24
5.3857197e+01 7.3622201e-24
5.3981392e+01 7.3510331e-24
5.4105874e+01 7.3399184e-24
5.4230642e+01 7.3288752e-24
5.4355699e+01 7.3179029e-24
5.4481043e+01 7.3070006e-24
5.4606677e+01 7.2961677e-24
5.4732600e+01 7.2854034e-24
5.4858814e+01 7.2747071e-24
5.4985319e+01 7.2640780e-24
5.5112116e+01 7.2535154e-24
5.5239205e+01 7.2430187e-24
5.5366587e+01 7.2325872e-24
5.5494262e+01 7.2222202e-24
5.5622233e+01 7.2119171e-24
5.5750498e+01 7.2016772e-24
5.5879059e+01 7.1914999e-24
5.6007916e+01 7.1813845e-24
5.6137071e+01 7.1713305e-24
5.6266524e+01 7.1613371e-24
5.6396275e+01 7.1514039e-24
5.6526325e+01 7.1415302e-24
5.6656675e+01 7.1317153e-24
5.6787326e+01 7.1219588e-24
5.6918278e+01 7.1122600e-24
5.7049532e+01 7.1026184e-24
5.7181088e+01 7.0930334e-24
5.7312948e+01 7.0835044e-24
5.7445113e+01 7.0740309e-24
5.7577581e+01 7.0646123e-24
5.7710356e+01 7.0552481e-24
5.7843436e+01 7.0459378e-24
5.7976824e+01 7.0366808e-24
5.8110519e+01 7.0274767e-24
5.8244522e+01 7.0183249e-24
5.8378834e+01 7.0092248e-24
5.8513456e+01 7.0001761e-24
5.8648389e+01 6.9911781e-24
5.8783632e+01 6.9822305e-24
5.8919188e+01 6.9733327e-24
5.9055056e+01 6.9644842e-24
5.9191237e+01 6.9556847e-24
5.9327733e+01 6.9469335e-24
5.9464543e+01 6.9382303e-24
5.9601669e+01 6.9295746e-24
5.9739111e+01 6.9209660e-24
5.9876870e+01 6.9124040e-24
6.0014946e+01 6.9038881e-24
6.0153341e+01 6.8954180e-24
6.0292055e+01 6.8869931e-24
6.0431089e+01 6.8786132e-24
6.0570443e+01 6.8702777e-24
6.0710119e+01 6.8619863e-24
6.0850117e+01 6.8537385e-24
6.0990438e+01 6.8455340e-24
6.1131083e+01 6.8373723e-24
6.1272051e+01 6.8292530e-24
6.1413345e+01 6.8211758e-24
6.1554965e+01 6.8131403e-24
6.1696911e+01 6.8051461e-24
6.1839185e+01 6.7971928e-24
6.1981786e+01 6.7892800e-24
6.2124717e+01 6.7814074e-24
6.2267977e+01 6.7735747e-24
6.2411567e+01 6.7657814e-24
6.2555489e+01 6.7580272e-24
6.2699742e+01 6.7503118e-24
6.2844328e+01 6.7426347e-24
6.2989248e+01 6.7349958e-24
6.3134501e+01 6.7273946e-24
6.3280090e+01 6.7198307e-24
6.3426014e+01 6.7123040e-24
6.3572275e+01 6.7048139e-24
6.3718874e+01 6.6973603e-24
6.3865810e+01 6.6899428e-24
6.4013085e+01 6.6825611e-24
6.4160699e+01 6.6752149e-24
6.4308655e+01 6.6679038e-24
6.4456951e+01 6.6606276e-24
6.4605589e+01 6.6533859e-24
6.4754570e+01 6.6461786e-24
6.4903894e+01 6.6390052e-24
6.5053563e+01 6.6318654e-24
6.5203577e+01 6.6247591e-24
6.5353937e+01 6.6176859e-24
6.5504644e+01 6.6106455e-24
6.5655698e+01 6.6036376e-24
6.5807101e+01 6.5966621e-24
6.5958852e+01 6.5897185e-24
6.6110954e+01 6.5828067e-24
6.6263406e+01 6.5759263e-24
6.6416210e+01 6.5690772e-24
6.6569367e+01 6.5622590e-24
6.6722876e+01 6.5554716e-24
6.6876740e+01 6.5487145e-24
6.7030958e+01 6.5419877e-24
6.7185532e+01 6.5352908e-24
6.7340462e+01 6.5286236e-24
6.7495750e+01 6.5219859e-24
6.7651395e+01 6.5153774e-24
6.7807400e+01 6.5087979e-24
6.7963764e+01 6.5022471e-24
6.8120489e+01 6.4957249e-24
6.8277576e+01 6.4892309e-24
6.8435024e+01 6.4827650e-24
6.8592836e+01 6.4763270e-24
6.8751012e+01 6.4699165e-24
6.8909552e+01 6.4635335e-24
6.9068458e+01 6.4571777e-24
6.9227730e+01 6.4508488e-24
6.9387370e+01 6.4445467e-24
6.9547378e+01 6.4382711e-24
6.9707755e+01 6.4320219e-24
6.9868501e+01 6.4257988e-24
7.0029619e+01 6.4196017e-24
7.0191107e+01 6.4134303e-24
7.0352969e+01 6.4072844e-24
7.0515203e+01 6.4011639e-24
7.0677812e+01 6.3950685e-24
7.0840795e+01 6.3889981e-24
7.1004155e+01 6.3829525e-24
7.1167891e+01 6.3769314e-24
7.1332004e+01 6.3709347e-24
7.1496497e+01 6.3649623e-24
7.1661368e+01 6.3590138e-24
7.1826620e+01 6.3530893e-24
7.1992252e+01 6.3471883e-24
7.2158267e+01 6.3413109e-24
7.2324665e+01 6.3354568e-24
7.2491446e+01 6.3296259e-24
7.2658612e+01 6.3238179e-24
7.2826163e+01 6.3180328e-24
7.2994101e+01 6.3122703e-24
7.3162426e+01 6.3065302e-24
7.3331139e+01 6.3008125e-24
7.3500241e+01 6.2951170e-24
7.3669733e+01 6.2894434e-24
7.3839616e+01 6.2837917e-24
7.4009891e+01 6.2781617e-24
7.4180558e+01 6.2725532e-24
7.4351619e+01 6.2669660e-24
7.4523074e+01 6.2614001e-24
7.4694925e+01 6.2558553e-24
7.4867172e+01 6.2503314e-24
7.5039817e+01 6.2448282e-24
7.5212859e+01 6.2393457e-24
7.5386300e+01 6.2338837e-24
7.5560142e+01 6.2284420e-24
7.5734384e+01 6.2230206e-24
7.5909028e+01 6.2176192e-24
7.6084075e+01 6.2122377e-24
7.6259525e+01 6.2068760e-24
7.6435380e+01 6.2015340e-24
7.6611641e+01 6.1962115e-24
7.6788308e+01 6.1909084e-24
7.6965382e+01 6.1856245e-24
7.7142865e+01 6.1803598e-24
7.7320757e+01 6.1751141e-24
7.7499060e+01 6.1698872e-24
7.7677773e+01 6.1646792e-24
7.7856898e+01 6.1594897e-24
7.8036437e+01 6.1543187e-24
7.8216390e+01 6.1491661e-24
7.8396757e+01 6.1440318e-24
7.8577541e+01 6.1389156e-24
7.8758741e+01 6.1338174e-24
7.8940359e+01 6.1287372e-24
7.9122397e+01 6.1236747e-24
7.9304853e+01 6.1186299e-24
7.9487731e+01 6.1136026e-24
7.9671030e+01 6.1085928e-24
7.9854752e+01 6.1036003e-24
8.0038898e+01 6.0986251e-24
8.0223468e+01 6.0936670e-24
8.0408464e+01 6.0887258e-24
8.0593887e+01 6.0838016e-24
8.0779737e+01 6.0788942e-24
8.0966016e+01 6.0740035e-24
8.1152724e+01 6.0691293e-24
8.1339863e+01 6.0642716e-24
8.1527433e+01 6.0594303e-24
8.1715436e+01 6.0546053e-24
8.1903872e+01 6.0497965e-24
8.2092743e+01 6.0450037e-24
8.2282050e+01 6.0402270e-24
8.2471793e+01 6.0354661e-24
8.2661973e+01 6.0307210e-24
8.2852592e+01 6.0259916e-24
8.3043651e+01 6.0212778e-24
8.3235150e+01 6.0165795e-24
8.3427091e+01 6.0118966e-24
8.3619475e+01 6.0072290e-24
8.3812302e+01 6.0025767e-24
8.4005574e+01 5.9979395e-24
8.4199291e+01 5.9933174e-24
8.4393456e+01 5.9887102e-24
8.4588067e+01 5.9841179e-24
8.4783128e+01 5.9795404e-24
8.4978639e+01 5.9749776e-24
8.5174600e+01 5.9704294e-24
8.5371013e+01 5.9658957e-24
8.5567880e+01 5.9613766e-24
8.5765200e+01 5.9568717e-24
8.5962975e+01 5.9523812e-24
8.6161206e+01 5.9479049e-24
8.6359895e+01 5.9434427e-24
8.6559041e+01 5.9389945e-24
8.6758647e+01 5.9345603e-24
8.6958713e+01 5.9301400e-24
8.7159241e+01 5.9257336e-24
8.7360231e+01 5.9213408e-24
8.7561684e+01 5.9169617e-24
8.7763602e+01 5.9125962e-24
8.7965985e+01 5.9082443e-24
8.8168836e+01 5.9039057e-24
8.8372154e+01 5.8995805e-24
8.8575940e+01 5.8952687e-24
8.8780197e+01 5.8909700e-24
8.8984925e+01 5.8866845e-24
8.9190125e+01 5.8824121e-24
8.9395798e+01 5.8781526e-24
8.9601945e+01 5.8739061e-24
8.9808568e+01 5.8696725e-24
9.0015667e+01 5.8654517e-24
9.0223244e+01 5.8612437e-24
9.0431300e+01 5.8570483e-24
9.0639835e+01 5.8528655e-24
9.0848851e+01 5.8486952e-24
9.1058349e+01 5.8445375e-24
9.1268331e+01 5.8403921e-24
9.1478796e+01 5.8362591e-24
9.1689747e+01 5.8321383e-24
9.1901184e+01 5.8280298e-24
9.2113109e+01 5.8239335e-24
9.2325522e+01 5.8198492e-24
9.2538426e+01 5.8157770e-24
9.2751820e+01 5.8117167e-24
9.2965707e+01 5.8076684e-24
9.3180086e+01 5.8036320e-24
9.3394960e+01 5.7996073e-24
9.3610330e+01 5.7955944e-24
9.3826196e+01 5.7915931e-24
9.4042560e+01 5.7876035e-24
9.4259423e+01 5.7836254e-24
9.4476786e+01 5.7796589e-24
9.4694650e+01 5.7757038e-24
9.4913016e+01 5.7717601e-24
9.5131886e+01 5.7678278e-24
9.5351261e+01 5.7639068e-24
9.5571142e+01 5.7599970e-24
9.5791530e+01 5.7560983e-24
9.6012426e+01 5.7522109e-24
9.6233831e+01 5.7483345e-24
9.6455747e+01 5.7444691e-24
9.6678175e+01 5.7406147e-24
9.6901115e+01 5.7367712e-24
9.7124570e+01 5.7329386e-24
9.7348540e+01 5.7291169e-24
9.7573027e+01 5.7253059e-24
9.7798031e+01 5.7215056e-24
9.8023554e+01 5.7177160e-24
9.8249597e+01 5.7139371e-24
9.8476161e+01 5.7101687e-24
9.8703248e+01 5.7064109e-24
9.8930858e+01 5.7026635e-24
9.9158994e+01 5.6989266e-24
9.9387655e+01 5.6952001e-24
9.9616844e+01 5.6914839e-24
9.9846561e+01 5.6877781e-24
1.0007681e+02 5.6840825e-24
1.0030759e+02 5.6803971e-24
1.0053890e+02 5.6767219e-24
1.0077074e+02 5.6730567e-24
1.0100312e+02 5.6694017e-24
1.0123603e+02 5.6657567e-24
1.0146948e+02 5.6621217e-24
1.0170347e+02 5.6584967e-24
1.0193800e+02 5.6548816e-24
1.0217307e+02 5.6512763e-24
1.0240868e+02 5.6476809e-24
1.0264484e+02 5.6440952e-24
1.0288154e+02 5.6405193e-24
1.0311878e+02 5.6369531e-24
1.0335658e+02 5.6333966e-24
1.0359492e+02 5.6298496e-24
1.0383381e+02 5.6263123e-24
1.0407325e+02 5.6227845e-24
1.0431324e+02 5.6192662e-24
1.0455379e+02 5.6157574e-24
1.0479489e+02 5.6122580e-24
1.0503655e+02 5.6087680e-24
1.0527876e+02 5.6052874e-24
1.0552154e+02 5.6018161e-24
1.0576487e+02 5.5983540e-24
1.0600877e+02 5.5949013e-24
1.0625322e+02 5.5914577e-24
1.0649824e+02 5.5880232e-24
1.0674383e+02 5.5845980e-24
1.0698998e+02 5.5811818e-24
1.0723670e+02 5.5777747e-24
1.0748399e+02 5.5743766e-24
1.0773185e+02 5.5709875e-24
1.0798028e+02 5.5676074e-24
1.0822928e+02 5.5642362e-24
1.0847886e+02 5.5608738e-24
1.0872901e+02 5.5575204e-24
1.0897974e+02 5.5541758e-24
1.0923105e+02 5.5508400e-24
1.0948294e+02 5.5475129e-24
1.0973541e+02 5.5441946e-24
1.0998846e+02 5.5408849e-24
1.1024209e+02 5.5375840e-24
1.1049631e+02 5.5342916e-24
1.1075112e+02 5.5310079e-24
1.1100651e+02 5.5277327e-24
1.1126249e+02 5.5244661e-24
1.1151906e+02 5.5212080e-24
1.1177623e+02 5.5179584e-24
1.1203398e+02 5.5147172e-24
1.1229234e+02 5.5114844e-24
1.1255128e+02 5.5082601e-24
1.1281083e+02 5.5050441e-24
1.1307097e+02 5.5018364e-24
1.1333171e+02 5.4986370e-24
1.1359306e+02 5.4954459e-24
1.1385500e+02 5.4922631e-24
1.1411755e+02 5.4890885e-24
1.1438071e+02 5.4859220e-24
1.1464447e+02 5.4827638e-24
1.1490884e+02 5.4796136e-24
1.1517382e+02 5.4764716e-24
1.1543942e+02 5.4733377e-24
1.1570562e+02 5.4702118e-24
1.1597244e+02 5.4670939e-24
1.1623987e+02 5.4639841e-24
1.1650792e+02 5.4608822e-24
1.1677659e+02 5.4577882e-24
1.1704588e+02 5.4547022e-24
1.1731579e+02 5.4516241e-24
1.1758632e+02 5.4485539e-24
1.1785747e+02 5.4454915e-24
1.1812925e+02 5.4424369e-24
1.1840166e+02 5.4393901e-24
1.1867469e+02 5.4363512e-24
1.1894836e+02 5.4333199e-24
1.1922265e+02 5.4302964e-24
1.1949758e+02 5.4272806e-24
1.1977314e+02 5.4242724e-24
1.2004934e+02 5.4212719e-24
1.2032618e+02 5.4182791e-24
1.2060365e+02 5.4152938e-24
1.2088176e+02 5.4123162e-24
1.2116052e+02 5.4093461e-24
1.2143991e+02 5.4063835e-24
1.2171996e+02 5.4034285e-24
1.2200064e+02 5.4004809e-24
1.2228198e+02 5.3975408e-24
1.2256396e+02 5.3946082e-24
1.2284659e+02 5.3916830e-24
1.2312988e+02 5.3887652e-24
1.2341382e+02 5.3858548e-24
1.2369841e+02 5.3829518e-24
1.2398366e+02 5.3800561e-24
1.2426957e+02 5.3771677e-24
1.2455613e+02 5.3742866e-24
1.2484336e+02 5.3714128e-24
1.2513125e+02 5.3685463e-24
1.2541981e+02 5.3656870e-24
1.2570902e+02 5.3628349e-24
1.2599891e+02 5.3599901e-24
1.2628946e+02 5.3571524e-24
1.2658069e+02 5.3543219e-24
1.2687259e+02 5.3514985e-24
1.2716515e+02 5.3486822e-24
1.2745840e+02 5.3458731e-24
1.2775232e+02 5.3430710e-24
1.2804692e+02 5.3402760e-24
1.2834219e+02 5.3374880e-24
1.2863815e+02 5.3347071e-24
1.2893479e+02 5.3319332e-24
1.2923212e+02 5.3291663e-24
1.2953013e+02 5.3264063e-24
1.2982882e+02 5.3236533e-24
1.3012821e+02 5.3209073e-24
1.3042829e+02 5.3181681e-24
1.3072906e+02 5.3154359e-24
1.3103052e+02 5.3127105e-24
1.3133268e+02 5.3099921e-24
1.3163553e+02 5.3072804e-24
1.3193908e+02 5.3045757e-24
1.3224333e+02 5.3018777e-24
1.3254829e+02 5.2991865e-24
1.3285395e+02 5.2965021e-24
1.3316031e+02 5.2938245e-24
1.3346738e+02 5.2911537e-24
1.3377515e+02 5.2884895e-24
1.3408364e+02 5.2858321e-24
1.3439284e+02 5.2831814e-24
1.3470275e+02 5.2805374e-24
1.3501337e+02 5.2779001e-24
1.3532472e+02 5.2752694e-24
1.3563678e+02 5.2726453e-24
1.3594956e+02 5.2700279e-24
1.3626306e+02 5.2674171e-24
1.3657728e+02 5.2648129e-24
1.3689223e+02 5.2622153e-24
1.3720790e+02 5.2596242e-24
1.3752431e+02 5.2570397e-24
1.3784144e+02 5.2544618e-24
1.3815930e+02 5.2518903e-24
1.3847790e+02 5.2493254e-24
1.3879723e+02 5.2467670e-24
1.3911730e+02 5.2442150e-24
1.3943810e+02 5.2416695e-24
1.3975965e+02 5.2391305e-24
1.4008193e+02 5.2365979e-24
1.4040496e+02 5.2340718e-24
1.4072874e+02 5.2315520e-24
1.4105326e+02 5.2290387e-24
1.4137853e+02 5.2265317e-24
1.4170455e+02 5.2240311e-24
1.4203132e+02 5.2215369e-24
1.4235885e+02 5.2190490e-24
1.4268713e+02 5.2165675e-24
1.4301617e+02 5.2140923e-24
1.4334596e+02 5.2116233e-24
1.4367652e+02 5.2091607e-24
1.4400784e+02 5.2067044e-24
1.4433992e+02 5.2042543e-24
1.4467277e+02 5.2018106e-24
1.4500639e+02 5.1993730e-24
1.4534077e+02 5.1969417e-24
1.4567593e+02 5.1945166e-24
1.4601186e+02 5.1920977e-24
1.4634856e+02 5.1896851e-24
1.4668604e+02 5.1872786e-24
1.4702430e+02 5.1848783e-24
1.4736334e+02 5.1824842e-24
1.4770316e+02 5.1800962e-24
1.4804377e+02 5.1777144e-24
1.4838516e+02 5.1753387e-24
1.4872734e+02 5.1729691e-24
1.4907030e+02 5.1706057e-24
1.4941406e+02 5.1682483e-24
1.4975861e+02 5.1658970e-24
1.5010395e+02 5.1635519e-24
1.5045009e+02 5.1612127e-24
1.5079703e+02 5.1588797e-24
1.5114477e+02 5.1565527e-24
1.5149331e+02 5.1542317e-24
1.5184266e+02 5.1519168e-24
1.5219281e+02 5.1496079e-24
1.5254377e+02 5.1473050e-24
1.5289553e+02 5.1450081e-24
1.5324811e+02 5.1427172e-24
1.5360150e+02 5.1404322e-24
1.5395571e+02 5.1381533e-24
1.5431073e+02 5.1358803e-24
1.5466657e+02 5.1336132e-24
1.5502324e+02 5.1313521e-24
1.5538072e+02 5.1290970e-24
1.5573903e+02 5.1268477e-24
1.5609817e+02 5.1246044e-24
1.5645813e+02 5.1223670e-24
1.5681892e+02 5.1201355e-24
1.5718055e+02 5.1179098e-24
1.5754301e+02 5.1156901e-24
1.5790630e+02 5.1134762e-24
1.5827044e+02 5.1112682e-24
1.5863541e+02 5.1090660e-24
1.5900122e+02 5.1068697e-24
1.5936788e+02 5.1046793e-24
1.5973539e+02 5.1024946e-24
1.6010374e+02 5.1003158e-24
1.6047294e+02 5.0981428e-24
1.6084299e+02 5.0959756e-24
1.6121389e+02 5.0938142e-24
1.6158565e+02 5.0916586e-24
1.6195827e+02 5.0895088e-24
1.6233175e+02 5.0873648e-24
1.6270609e+02 5.0852265e-24
1.6308129e+02 5.0830940e-24
1.6345736e+02 5.0809672e-24
1.6383429e+02 5.0788462e-24
1.6421209e+02 5.0767309e-24
1.6459077e+02 5.0746214e-24
1.6497031e+02 5.0725176e-24
1.6535074e+02 5.0704195e-24
1.6573204e+02 5.0683271e-24
1.6611422e+02 5.0662404e-24
1.6649728e+02 5.0641595e-24
1.6688122e+02 5.0620842e-24
1.6726605e+02 5.0600146e-24
1.6765177e+02 5.0579507e-24
1.6803837e+02 5.0558924e-24
1.6842587e+02 5.0538398e-24
1.6881426e+02 5.0517929e-24
1.6920355e+02 5.0497517e-24
1.6959373e+02 5.0477160e-24
1.6998482e+02 5.0456861e-24
1.7037681e+02 5.0436617e-24
1.7076970e+02 5.0416430e-24
1.7116349e+02 5.0396299e-24
1.7155820e+02 5.0376225e-24
1.7195381e+02 5.0356206e-24
1.7235034e+02 5.0336244e-24
1.7274778e+02 5.0316337e-24
1.7314614e+02 5.0296487e-24
1.7354541e+02 5.0276692e-24
1.7394561e+02 5.0256953e-24
1.7434673e+02 5.0237270e-24
1.7474877e+02 5.0217643e-24
1.7515175e+02 5.0198072e-24
1.7555565e+02 5.0178556e-24
1.7596048e+02 5.0159096e-24
1.7636625e+02 5.0139691e-24
1.7677295e+02 5.0120342e-24
1.7718059e+02 5.0101048e-24
1.7758917e+02 5.0081810e-24
1.7799869e+02 5.0062627e-24
1.7840916e+02 5.0043499e-24
1.7882057e+02 5.0024427e-24
1.7923293e+02 5.0005409e-24
1.7964624e+02 4.9986447e-24
1.8006051e+02 4.9967541e-24
1.8047573e+02 4.9948689e-24
1.8089191e+02 4.9929892e-24
1.8130905e+02 4.9911151e-24
1.8172715e+02 4.9892464e-24
1.8214621e+02 4.9873832e-24
1.8256624e+02 4.9855255e-24
1.8298724e+02 4.9836733e-24
1.8340921e+02 4.9818266e-24
1.8383215e+02 4.9799854e-24
1.8425607e+02 4.9781496e-24
1.8468097e+02 4.9763193e-24
1.8510684e+02 4.9744945e-24
1.8553370e+02 4.9726751e-24
1.8596154e+02 4.9708612e-24
1.8639037e+02 4.9690528e-24
1.8682019e+02 4.9672498e-24
1.8725100e+02 4.9654523e-24
1.8768280e+02 4.9636602e-24
1.8811560e+02 4.9618736e-24
1.8854939e+02 4.9600924e-24
1.8898419e+02 4.9583166e-24
1.8941999e+02 4.9565463e-24
1.8985679e+02 4.9547814e-24
1.9029460e+02 4.9530219e-24
1.9073343e+02 4.9512679e-24
1.9117326e+02 4.9495193e-24
1.9161411e+02 4.9477761e-24
1.9205597e+02 4.9460384e-24
1.9249885e+02 4.9443060e-24
1.9294276e+02 4.9425791e-24
1.9338768e+02 4.9408576e-24
1.9383364e+02 4.9391415e-24
1.9428062e+02 4.9374308e-24
1.9472863e+02 4.9357255e-24
1.9517768e+02 4.9340257e-24
1.9562776e+02 4.9323312e-24
1.9607888e+02 4.9306421e-24
1.9653104e+02 4.9289584e-24
1.9698424e+02 4.9272802e-24
1.9743849e+02 4.9256073e-24
1.9789378e+02 4.9239398e-24
1.9835012e+02 4.9222777e-24
1.9880752e+02 4.9206210e-24
1.9926597e+02 4.9189697e-24
1.9972548e+02 4.9173238e-24
2.0018605e+02 4.9156833e-24
2.0064768e+02 4.9140481e-24
2.0111038e+02 4.9124184e-24
2.0157414e+02 4.9107940e-24
2.0203897e+02 4.9091750e-24
2.0250487e+02 4.9075614e-24
2.0297185e+02 4.9059532e-24
2.0343991e+02 4.9043503e-24
2.0390904e+02 4.9027528e-24
2.0437926e+02 4.9011608e-24
2.0485056e+02 4.8995740e-24
2.0532294e+02 4.8979927e-24
2.0579642e+02 4.8964167e-24
2.0627099e+02 4.8948461e-24
2.0674665e+02 4.8932809e-24
2.0722341e+02 4.8917211e-24
2.0770127e+02 4.8901666e-24
2.0818023e+02 4.8886175e-24
2.0866029e+02 4.8870738e-24
2.0914147e+02 4.8855354e-24
2.0962375e+02 4.8840025e-24
2.1010714e+02 4.8824749e-24
2.1059165e+02 4.8809526e-24
2.1107728e+02 4.8794358e-24
2.1156402e+02 4.8779243e-24
2.1205189e+02 4.8764182e-24
2.1254088e+02 4.8749175e-24
2.1303100e+02 4.8734221e-24
2.1352226e+02 4.8719321e-24
2.1401464e+02 4.8704475e-24
2.1450816e+02 4.8689683e-24
2.1500282e+02 4.8674944e-24
2.1549861e+02 4.8660259e-24
2.1599556e+02 4.8645628e-24
2.1649364e+02 4.8631051e-24
2.1699288e+02 4.8616527e-24
2.1749327e+02 4.8602057e-24
2.1799481e+02 4.8587641e-24
2.1849750e+02 4.8573279e-24
2.1900136e+02 4.8558971e-24
2.1950638e+02 4.8544716e-24
2.2001256e+02 4.8530516e-24
2.2051991e+02 4.8516369e-24
2.2102844e+02 4.8502276e-24
2.2153813e+02 4.8488237e-24
2.2204900e+02 4.8474251e-24
2.2256104e+02 4.8460320e-24
2.2307427e+02 4.8446443e-24
2.2358868e+02 4.8432619e-24
2.2410428e+02 4.8418850e-24
2.2462107e+02 4.8405134e-24
2.2513904e+02 4.8391473e-24
2.2565822e+02 4.8377865e-24
2.2617859e+02 4.8364311e-24
2.2670016e+02 4.8350812e-24
2.2722293e+02 4.8337366e-24
2.2774691e+02 4.8323975e-24
2.2827209e+02 4.8310638e-24
2.2879849e+02 4.8297354e-24
2.2932610e+02 4.8284125e-24
2.2985493e+02 4.8270951e-24
2.3038497e+02 4.8257830e-24
2.3091624e+02 4.8244763e-24
2.3144874e+02 4.8231751e-24
2.3198246e+02 4.8218793e-24
2.3251741e+02 4.8205889e-24
2.3305360e+02 4.8193040e-24
2.3359102e+02 4.8180245e-24
2.3412969e+02 4.8167504e-24
2.3466959e+02 4.8154818e-24
2.3521074e+02 4.8142186e-24
2.3575314e+02 4.8129608e-24
2.3629679e+02 4.8117085e-24
2.3684169e+02 4.8104617e-24
2.3738785e+02 4.8092203e-24
2.3793527e+02 4.8079843e-24
2.3848395e+02 4.8067539e-24
2.3903389e+02 4.8055289e-24
2.3958511e+02 4.8043093e-24
2.4013759e+02 4.8030952e-24
2.4069135e+02 4.8018866e-24
2.4124639e+02 4.8006835e-24
2.4180270e+02 4.7994858e-24
2.4236030e+02 4.7982937e-24
2.4291919e+02 4.7971070e-24
2.4347936e+02 4.7959258e-24
2.4404083e+02 4.7947501e-24
2.4460359e+02 4.7935799e-24
2.4516764e+02 4.7924152e-24
2.4573300e+02 4.7912561e-24
2.4629967e+02 4.7901024e-24
2.4686763e+02 4.7889542e-24
2.4743691e+02 4.7878116e-24
2.4800750e+02 4.7866745e-24
2.4857941e+02 4.7855429e-24
2.4915264e+02 4.7844168e-24
2.4972719e+02 4.7832963e-24
2.5030306e+02 4.7821813e-24
2.5088026e+02 4.7810719e-24
2.5145879e+02 4.7799680e-24
2.5203866e+02 4.7788697e-24
2.5261986e+02 4.7777769e-24
2.5320240e+02 4.7766897e-24
2.5378629e+02 4.7756081e-24
2.5437152e+02 4.7745321e-24
2.5495811e+02 4.7734616e-24
2.5554604e+02 4.7723967e-24
2.5613533e+02 4.7713374e-24
2.5672598e+02 4.7702837e-24
2.5731799e+02 4.7692356e-24
2.5791137e+02 4.7681930e-24
2.5850612e+02 4.7671561e-24
2.5910223e+02 4.7661249e-24
2.5969973e+02 4.7650992e-24
2.6029859e+02 4.7640792e-24
2.6089885e+02 4.7630648e-24
2.6150048e+02 4.7620560e-24
2.6210350e+02 4.7610529e-24
2.6270792e+02 4.7600554e-24
2.6331372e+02 4.7590636e-24
2.6392092e+02 4.7580774e-24
2.6452953e+02 4.7570970e-24
2.6513954e+02 4.7561221e-24
2.6575095e+02 4.7551530e-24
2.6636377e+02 4.7541896e-24
2.6697801e+02 4.7532318e-24
2.6759366e+02 4.7522797e-24
2.6821074e+02 4.7513334e-24
2.6882923e+02 4.7503927e-24
2.6944915e+02 4.7494578e-24
2.7007051e+02 4.7485286e-24
2.7069329e+02 4.7476051e-24
2.7131751e+02 4.7466874e-24
2.7194317e+02 4.7457754e-24
2.7257028e+02 4.7448692e-24
2.7319882e+02 4.7439687e-24
2.7382882e+02 4.7430739e-24
2.7446027e+02 4.7421850e-24
2.7509318e+02 4.7413018e-24
2.7572755e+02 4.7404244e-24
2.7636338e+02 4.7395528e-24
2.7700067e+02 4.7386871e-24
2.7763944e+02 4.7378271e-24
2.7827968e+02 4.7369729e-24
2.7892139e+02 4.7361245e-24
2.7956459e+02 4.7352820e-24
2.8020927e+02 4.7344453e-24
2.8085543e+02 4.7336145e-24
2.8150309e+02 4.7327895e-24
2.8215223e+02 4.7319704e-24
2.8280288e+02 4.7311572e-24
2.8345503e+02 4.7303498e-24
2.8410868e+02 4.7295483e-24
2.8476383e+02 4.7287527e-24
2.8542050e+02 4.7279630e-24
2.8607868e+02 4.7271792e-24
2.8673838e+02 4.7264013e-24
2.8739960e+02 4.7256294e-24
2.8806235e+02 4.7248634e-24
2.8872662e+02 4.7241033e-24
2.8939243e+02 4.7233492e-24
2.9005977e+02 4.7226010e-24
2.9072865e+02 4.7218588e-24
2.9139907e+02 4.7211226e-24
2.9207104e+02 4.7203924e-24
2.9274456e+02 4.7196681e-24
2.9341963e+02 4.7189499e-24
2.9409626e+02 4.7182377e-24
2.9477444e+02 4.7175315e-24
2.9545420e+02 4.7168313e-24
2.9613552e+02 4.7161372e-24
2.9681841e+02 4.7154491e-24
2.9750287e+02 4.7147671e-24
2.9818892e+02 4.7140912e-24
2.9887654e+02 4.7134213e-24
2.9956575e+02 4.7127575e-24
3.0025656e+02 4.7120998e-24
3.0094895e+02 4.7114483e-24
3.0164294e+02 4.7108028e-24
3.0233853e+02 4.7101635e-24
3.0303573e+02 4.7095303e-24
3.0373453e+02 4.7089032e-24
3.0443494e+02 4.7082823e-24
3.0513697e+02 4.7076676e-24
3.0584062e+02 4.7070591e-24
3.0654589e+02 4.7064567e-24
3.0725279e+02 4.7058606e-24
3.0796131e+02 4.7052706e-24
3.0867148e+02 4.7046869e-24
3.0938327e+02 4.7041094e-24
3.1009672e+02 4.7035381e-24
3.1081180e+02 4.7029731e-24
3.1152853e+02 4.7024143e-24
3.1224692e+02 4.7018619e-24
3.1296697e+02 4.7013157e-24
3.1368867e+02 4.7007758e-24
3.1441204e+02 4.7002422e-24
3.1513708e+02 4.6997149e-24
3.1586378e+02 4.6991940e-24
3.1659217e+02 4.6986794e-24
3.1732223e+02 4.6981711e-24
3.1805398e+02 4.6976692e-24
3.1878741e+02 4.6971737e-24
3.1952254e+02 4.6966846e-24
3.2025936e+02 4.6962018e-24
3.2099788e+02 4.6957255e-24
3.2173811e+02 4.6952556e-24
3.2248004e+02 4.6947921e-24
3.2322368e+02 4.6943351e-24
3.2396903e+02 4.6938846e-24
3.2471611e+02 4.6934405e-24
3.2546491e+02 4.6930029e-24
3.2621543e+02 4.6925718e-24
3.2696769e+02 4.6921471e-24
3.2772168e+02 4.6917291e-24
3.2847741e+02 4.6913175e-24
3.2923488e+02 4.6909125e-24
3.2999410e+02 4.6905140e-24
3.3075506e+02 4.6901222e-24
3.3151779e+02 4.6897369e-24
3.3228227e+02 4.6893582e-24
3.3304852e+02 4.6889861e-24
3.3381653e+02 4.6886206e-24
3.3458631e+02 4.6882618e-24
3.3535787e+02 4.6879096e-24
3.3613121e+02 4.6875641e-24
3.3690633e+02 4.6872253e-24
3.3768324e+02 4.6868931e-24
3.3846194e+02 4.6865677e-24
3.3924243e+02 4.6862489e-24
3.4002473e+02 4.6859369e-24
3.4080883e+02 4.6856317e-24
3.4159474e+02 4.6853332e-24
3.4238246e+02 4.6850415e-24
3.4317199e+02 4.6847566e-24
3.4396335e+02 4.6844784e-24
3.4475653e+02 4.6842071e-24
3.4555154e+02 4.6839427e-24
3.4634839e+02 4.6836850e-24
3.4714707e+02 4.6834343e-24
3.4794759e+02 4.6831904e-24
3.4874996e+02 4.6829534e-24
3.4955418e+02 4.6827233e-24
3.5036026e+02 4.6825001e-24
3.5116819e+02 4.6822839e-24
3.5197799e+02 4.6820746e-24
3.5278965e+02 4.6818723e-24
3.5360319e+02 4.6816770e-24
3.5441860e+02 4.6814886e-24
3.5523589e+02 4.6813073e-24
3.5605507e+02 4.6811330e-24
3.5687613e+02 4.6809658e-24
3.5769909e+02 4.6808056e-24
3.5852395e+02 4.6806525e-24
3.5935071e+02 4.6805065e-24
3.6017937e+02 4.6803676e-24
3.6100995e+02 4.6802358e-24
3.6184244e+02 4.6801112e-24
3.6267685e+02 4.6799937e-24
3.6351319e+02 4.6798835e-24
3.6435145e+02 4.6797804e-24
3.6519165e+02 4.6796845e-24
3.6603379e+02 4.6795959e-24
3.6687786e+02 4.6795145e-24
3.6772389e+02 4.6794403e-24
3.6857186e+02 4.6793735e-24
3.6942179e+02 4.6793139e-24
3.7027368e+02 4.6792617e-24
3.7112753e+02 4.6792168e-24
3.7198336e+02 4.6791793e-24
3.7284115e+02 4.6791492e-24
3.7370093e+02 4.6791264e-24
3.7456268e+02 4.6791111e-24
3.7542643e+02 4.6791032e-24
3.7629216e+02 4.6791027e-24
3.7715990e+02 4.6791097e-24
3.7802963e+02 4.6791243e-24
3.7890137e+02 4.6791463e-24
3.7977512e+02 4.6791759e-24
3.8065088e+02 4.6792130e-24
3.8152867e+02 4.6792577e-24
3.8240848e+02 4.6793101e-24
3.8329031e+02 4.6793700e-24
3.8417418e+02 4.6794376e-24
3.8506009e+02 4.6795129e-24
3.8594804e+02 4.6795959e-24
3.8683804e+02 4.6796866e-24
3.8773009e+02 4.6797850e-24
3.8862420e+02 4.6798913e-24
3.8952037e+02 4.6800053e-24
3.9041861e+02 4.6801272e-24
3.9131892e+02 4.6802569e-24
3.9222130e+02 4.6803945e-24
3.9312577e+02 4.6805401e-24
3.9403232e+02 4.6806936e-24
3.9494096e+02 4.6808551e-24
3.9585170e+02 4.6810246e-24
3.9676453e+02 4.6812022e-24
3.9767948e+02 4.6813880e-24
3.9859653e+02 4.6815819e-24
3.9951569e+02 4.6817840e-24
4.0043698e+02 4.6819943e-24
4.0136039e+02 4.6822130e-24
4.0228593e+02 4.6824401e-24
4.0321361e+02 4.6826756e-24
4.0414342e+02 4.6829196e-24
4.0507538e+02 4.6831722e-24
4.0600948e+02 4.6834336e-24
4.0694575e+02 4.6837037e-24
4.0788417e+02 4.6839827e-24
4.0882475e+02 4.6842708e-24
4.0976750e+02 4.6845681e-24
4.1071243e+02 4.6848747e-24
4.1165954e+02 4.6851909e-24
4.1260883e+02 4.6855169e-24
4.1356030e+02 4.6858530e-24
4.1451398e+02 4.6861996e-24
4.1546985e+02 4.6865569e-24
4.1642793e+02 4.6869256e-24
4.1738821e+02 4.6873063e-24
4.1835071e+02 4.6876996e-24
4.1931543e+02 4.6881065e-24
4.2028238e+02 4.6885284e-24
4.2125155e+02 4.6889666e-24
4.2222296e+02 4.6894233e-24
4.2319661e+02 4.6899013e-24
4.2417251e+02 4.6904042e-24
4.2515065e+02 4.6909374e-24
4.2613105e+02 4.6915083e-24
4.2711371e+02 4.6921279e-24
4.2809864e+02 4.6928129e-24
4.2908584e+02 4.6935895e-24
4.3007531e+02 4.6945015e-24
4.3106707e+02 4.6956257e-24
4.3206111e+02 4.6971073e-24
4.3305745e+02 4.6992500e-24
4.3405608e+02 4.7027788e-24
4.3505702e+02 4.7098052e-24
4.3606027e+02 4.7288668e-24
4.3706582e+02 4.8288034e-24
4.3807370e+02 1.0573475e-22
4.3908390e+02 4.8214718e-24
4.4009643e+02 4.7287579e-24
4.4111130e+02 4.7117602e-24
4.4212851e+02 4.7061800e-24
4.4314806e+02 4.7039185e-24
4.4416996e+02 4.7029679e-24
4.4519422e+02 4.7026398e-24
4.4622084e+02 4.7026467e-24
4.4724983e+02 4.7028515e-24
4.4828119e+02 4.7031822e-24
4.4931493e+02 4.7035980e-24
4.5035105e+02 4.7040746e-24
4.5138957e+02 4.7045964e-24
4.5243047e+02 4.7051535e-24
4.5347378e+02 4.7057391e-24
4.5451950e+02 4.7063484e-24
4.5556762e+02 4.7069781e-24
4.5661816e+02 4.7076257e-24
4.5767113e+02 4.7082895e-24
4.5872652e+02 4.7089681e-24
4.5978435e+02 4.7096604e-24
4.6084462e+02 4.7103657e-24
4.6190733e+02 4.7110834e-24
4.6297249e+02 4.7118130e-24
4.6404011e+02 4.7125540e-24
4.6511019e+02 4.7133063e-24
4.6618273e+02 4.7140694e-24
4.6725776e+02 4.7148434e-24
4.6833526e+02 4.7156279e-24
4.6941524e+02 4.7164229e-24
4.7049772e+02 4.7172283e-24
4.7158269e+02 4.7180439e-24
4.7267016e+02 4.7188698e-24
4.7376014e+02 4.7197058e-24
4.7485264e+02 4.7205520e-24
4.7594765e+02 4.7214082e-24
4.7704519e+02 4.7222745e-24
4.7814526e+02 4.7231509e-24
4.7924786e+02 4.7240374e-24
4.8035301e+02 4.7249338e-24
4.8146071e+02 4.7258404e-24
4.8257096e+02 4.7267569e-24
4.8368378e+02 4.7276835e-24
4.8479915e+02 4.7286202e-24
4.8591711e+02 4.7295669e-24
4.8703763e+02 4.7305237e-24
4.8816075e+02 4.7314906e-24
4.8928645e+02 4.7324676e-24
4.9041475e+02 4.7334547e-24
4.9154565e+02 4.7344520e-24
4.9267916e+02 4.7354594e-24
4.9381528e+02 4.7364770e-24
4.9495402e+02 4.7375048e-24
4.9609539e+02 4.7385429e-24
4.9723939e+02 4.7395912e-24
4.9838602e+02 4.7406497e-24
4.9953531e+02 4.7417186e-24
5.0068724e+02 4.7427978e-24
5.0184183e+02 4.7438873e-24
5.0299908e+02 4.7449872e-24
5.0415900e+02 4.7460975e-24
5.0532159e+02 4.7472182e-24
5.0648687e+02 4.7483493e-24
5.0765483e+02 4.7494910e-24
5.0882549e+02 4.7506431e-24
5.0999884e+02 4.7518058e-24
5.1117490e+02 4.7529790e-24
5.1235368e+02 4.7541629e-24
5.1353517e+02 4.7553573e-24
5.1471938e+02 4.7565624e-24
5.1590633e+02 4.7577781e-24
5.1709601e+02 4.7590046e-24
5.1828844e+02 4.7602418e-24
5.1948362e+02 4.7614898e-24
5.2068155e+02 4.7627485e-24
5.2188225e+02 4.7640181e-24
5.2308571e+02 4.7652985e-24
5.2429195e+02 4.7665898e-24
5.2550097e+02 4.7678920e-24
5.2671278e+02 4.7692052e-24
5.2792739e+02 4.7705293e-24
5.2914479e+02 4.7718644e-24
5.3036500e+02 4.7732106e-24
5.3158803e+02 4.7745678e-24
5.3281387e+02 4.7759362e-24
5.3404255e+02 4.7773156e-24
5.3527405e+02 4.7787063e-24
5.3650840e+02 4.7801081e-24
5.3774559e+02 4.7815211e-24
5.3898564e+02 4.7829454e-24
5.4022854e+02 4.7843810e-24
5.4147431e+02 4.7858279e-24
5.4272296e+02 4.7872861e-24
5.4397448e+02 4.7887558e-24
5.4522889e+02 4.7902368e-24
5.4648619e+02 4.7917294e-24
5.4774639e+02 4.7932333e-24
5.4900950e+02 4.7947488e-24
5.5027552e+02 4.7962759e-24
5.5154446e+02 4.7978145e-24
5.5281633e+02 4.7993648e-24
5.5409112e+02 4.8009267e-24
5.5536886e+02 4.8025003e-24
5.5664955e+02 4.8040856e-24
5.5793319e+02 4.8056826e-24
5.5921978e+02 4.8072915e-24
5.6050935e+02 4.8089121e-24
5.6180189e+02 4.8105446e-24
5.6309741e+02 4.8121890e-24
5.6439591e+02 4.8138453e-24
5.6569742e+02 4.8155136e-24
5.6700192e+02 4.8171938e-24
5.6830943e+02 4.8188861e-24
5.6961995e+02 4.8205905e-24
5.7093350e+02 4.8223069e-24
5.7225008e+02 4.8240355e-24
5.7356969e+02 4.8257762e-24
5.7489235e+02 4.8275291e-24
5.7621806e+02 4.8292943e-24
5.7754682e+02 4.8310717e-24
5.7887865e+02 4.8328614e-24
5.8021354e+02 4.8346635e-24
5.8155152e+02 4.8364780e-24
5.8289258e+02 4.8383048e-24
5.8423674e+02 4.8401441e-24
5.8558399e+02 4.8419959e-24
5.8693435e+02 4.8438603e-24
5.8828783e+02 4.8457371e-24
5.8964443e+02 4.8476266e-24
5.9100415e+02 4.8495287e-24
5.9236701e+02 4.8514435e-24
5.9373301e+02 4.8533710e-24
5.9510217e+02 4.8553112e-24
5.9647448e+02 4.8572642e-24
5.9784995e+02 4.8592300e-24
5.9922860e+02 4.8612086e-24
6.0061042e+02 4.8632002e-24
6.0199543e+02 4.8652046e-24
6.0338364e+02 4.8672221e-24
6.0477505e+02 4.8692525e-24
6.0616966e+02 4.8712960e-24
6.0756750e+02 4.8733525e-24
6.0896855e+02 4.8754222e-24
6.1037284e+02 4.8775050e-24
6.1178036e+02 4.8796010e-24
6.1319113e+02 4.8817103e-24
6.1460516e+02 4.8838328e-24
6.1602244e+02 4.8859686e-24
6.1744299e+02 4.8881178e-24
6.1886682e+02 4.8902803e-24
6.2029393e+02 4.8924563e-24
6.2172433e+02 4.8946457e-24
6.2315804e+02 4.8968486e-24
6.2459504e+02 4.8990651e-24
6.2603536e+02 4.9012951e-24
6.2747901e+02 4.9035388e-24
6.2892598e+02 4.9057961e-24
6.3037629e+02 4.9080671e-24
6.3182994e+02 4.9103519e-24
6.3328694e+02 4.9126504e-24
6.3474731e+02 4.9149627e-24
6.3621104e+02 4.9172889e-24
6.3767815e+02 4.9196290e-24
6.3914864e+02 4.9219830e-24
6.4062252e+02 4.9243510e-24
6.4209980e+02 4.9267330e-24
6.4358049e+02 4.9291291e-24
6.4506459e+02 4.9315393e-24
6.4655211e+02 4.9339636e-24
6.4804307e+02 4.9364021e-24
6.4953746e+02 4.9388548e-24
6.5103530e+02 4.9413217e-24
6.5253659e+02 4.9438030e-24
6.5404134e+02 4.9462986e-24
6.5554957e+02 4.9488086e-24
6.5706127e+02 4.9513330e-24
6.5857646e+02 4.9538719e-24
6.6009514e+02 4.9564253e-24
6.6161732e+02 4.9589932e-24
6.6314302e+02 4.9615757e-24
6.6467223e+02 4.9641729e-24
6.6620497e+02 4.9667847e-24
6.6774125e+02 4.9694113e-24
6.6928106e+02 4.9720526e-24
6.7082443e+02 4.9747087e-24
6.7237136e+02 4.9773797e-24
6.7392185e+02 4.9800655e-24
6.7547592e+02 4.9827663e-24
6.7703357e+02 4.9854821e-24
6.7859481e+02 4.9882128e-24
6.8015966e+02 4.9909587e-24
6.8172811e+02 4.9937196e-24
6.8330018e+02 4.9964956e-24
6.8487588e+02 4.9992869e-24
6.8645521e+02 5.0020934e-24
6.8803818e+02 5.0049151e-24
6.8962480e+02 5.0077522e-24
6.9121508e+02 5.0106047e-24
6.9280903e+02 5.0134725e-24
6.9440665e+02 5.0163558e-24
6.9600796e+02 5.0192546e-24
6.9761296e+02 5.0221689e-24
6.9922166e+02 5.0250988e-24
7.0083407e+02 5.0280443e-24
7.0245020e+02 5.0310055e-24
7.0407005e+02 5.0339824e-24
7.0569364e+02 5.0369751e-24
7.0732098e+02 5.0399836e-24
7.0895207e+02 5.0430079e-24
7.1058691e+02 5.0460481e-24
7.1222553e+02 5.0491043e-24
7.1386793e+02 5.0521764e-24
7.1551412e+02 5.0552646e-24
7.1716410e+02 5.0583688e-24
7.1881788e+02 5.0614892e-24
7.2047548e+02 5.0646257e-24
7.2213690e+02 5.0677784e-24
7.2380216e+02 5.0709474e-24
7.2547125e+02 5.0741327e-24
7.2714419e+02 5.0773343e-24
7.2882099e+02 5.0805524e-24
7.3050166e+02 5.0837868e-24
7.3218620e+02 5.0870378e-24
7.3387463e+02 5.0903053e-24
7.3556695e+02 5.0935893e-24
7.3726317e+02 5.0968900e-24
7.3896331e+02 5.1002074e-24
7.4066736e+02 5.1035415e-24
7.4237535e+02 5.1068923e-24
7.4408727e+02 5.1102600e-24
7.4580314e+02 5.1136445e-24
7.4752297e+02 5.1170459e-24
7.4924676e+02 5.1204643e-24
7.5097453e+02 5.1238997e-24
7.5270628e+02 5.1273521e-24
7.5444203e+02 5.1308216e-24
7.5618178e+02 5.1343083e-24
7.5792554e+02 5.1378122e-24
7.5967332e+02 5.1413333e-24
7.6142514e+02 5.1448717e-24
7.6318099e+02 5.1484274e-24
7.6494089e+02 5.1520005e-24
7.6670485e+02 5.1555911e-24
7.6847288e+02 5.1591991e-24
7.7024498e+02 5.1628247e-24
7.7202117e+02 5.1664679e-24
7.7380146e+02 5.1701286e-24
7.7558585e+02 5.1738071e-24
7.7737436e+02 5.1775033e-24
7.7916699e+02 5.1812173e-24
7.8096375e+02 5.1849491e-24
7.8276466e+02 5.1886988e-24
7.8456972e+02 5.1924664e-24
7.8637895e+02 5.1962520e-24
7.8819234e+02 5.2000556e-24
7.9000992e+02 5.2038774e-24
7.9183169e+02 5.2077172e-24
7.9365766e+02 5.2115753e-24
7.9548784e+02 5.2154516e-24
7.9732224e+02 5.2193462e-24
7.9916087e+02 5.2232592e-24
8.0100374e+02 5.2271906e-24
8.0285086e+02 5.2311404e-24
8.0470224e+02 5.2351088e-24
8.0655789e+02 5.2390957e-24
8.0841782e+02 5.2431013e-24
8.1028204e+02 5.2471257e-24
8.1215056e+02 5.2511688e-24
8.1402338e+02 5.2552307e-24
8.1590052e+02 5.2593116e-24
8.1778200e+02 5.2634115e-24
8.1966781e+02 5.2675305e-24
8.2155797e+02 5.2716687e-24
8.2345249e+02 5.2758263e-24
8.2535138e+02 5.2800033e-24
8.2725464e+02 5.2841999e-24
8.2916230e+02 5.2884163e-24
8.3107435e+02 5.2926527e-24
8.3299082e+02 5.2969096e-24
8.3491170e+02 5.3011873e-24
8.3683701e+02 5.3054864e-24
8.3876676e+02 5.3098079e-24
8.4070097e+02 5.3141531e-24
8.4263963e+02 5.3185243e-24
8.4458276e+02 5.3229252e-24
8.4653038e+02 5.3273630e-24
8.4848248e+02 5.3318518e-24
8.5043909e+02 5.3364245e-24
8.5240021e+02 5.3411708e-24
8.5436585e+02 5.3464200e-24
8.5633603e+02 5.3542834e-24
8.5831074e+02 5.4844094e-24
8.6029001e+02 5.3708254e-24
8.6227385e+02 5.3652488e-24
8.6426226e+02 5.3684403e-24
8.6625525e+02 5.3725944e-24
8.6825285e+02 5.3770118e-24
8.7025504e+02 5.3815393e-24
8.7226186e+02 5.3861277e-24
8.7427330e+02 5.3907575e-24
8.7628938e+02 5.3954196e-24
8.7831011e+02 5.4001095e-24
8.8033550e+02 5.4048244e-24
8.8236556e+02 5.4095631e-24
8.8440030e+02 5.4143245e-24
8.8643974e+02 5.4191081e-24
8.8848387e+02 5.4239135e-24
8.9053272e+02 5.4287406e-24
8.9258630e+02 5.4335891e-24
8.9464461e+02 5.4384590e-24
8.9670767e+02 5.4433502e-24
8.9877548e+02 5.4482626e-24
9.0084807e+02 5.4531964e-24
9.0292543e+02 5.4581515e-24
9.0500758e+02 5.4631278e-24
9.0709454e+02 5.4681255e-24
9.0918630e+02 5.4731445e-24
9.1128289e+02 5.4781850e-24
9.1338432e+02 5.4832469e-24
9.1549059e+02 5.4883302e-24
9.1760172e+02 5.4934351e-24
9.1971771e+02 5.4985616e-24
9.2183859e+02 5.5037096e-24
9.2396436e+02 5.5088794e-24
9.2609503e+02 5.5140708e-24
9.2823061e+02 5.5192840e-24
9.3037112e+02 5.5245191e-24
9.3251656e+02 5.5297760e-24
9.3466695e+02 5.5350549e-24
9.3682230e+02 5.5403557e-24
9.3898262e+02 5.5456785e-24
9.4114792e+02 5.5510235e-24
9.4331821e+02 5.5563906e-24
9.4549351e+02 5.5617799e-24
9.4767383e+02 5.5671914e-24
9.4985917e+02 5.5726253e-24
9.5204955e+02 5.5780815e-24
9.5424499e+02 5.5835601e-24
9.5644548e+02 5.5890613e-24
9.5865105e+02 5.5945849e-24
9.6086171e+02 5.6001311e-24
9.6307746e+02 5.6057000e-24
9.6529833e+02 5.6112916e-24
9.6752431e+02 5.6169060e-24
9.6975543e+02 5.6225431e-24
9.7199169e+02 5.6282031e-24
9.7423312e+02 5.6338861e-24
9.7647970e+02 5.6395921e-24
9.7873147e+02 5.6453211e-24
9.8098844e+02 5.6510731e-24
9.8325060e+02 5.6568484e-24
9.8551799e+02 5.6626469e-24
9.8779060e+02 5.6684686e-24
9.9006845e+02 5.6743137e-24
9.9235156e+02 5.6801822e-24
9.9463993e+02 5.6860741e-24
9.9693357e+02 5.6919895e-24
9.9923251e+02 5.6979285e-24
1.0015367e+03 5.7038911e-24
1.0038463e+03 5.7098774e-24
1.0061612e+03 5.7158874e-24
1.0084814e+03 5.7219212e-24
1.0108070e+03 5.7279789e-24
1.0131379e+03 5.7340605e-24
1.0154742e+03 5.7401661e-24
1.0178159e+03 5.7462957e-24
1.0201630e+03 5.7524494e-24
1.0225155e+03 5.7586273e-24
1.0248734e+03 5.7648294e-24
1.0272368e+03 5.7710557e-24
1.0296056e+03 5.7773064e-24
1.0319799e+03 5.7835815e-24
1.0343596e+03 5.7898810e-24
1.0367449e+03 5.7962050e-24
1.0391356e+03 5.8025536e-24
1.0415319e+03 5.8089268e-24
1.0439336e+03 5.8153247e-24
1.0463410e+03 5.8217474e-24
1.0487538e+03 5.8281948e-24
1.0511723e+03 5.8346672e-24
1.0535963e+03 5.8411644e-24
1.0560259e+03 5.8476867e-24
1.0584611e+03 5.8542340e-24
1.0609019e+03 5.8608064e-24
1.0633483e+03 5.8674040e-24
1.0658004e+03 5.8740268e-24
1.0682582e+03 5.8806750e-24
1.0707216e+03 5.8873484e-24
1.0731907e+03 5.8940473e-24
1.0756655e+03 5.9007717e-24
1.0781460e+03 5.9075216e-24
1.0806322e+03 5.9142971e-24
1.0831241e+03 5.9210983e-24
1.0856218e+03 5.9279251e-24
1.0881253e+03 5.9347778e-24
1.0906345e+03 5.9416563e-24
1.0931495e+03 5.9485607e-24
1.0956703e+03 5.9554911e-24
1.0981969e+03 5.9624475e-24
1.1007294e+03 5.9694301e-24
1.1032677e+03 5.9764387e-24
1.1058118e+03 5.9834736e-24
1.1083618e+03 5.9905348e-24
1.1109177e+03 5.9976223e-24
1.1134795e+03 6.0047362e-24
1.1160472e+03 6.0118766e-24
1.1186208e+03 6.0190435e-24
1.1212004e+03 6.0262370e-24
1.1237859e+03 6.0334571e-24
1.1263773e+03 6.0407040e-24
1.1289747e+03 6.0479777e-24
1.1315782e+03 6.0552782e-24
1.1341876e+03 6.0626056e-24
1.1368030e+03 6.0699600e-24
1.1394245e+03 6.0773414e-24
1.1420520e+03 6.0847500e-24
1.1446856e+03 6.0921857e-24
1.1473253e+03 6.0996486e-24
1.1499710e+03 6.1071388e-24
1.1526229e+03 6.1146564e-24
1.1552808e+03 6.1222014e-24
1.1579449e+03 6.1297739e-24
1.1606151e+03 6.1373740e-24
1.1632915e+03 6.1450017e-24
1.1659741e+03 6.1526571e-24
1.1686628e+03 6.1603402e-24
1.1713578e+03 6.1680512e-24
1.1740589e+03 6.1757900e-24
1.1767663e+03 6.1835568e-24
1.1794800e+03 6.1913517e-24
1.1821998e+03 6.1991747e-24
1.1849260e+03 6.2070259e-24
1.1876585e+03 6.2149053e-24
1.1903972e+03 6.2228132e-24
1.1931423e+03 6.2307494e-24
1.1958937e+03 6.2387142e-24
1.1986514e+03 6.2467077e-24
1.2014155e+03 6.2547300e-24
1.2041860e+03 6.2627811e-24
1.2069628e+03 6.2708615e-24
1.2097461e+03 6.2789712e-24
1.2125358e+03 6.2871106e-24
1.2153319e+03 6.2952802e-24
1.2181345e+03 6.3034807e-24
1.2209435e+03 6.3117136e-24
1.2237590e+03 6.3199812e-24
1.2265810e+03 6.3282883e-24
1.2294095e+03 6.3366463e-24
1.2322445e+03 6.3450879e-24
1.2350861e+03 6.3537403e-24
1.2379342e+03 6.3635582e-24
1.2407889e+03 6.8233815e-24
1.2436502e+03 6.3809723e-24
1.2465180e+03 6.3875455e-24
1.2493925e+03 6.3957356e-24
1.2522736e+03 6.4041708e-24
1.2551614e+03 6.4126959e-24
1.2580558e+03 6.4212741e-24
1.2609569e+03 6.4298929e-24
1.2638646e+03 6.4385474e-24
1.2667791e+03 6.4472351e-24
1.2697003e+03 6.4559550e-24
1.2726283e+03 6.4647063e-24
1.2755630e+03 6.4734888e-24
1.2785044e+03 6.4823021e-24
1.2814527e+03 6.4911463e-24
1.2844077e+03 6.5000212e-24
1.2873696e+03 6.5089269e-24
1.2903382e+03 6.5178634e-24
1.2933138e+03 6.5268307e-24
1.2962962e+03 6.5358287e-24
1.2992854e+03 6.5448577e-24
1.3022816e+03 6.5539176e-24
1.3052847e+03 6.5630085e-24
1.3082947e+03 6.5721304e-24
1.3113116e+03 6.5812834e-24
1.3143355e+03 6.5904675e-24
1.3173664e+03 6.5996829e-24
1.3204042e+03 6.6089296e-24
1.3234491e+03 6.6182077e-24
1.3265010e+03 6.6275171e-24
1.3295599e+03 6.6368581e-24
1.3326259e+03 6.6462306e-24
1.3356989e+03 6.6556347e-24
1.3387790e+03 6.6650706e-24
1.3418663e+03 6.6745382e-24
1.3449606e+03 6.6840376e-24
1.3480621e+03 6.6935689e-24
1.3511708e+03 6.7031322e-24
1.3542866e+03 6.7127275e-24
1.3574096e+03 6.7223550e-24
1.3605398e+03 6.7320146e-24
1.3636772e+03 6.7417064e-24
1.3668218e+03 6.7514306e-24
1.3699737e+03 6.7611872e-24
1.3731329e+03 6.7709762e-24
1.3762993e+03 6.7807978e-24
1.3794731e+03 6.7906520e-24
1.3826542e+03 6.8005388e-24
1.3858426e+03 6.8104584e-24
1.3890384e+03 6.8204108e-24
1.3922415e+03 6.8303961e-24
1.3954520e+03 6.8404143e-24
1.3986699e+03 6.8504656e-24
1.4018953e+03 6.8605500e-24
1.4051281e+03 6.8706675e-24
1.4083683e+03 6.8808183e-24
1.4116160e+03 6.8910024e-24
1.4148712e+03 6.9012199e-24
1.4181339e+03 6.9114709e-24
1.4214041e+03 6.9217554e-24
1.4246819e+03 6.9320735e-24
1.4279672e+03 6.9424253e-24
1.4312601e+03 6.9528108e-24
1.4345606e+03 6.9632302e-24
1.4378687e+03 6.9736835e-24
1.4411845e+03 6.9841707e-24
1.4445079e+03 6.9946920e-24
1.4478389e+03 7.0052474e-24
1.4511776e+03 7.0158370e-24
1.4545241e+03 7.0264609e-24
1.4578782e+03 7.0371191e-24
1.4612401e+03 7.0478118e-24
1.4646097e+03 7.0585389e-24
1.4679871e+03 7.0693006e-24
1.4713723e+03 7.0800970e-24
1.4747653e+03 7.0909280e-24
1.4781661e+03 7.1017939e-24
1.4815748e+03 7.1126946e-24
1.4849913e+03 7.1236303e-24
1.4884157e+03 7.1346010e-24
1.4918480e+03 7.1456068e-24
1.4952882e+03 7.1566477e-24
1.4987364e+03 7.1677239e-24
1.5021925e+03 7.1788355e-24
1.5056565e+03 7.1899825e-24
1.5091286e+03 7.2011650e-24
1.5126086e+03 7.2123830e-24
1.5160967e+03 7.2236368e-24
1.5195929e+03 7.2349262e-24
1.5230970e+03 7.2462516e-24
1.5266093e+03 7.2576129e-24
1.5301297e+03 7.2690103e-24
1.5336582e+03 7.2804439e-24
1.5371948e+03 7.2919139e-24
1.5407396e+03 7.3034205e-24
1.5442926e+03 7.3149639e-24
1.5478537e+03 7.3265446e-24
1.5514231e+03 7.3381633e-24
1.5550007e+03 7.3498211e-24
1.5585865e+03 7.3615208e-24
1.5621806e+03 7.3732682e-24
1.5657830e+03 7.3850818e-24
1.5693937e+03 7.3970402e-24
1.5730128e+03 7.4099040e-24
1.5766401e+03 7.4658467e-24
1.5802759e+03 7.4330861e-24
1.5839200e+03 7.4445156e-24
1.5875725e+03 7.4563883e-24
1.5912335e+03 7.4683672e-24
1.5949029e+03 7.4804044e-24
1.5985807e+03 7.4924876e-24
1.6022671e+03 7.5046124e-24
1.6059619e+03 7.5167769e-24
1.6096653e+03 7.5289803e-24
1.6133772e+03 7.5412222e-24
1.6170976e+03 7.5535025e-24
1.6208267e+03 7.5658210e-24
1.6245643e+03 7.5781776e-24
1.6283106e+03 7.5905725e-24
1.6320655e+03 7.6030056e-24
1.6358290e+03 7.6154770e-24
1.6396013e+03 7.6279868e-24
1.6433822e+03 7.6405349e-24
1.6471719e+03 7.6531215e-24
1.6509702e+03 7.6657467e-24
1.6547774e+03 7.6784105e-24
1.6585933e+03 7.6911130e-24
1.6624181e+03 7.7038543e-24
1.6662516e+03 7.7166344e-24
1.6700940e+03 7.7294534e-24
1.6739452e+03 7.7423114e-24
1.6778054e+03 7.7552086e-24
1.6816744e+03 7.7681449e-24
1.6855524e+03 7.7811204e-24
1.6894393e+03 7.7941353e-24
1.6933351e+03 7.8071896e-24
1.6972400e+03 7.8202833e-24
1.7011538e+03 7.8334167e-24
1.7050767e+03 7.8465897e-24
1.7090086e+03 7.8598024e-24
1.7129496e+03 7.8730550e-24
1.7168997e+03 7.8863474e-24
1.7208588e+03 7.8996799e-24
1.7248272e+03 7.9130524e-24
1.7288046e+03 7.9264651e-24
1.7327913e+03 7.9399180e-24
1.7367871e+03 7.9534112e-24
1.7407921e+03 7.9669449e-24
1.7448064e+03 7.9805190e-24
1.7488300e+03 7.9941337e-24
1.7528628e+03 8.0077891e-24
1.7569049e+03 8.0214852e-24
1.7609563e+03 8.0352221e-24
1.7650171e+03 8.0489999e-24
1.7690872e+03 8.0628188e-24
1.7731668e+03 8.0766787e-24
1.7772557e+03 8.0905798e-24
1.7813541e+03 8.1045221e-24
1.7854619e+03 8.1185058e-24
1.7895792e+03 8.1325309e-24
1.7937060e+03 8.1465976e-24
1.7978423e+03 8.1607058e-24
1.8019881e+03 8.1748557e-24
1.8061435e+03 8.1890474e-24
1.8103085e+03 8.2032810e-24
1.8144831e+03 8.2175565e-24
1.8186673e+03 8.2318741e-24
1.8228611e+03 8.2462337e-24
1.8270647e+03 8.2606357e-24
1.8312779e+03 8.2750799e-24
1.8355008e+03 8.2895665e-24
1.8397335e+03 8.3040957e-24
1.8439759e+03 8.3186675e-24
1.8482282e+03 8.3332820e-24
1.8524902e+03 8.3479393e-24
1.8567621e+03 8.3626396e-24
1.8610438e+03 8.3773830e-24
1.8653353e+03 8.3921697e-24
1.8696368e+03 8.4070002e-24
1.8739482e+03 8.4218747e-24
1.8782696e+03 8.4367945e-24
1.8826009e+03 8.4517620e-24
1.8869422e+03 8.4667849e-24
1.8912935e+03 8.4819010e-24
1.8956548e+03 8.4976355e-24
1.9000262e+03 8.5142905e-24
1.9044077e+03 8.5273473e-24
1.9087992e+03 8.5424590e-24
1.9132009e+03 8.5576961e-24
1.9176128e+03 8.5729938e-24
1.9220348e+03 8.5883412e-24
1.9264671e+03 8.6037352e-24
1.9309095e+03 8.6191748e-24
1.9353622e+03 8.6346593e-24
1.9398252e+03 8.6501889e-24
1.9442984e+03 8.6657632e-24
1.9487820e+03 8.6813825e-24
1.9532759e+03 8.6970467e-24
1.9577802e+03 8.7127559e-24
1.9622948e+03 8.7285101e-24
1.9668199e+03 8.7443095e-24
1.9713554e+03 8.7601541e-24
1.9759013e+03 8.7760440e-24
1.9804578e+03 8.7919793e-24
1.9850247e+03 8.8079600e-24
1.9896022e+03 8.8239864e-24
1.9941903e+03 8.8400584e-24
1.9987889e+03 8.8561762e-24
2.0033981e+03 8.8723398e-24
2.0080179e+03 8.8885494e-24
2.0126484e+03 8.9048050e-24
2.0172896e+03 8.9211068e-24
2.0219415e+03 8.9374548e-24
2.0266041e+03 8.9538491e-24
2.0312775e+03 8.9702899e-24
2.0359616e+03 8.9867771e-24
2.0406566e+03 9.0033110e-24
2.0453623e+03 9.0198916e-24
2.0500790e+03 9.0365190e-24
2.0548065e+03 9.0531932e-24
2.0595449e+03 9.0699145e-24
2.0642942e+03 9.0866829e-24
2.0690545e+03 9.1034985e-24
2.0738257e+03 9.1203614e-24
2.0786080e+03 9.1372716e-24
2.0834013e+03 9.1542294e-24
2.0882056e+03 9.1712347e-24
2.0930210e+03 9.1882877e-24
2.0978475e+03 9.2053885e-24
2.1026852e+03 9.2225372e-24
2.1075340e+03 9.2397338e-24
2.1123940e+03 9.2569786e-24
2.1172652e+03 9.2742715e-24
2.1221476e+03 9.2916127e-24
2.1270413e+03 9.3090022e-24
2.1319463e+03 9.3264403e-24
2.1368626e+03 9.3439269e-24
2.1417902e+03 9.3614622e-24
2.1467292e+03 9.3790463e-24
2.1516796e+03 9.3966793e-24
2.1566413e+03 9.4143612e-24
2.1616146e+03 9.4320922e-24
2.1665993e+03 9.4498725e-24
2.1715955e+03 9.4677020e-24
2.1766032e+03 9.4855809e-24
2.1816224e+03 9.5035093e-24
2.1866533e+03 9.5214873e-24
2.1916957e+03 9.5395150e-24
2.1967498e+03 9.5575925e-24
2.2018155e+03 9.5757200e-24
2.2068929e+03 9.5938974e-24
2.2119820e+03 9.6121250e-24
2.2170829e+03 9.6304029e-24
2.2221955e+03 9.6487313e-24
2.2273199e+03 9.6671102e-24
2.2324561e+03 9.6855400e-24
2.2376042e+03 9.7040212e-24
2.2427641e+03 9.7225552e-24
2.2479359e+03 9.7411477e-24
2.2531197e+03 9.7598568e-24
2.2583154e+03 9.7803993e-24
2.2635231e+03 9.7972246e-24
2.2687428e+03 9.8159772e-24
2.2739745e+03 9.8348068e-24
2.2792183e+03 9.8536925e-24
2.2844742e+03 9.8726312e-24
2.2897422e+03 9.8916221e-24
2.2950224e+03 9.9106652e-24
2.3003147e+03 9.9297602e-24
2.3056193e+03 9.9489074e-24
2.3109361e+03 9.9681068e-24
2.3162651e+03 9.9873584e-24
2.3216064e+03 1.0006662e-23
2.3269601e+03 1.0026019e-23
2.3323261e+03 1.0045428e-23
2.3377044e+03 1.0064890e-23
2.3430952e+03 1.0084404e-23
2.3484984e+03 1.0103971e-23
2.3539140e+03 1.0123592e-23
2.3593422e+03 1.0143265e-23
2.3647828e+03 1.0162992e-23
2.3702360e+03 1.0182772e-23
2.3757018e+03 1.0202605e-23
2.3811802e+03 1.0222492e-23
2.3866712e+03 1.0242433e-23
2.3921749e+03 1.0262427e-23
2.3976913e+03 1.0282476e-23
2.4032204e+03 1.0302578e-23
2.4087622e+03 1.0322734e-23
2.4143168e+03 1.0342945e-23
2.4198843e+03 1.0363210e-23
2.4254646e+03 1.0383529e-23
2.4310577e+03 1.0403903e-23
2.4366637e+03 1.0424332e-23
2.4422827e+03 1.0444815e-23
2.4479146e+03 1.0465353e-23
2.4535595e+03 1.0485947e-23
2.4592175e+03 1.0506595e-23
2.4648884e+03 1.0527299e-23
2.4705725e+03 1.0548058e-23
2.4762696e+03 1.0568872e-23
2.4819799e+03 1.0589742e-23
2.4877034e+03 1.0610668e-23
2.4934401e+03 1.0631650e-23
2.4991900e+03 1.0652687e-23
2.5049531e+03 1.0673781e-23
2.5107295e+03 1.0694931e-23
2.5165193e+03 1.0716137e-23
2.5223224e+03 1.0737399e-23
2.5281389e+03 1.0758718e-23
2.5339688e+03 1.0780094e-23
2.5398122e+03 1.0801526e-23
2.5456690e+03 1.0823015e-23
2.5515393e+03 1.0844562e-23
2.5574232e+03 1.0866165e-23
2.5633206e+03 1.0887825e-23
2.5692317e+03 1.0909543e-23
2.5751563e+03 1.0931319e-23
2.5810947e+03 1.0953152e-23
2.5870467e+03 1.0975043e-23
2.5930124e+03 1.0996991e-23
2.5989920e+03 1.1018998e-23
2.6049852e+03 1.1041062e-23
2.6109924e+03 1.1063185e-23
2.6170133e+03 1.1085366e-23
2.6230482e+03 1.1107606e-23
2.6290970e+03 1.1129904e-23
2.6351597e+03 1.1152261e-23
2.6412364e+03 1.1174677e-23
2.6473271e+03 1.1197153e-23
2.6534318e+03 1.1219690e-23
2.6595507e+03 1.1242315e-23
2.6656836e+03 1.1265012e-23
2.6718307e+03 1.1287648e-23
2.6779920e+03 1.1310415e-23
2.6841674e+03 1.1333244e-23
2.6903571e+03 1.1356134e-23
2.6965611e+03 1.1379085e-23
2.7027794e+03 1.1402095e-23
2.7090121e+03 1.1425166e-23
2.7152591e+03 1.1448297e-23
2.7215205e+03 1.1471488e-23
2.7277963e+03 1.1494740e-23
2.7340866e+03 1.1518053e-23
2.7403915e+03 1.1541427e-23
2.7467108e+03 1.1564861e-23
2.7530448e+03 1.1588357e-23
2.7593933e+03 1.1611914e-23
2.7657565e+03 1.1635532e-23
2.7721343e+03 1.1659211e-23
2.7785269e+03 1.1682952e-23
2.7849342e+03 1.1706755e-23
2.7913563e+03 1.1730620e-23
2.7977932e+03 1.1754547e-23
2.8042449e+03 1.1778536e-23
2.8107115e+03 1.1802587e-23
2.8171930e+03 1.1826702e-23
2.8236895e+03 1.1850885e-23
2.8302010e+03 1.1875130e-23
2.8367274e+03 1.1899438e-23
2.8432689e+03 1.1923809e-23
2.8498255e+03 1.1948243e-23
2.8563972e+03 1.1972740e-23
2.8629841e+03 1.1997300e-23
2.8695862e+03 1.2021924e-23
2.8762035e+03 1.2046612e-23
2.8828360e+03 1.2071363e-23
2.8894839e+03 1.2096178e-23
2.8961470e+03 1.2121056e-23
2.9028256e+03 1.2145999e-23
2.9095195e+03 1.2171006e-23
2.9162289e+03 1.2196078e-23
2.9229537e+03 1.2221214e-23
2.9296941e+03 1.2246415e-23
2.9364500e+03 1.2271680e-23
2.9432215e+03 1.2297011e-23
2.9500085e+03 1.2322406e-23
2.9568113e+03 1.2347867e-23
2.9636297e+03 1.2373392e-23
2.9704639e+03 1.2398984e-23
2.9773138e+03 1.2424641e-23
2.9841795e+03 1.2450364e-23
2.9910610e+03 1.2476158e-23
2.9979584e+03 1.2502041e-23
3.0048718e+03 1.2527990e-23
3.0118010e+03 1.2554006e-23
3.0187463e+03 1.2580087e-23
3.0257075e+03 1.2606236e-23
3.0326848e+03 1.2632451e-23
3.0396782e+03 1.2658733e-23
3.0466877e+03 1.2685082e-23
3.0537134e+03 1.2711498e-23
3.0607553e+03 1.2737981e-23
3.0678134e+03 1.2764531e-23
3.0748878e+03 1.2791150e-23
3.0819785e+03 1.2817836e-23
3.0890856e+03 1.2844592e-23
3.0962091e+03 1.2871672e-23
3.1033489e+03 1.2898305e-23
3.1105053e+03 1.2925259e-23
3.1176781e+03 1.2952284e-23
3.1248675e+03 1.2979379e-23
3.1320735e+03 1.3006543e-23
3.1392961e+03 1.3033775e-23
3.1465353e+03 1.3061076e-23
3.1537913e+03 1.3088447e-23
3.1610639e+03 1.3115886e-23
3.1683534e+03 1.3143396e-23
3.1756596e+03 1.3170974e-23
3.1829827e+03 1.3198623e-23
3.1903227e+03 1.3226341e-23
3.1976796e+03 1.3254130e-23
3.2050535e+03 1.3281988e-23
3.2124443e+03 1.3309917e-23
3.2198523e+03 1.3337916e-23
3.2272773e+03 1.3365986e-23
3.2347194e+03 1.3394127e-23
3.2421787e+03 1.3422339e-23
3.2496552e+03 1.3450622e-23
3.2571489e+03 1.3478976e-23
3.2646599e+03 1.3507401e-23
3.2721882e+03 1.3535898e-23
3.2797339e+03 1.3564467e-23
3.2872970e+03 1.3593107e-23
3.2948776e+03 1.3621819e-23
3.3024756e+03 1.3650604e-23
3.3100911e+03 1.3679461e-23
3.3177242e+03 1.3708390e-23
3.3253749e+03 1.3737392e-23
3.3330432e+03 1.3766467e-23
3.3407293e+03 1.3795615e-23
3.3484330e+03 1.3824836e-23
3.3561545e+03 1.3854130e-23
3.3638938e+03 1.3883497e-23
3.3716510e+03 1.3912938e-23
3.3794261e+03 1.3942453e-23
3.3872190e+03 1.3972041e-23
3.3950300e+03 1.4001704e-23
3.4028590e+03 1.4031441e-23
3.4107060e+03 1.4061252e-23
3.4185711e+03 1.4091137e-23
3.4264543e+03 1.4121098e-23
3.4343558e+03 1.4151133e-23
3.4422754e+03 1.4181243e-23
3.4502133e+03 1.4211428e-23
3.4581695e+03 1.4241689e-23
3.4661441e+03 1.4272025e-23
3.4741371e+03 1.4302437e-23
3.4821485e+03 1.4332924e-23
3.4901783e+03 1.4363488e-23
3.4982267e+03 1.4394128e-23
3.5062936e+03 1.4424844e-23
3.5143792e+03 1.4455636e-23
3.5224834e+03 1.4486505e-23
3.5306062e+03 1.4517452e-23
3.5387478e+03 1.4548509e-23
3.5469082e+03 1.4579577e-23
3.5550874e+03 1.4610751e-23
3.5632855e+03 1.4642006e-23
3.5715024e+03 1.4673338e-23
3.5797383e+03 1.4704748e-23
3.5879932e+03 1.4736236e-23
3.5962672e+03 1.4767802e-23
3.6045602e+03 1.4799447e-23
3.6128724e+03 1.4831170e-23
3.6212037e+03 1.4862971e-23
3.6295542e+03 1.4894852e-23
3.6379240e+03 1.4926811e-23
3.6463130e+03 1.4958850e-23
3.6547215e+03 1.4990968e-23
3.6631493e+03 1.5023165e-23
3.6715965e+03 1.5055442e-23
3.6800633e+03 1.5087799e-23
3.6885495e+03 1.5120236e-23
3.6970553e+03 1.5152753e-23
3.7055808e+03 1.5185350e-23
3.7141259e+03 1.5218028e-23
3.7226907e+03 1.5250787e-23
3.7312752e+03 1.5283626e-23
3.7398796e+03 1.5316571e-23
3.7485038e+03 1.5349609e-23
3.7571479e+03 1.5382728e-23
3.7658119e+03 1.5415928e-23
3.7744959e+03 1.5449210e-23
3.7831999e+03 1.5482575e-23
3.7919240e+03 1.5516021e-23
3.8006682e+03 1.5549549e-23
3.8094325e+03 1.5583160e-23
3.8182171e+03 1.5616853e-23
3.8270220e+03 1.5650629e-23
3.8358471e+03 1.5684488e-23
3.8446926e+03 1.5718431e-23
3.8535585e+03 1.5752456e-23
3.8624448e+03 1.5786565e-23
3.8713516e+03 1.5820758e-23
3.8802790e+03 1.5855034e-23
3.8892270e+03 1.5889395e-23
3.8981955e+03 1.5923840e-23
3.9071848e+03 1.5958369e-23
3.9161948e+03 1.5992983e-23
3.9252256e+03 1.6027681e-23
3.9342772e+03 1.6062465e-23
3.9433497e+03 1.6097334e-23
3.9524431e+03 1.6132288e-23
3.9615574e+03 1.6167327e-23
3.9706928e+03 1.6202454e-23
3.9798493e+03 1.6238475e-23
3.9890268e+03 1.6272962e-23
3.9982255e+03 1.6308344e-23
4.0074455e+03 1.6343814e-23
4.0166867e+03 1.6379371e-23
4.0259492e+03 1.6415014e-23
4.0352331e+03 1.6450744e-23
4.0445383e+03 1.6486562e-23
4.0538651e+03 1.6522467e-23
4.0632133e+03 1.6558460e-23
4.0725831e+03 1.6594540e-23
4.0819745e+03 1.6630709e-23
4.0913876e+03 1.6666965e-23
4.1008224e+03 1.6703310e-23
4.1102789e+03 1.6739744e-23
4.1197572e+03 1.6776266e-23
4.1292574e+03 1.6812877e-23
4.1387795e+03 1.6849578e-23
4.1483236e+03 1.6886368e-23
4.1578896e+03 1.6923247e-23
4.1674778e+03 1.6960216e-23
4.1770880e+03 1.6997275e-23
4.1867204e+03 1.7034424e-23
4.1963750e+03 1.7071663e-23
4.2060519e+03 1.7108993e-23
4.2157511e+03 1.7146414e-23
4.2254726e+03 1.7183925e-23
4.2352166e+03 1.7221528e-23
4.2449830e+03 1.7259222e-23
4.2547720e+03 1.7297008e-23
4.2645835e+03 1.7334885e-23
4.2744177e+03 1.7372854e-23
4.2842745e+03 1.7410915e-23
4.2941541e+03 1.7449069e-23
4.3040565e+03 1.7487315e-23
4.3139816e+03 1.7525654e-23
4.3239297e+03 1.7564086e-23
4.3339007e+03 1.7602611e-23
4.3438947e+03 1.7641230e-23
4.3539118e+03 1.7679942e-23
4.3639519e+03 1.7718747e-23
4.3740153e+03 1.7757647e-23
4.3841018e+03 1.7796641e-23
4.3942115e+03 1.7835735e-23
4.4043446e+03 1.7874917e-23
4.4145011e+03 1.7914190e-23
4.4246810e+03 1.7953562e-23
4.4348843e+03 1.7993030e-23
4.4451112e+03 1.8032593e-23
4.4553616e+03 1.8072252e-23
4.4656357e+03 1.8112007e-23
4.4759335e+03 1.8151858e-23
4.4862551e+03 1.8191805e-23
4.4966004e+03 1.8231849e-23
4.5069696e+03 1.8271989e-23
4.5173627e+03 1.8312226e-23
4.5277798e+03 1.8352560e-23
4.5382209e+03 1.8392992e-23
4.5486860e+03 1.8433521e-23
4.5591753e+03 1.8474148e-23
4.5696888e+03 1.8514873e-23
4.5802266e+03 1.8555697e-23
4.5907886e+03 1.8596618e-23
4.6013750e+03 1.8637639e-23
4.6119858e+03 1.8678758e-23
4.6226211e+03 1.8719976e-23
4.6332809e+03 1.8761294e-23
4.6439653e+03 1.8802711e-23
4.6546743e+03 1.8844227e-23
4.6654080e+03 1.8885844e-23
4.6761665e+03 1.8927561e-23
4.6869497e+03 1.8969379e-23
4.6977579e+03 1.9011297e-23
4.7085910e+03 1.9053315e-23
4.7194490e+03 1.9095435e-23
4.7303321e+03 1.9137656e-23
4.7412403e+03 1.9179979e-23
4.7521736e+03 1.9222404e-23
4.7631321e+03 1.9264930e-23
4.7741160e+03 1.9307561e-23
4.7851251e+03 1.9350347e-23
4.7961597e+03 1.9393124e-23
4.8072196e+03 1.9436060e-23
4.8183051e+03 1.9479100e-23
4.8294162e+03 1.9522243e-23
4.8405528e+03 1.9565489e-23
4.8517152e+03 1.9608839e-23
4.8629033e+03 1.9652294e-23
4.8741172e+03 1.9695852e-23
4.8853569e+03 1.9739516e-23
4.8966226e+03 1.9783283e-23
4.9079142e+03 1.9827156e-23
4.9192319e+03 1.9871134e-23
4.9305757e+03 1.9915218e-23
4.9419457e+03 1.9959407e-23
4.9533418e+03 2.0003702e-23
4.9647643e+03 2.0048103e-23
4.9762131e+03 2.0092610e-23
4.9876882e+03 2.0137224e-23
4.9991899e+03 2.0181945e-23
5.0107181e+03 2.0226773e-23
5.0222728e+03 2.0271708e-23
5.0338542e+03 2.0316751e-23
5.0454623e+03 2.0361901e-23
5.0570972e+03 2.0407160e-23
5.0687589e+03 2.0452527e-23
5.0804475e+03 2.0498002e-23
5.0921630e+03 2.0543586e-23
5.1039056e+03 2.0589280e-23
5.1156753e+03 2.0635083e-23
5.1274720e+03 2.0681007e-23
5.1392960e+03 2.0727019e-23
5.1511473e+03 2.0773147e-23
5.1630259e+03 2.0819388e-23
5.1749319e+03 2.0865741e-23
5.1868653e+03 2.0912203e-23
5.1988262e+03 2.0958777e-23
5.2108148e+03 2.1005462e-23
5.2228309e+03 2.1052259e-23
5.2348748e+03 2.1099167e-23
5.2469465e+03 2.1146187e-23
5.2590460e+03 2.1193319e-23
5.2711734e+03 2.1240564e-23
5.2833288e+03 2.1287921e-23
5.2955122e+03 2.1335392e-23
5.3077236e+03 2.1382975e-23
5.3199633e+03 2.1430672e-23
5.3322312e+03 2.1478483e-23
5.3445273e+03 2.1526408e-23
5.3568519e+03 2.1574447e-23
5.3692048e+03 2.1622600e-23
5.3815862e+03 2.1670868e-23
5.3939962e+03 2.1719251e-23
5.4064348e+03 2.1767750e-23
5.4189021e+03 2.1816363e-23
5.4313981e+03 2.1865093e-23
5.4439230e+03 2.1913939e-23
5.4564767e+03 2.1962901e-23
5.4690594e+03 2.2011983e-23
5.4816711e+03 2.2061178e-23
5.4943118e+03 2.2110487e-23
5.5069818e+03 2.2159916e-23
5.5196809e+03 2.2209463e-23
5.5324093e+03 2.2259128e-23
5.5451671e+03 2.2308911e-23
5.5579543e+03 2.2358812e-23
5.5707710e+03 2.2408832e-23
5.5836172e+03 2.2458971e-23
5.5964931e+03 2.2509229e-23
5.6093986e+03 2.2559607e-23
5.6223340e+03 2.2610104e-23
5.6352991e+03 2.2660721e-23
5.6482942e+03 2.2711459e-23
5.6613192e+03 2.2762317e-23
5.6743742e+03 2.2813296e-23
5.6874594e+03 2.2864395e-23
5.7005747e+03 2.2915616e-23
5.7137202e+03 2.2966959e-23
5.7268961e+03 2.3018424e-23
5.7401024e+03 2.3070010e-23
5.7533391e+03 2.3121719e-23
5.7666064e+03 2.3173551e-23
5.7799042e+03 2.3225506e-23
5.7932327e+03 2.3277584e-23
5.8065919e+03 2.3329785e-23
5.8199820e+03 2.3382111e-23
5.8334029e+03 2.3434560e-23
5.8468548e+03 2.3487140e-23
5.8603377e+03 2.3539833e-23
5.8738517e+03 2.3592655e-23
5.8873968e+03 2.3645604e-23
5.9009732e+03 2.3698678e-23
5.9145809e+03 2.3751877e-23
5.9282199e+03 2.3805203e-23
5.9418905e+03 2.3858655e-23
5.9555925e+03 2.3912233e-23
5.9693262e+03 2.3965939e-23
5.9830915e+03 2.4019771e-23
5.9968885e+03 2.4073731e-23
6.0107174e+03 2.4127819e-23
6.0245781e+03 2.4182035e-23
6.0384709e+03 2.4236379e-23
6.0523956e+03 2.4290852e-23
6.0663525e+03 2.4345453e-23
6.0803416e+03 2.4400184e-23
6.0943629e+03 2.4455045e-23
6.1084165e+03 2.4510035e-23
6.1225026e+03 2.4565155e-23
6.1366211e+03 2.4620405e-23
6.1507722e+03 2.4675786e-23
6.1649559e+03 2.4731298e-23
6.1791724e+03 2.4786941e-23
6.1934216e+03 2.4842716e-23
6.2077037e+03 2.4898623e-23
6.2220187e+03 2.4954661e-23
6.2363667e+03 2.5010833e-23
6.2507478e+03 2.5067136e-23
6.2651621e+03 2.5124631e-23
6.2796096e+03 2.5180143e-23
6.2940904e+03 2.5236847e-23
6.3086046e+03 2.5293685e-23
6.3231523e+03 2.5350657e-23
6.3377336e+03 2.5407763e-23
6.3523484e+03 2.5465004e-23
6.3669970e+03 2.5522380e-23
6.3816793e+03 2.5579892e-23
6.3963955e+03 2.5637540e-23
6.4111457e+03 2.5695323e-23
6.4259298e+03 2.5753243e-23
6.4407481e+03 2.5811300e-23
6.4556005e+03 2.5869493e-23
6.4704871e+03 2.5927824e-23
6.4854081e+03 2.5986292e-23
6.5003635e+03 2.6044898e-23
6.5153534e+03 2.6103643e-23
6.5303779e+03 2.6162526e-23
6.5454370e+03 2.6221548e-23
6.5605308e+03 2.6280708e-23
6.5756594e+03 2.6340009e-23
6.5908230e+03 2.6399449e-23
6.6060215e+03 2.6459029e-23
6.6212550e+03 2.6518750e-23
6.6365237e+03 2.6578611e-23
6.6518275e+03 2.6638613e-23
6.6671667e+03 2.6698757e-23
6.6825412e+03 2.6759042e-23
6.6979512e+03 2.6819470e-23
6.7133968e+03 2.6880040e-23
6.7288779e+03 2.6940752e-23
6.7443947e+03 2.7001607e-23
6.7599474e+03 2.7062605e-23
6.7755359e+03 2.7123747e-23
6.7911603e+03 2.7185034e-23
6.8068208e+03 2.7246464e-23
6.8225173e+03 2.7308039e-23
6.8382501e+03 2.7369758e-23
6.8540192e+03 2.7431623e-23
6.8698246e+03 2.7493634e-23
6.8856665e+03 2.7555790e-23
6.9015449e+03 2.7618093e-23
6.9174599e+03 2.7680542e-23
6.9334116e+03 2.7743138e-23
6.9494001e+03 2.7805882e-23
6.9654255e+03 2.7868773e-23
6.9814878e+03 2.7931811e-23
6.9975872e+03 2.7994998e-23
7.0137236e+03 2.8058334e-23
7.0298973e+03 2.8121818e-23
7.0461083e+03 2.8185452e-23
7.0623567e+03 2.8249235e-23
7.0786426e+03 2.8313168e-23
7.0949660e+03 2.8377251e-23
7.1113270e+03 2.8441485e-23
7.1277258e+03 2.8505870e-23
7.1441624e+03 2.8570406e-23
7.1606369e+03 2.8635094e-23
7.1771494e+03 2.8699933e-23
7.1936999e+03 2.8764925e-23
7.2102886e+03 2.8830069e-23
7.2269156e+03 2.8895367e-23
7.2435809e+03 2.8960818e-23
7.2602847e+03 2.9026422e-23
7.2770270e+03 2.9092181e-23
7.2938079e+03 2.9158094e-23
7.3106274e+03 2.9224161e-23
7.3274858e+03 2.9290384e-23
7.3443830e+03 2.9356762e-23
7.3613192e+03 2.9423296e-23
7.3782945e+03 2.9489986e-23
7.3953089e+03 2.9556832e-23
7.4123625e+03 2.9623836e-23
7.4294555e+03 2.9690996e-23
7.4465879e+03 2.9758314e-23
7.4637598e+03 2.9825790e-23
7.4809713e+03 2.9893424e-23
7.4982224e+03 2.9961217e-23
7.5155134e+03 3.0029169e-23
7.5328442e+03 3.0097280e-23
7.5502150e+03 3.0165551e-23
7.5676259e+03 3.0233982e-23
7.5850769e+03 3.0302573e-23
7.6025681e+03 3.0371326e-23
7.6200997e+03 3.0440239e-23
7.6376717e+03 3.0509313e-23
7.6552842e+03 3.0578550e-23
7.6729374e+03 3.0647949e-23
7.6906312e+03 3.0717511e-23
7.7083659e+03 3.0787235e-23
7.7261414e+03 3.0857123e-23
7.7439580e+03 3.0927175e-23
7.7618156e+03 3.0997391e-23
7.7797144e+03 3.1067771e-23
7.7976545e+03 3.1138316e-23
7.8156359e+03 3.1209026e-23
7.8336589e+03 3.1279902e-23
7.8517233e+03 3.1350944e-23
7.8698295e+03 3.1422152e-23
7.8879774e+03 3.1493527e-23
7.9061671e+03 3.1565070e-23
7.9243988e+03 3.1636779e-23
7.9426725e+03 3.1708657e-23
7.9609884e+03 3.1780702e-23
7.9793465e+03 3.1852917e-23
7.9977469e+03 3.1925300e-23
8.0161898e+03 3.1997853e-23
8.0346752e+03 3.2070575e-23
8.0532032e+03 3.2143807e-23
8.0717739e+03 3.2216532e-23
8.0903875e+03 3.2289766e-23
8.1090440e+03 3.2363171e-23
8.1277435e+03 3.2436749e-23
8.1464861e+03 3.2510498e-23
8.1652720e+03 3.2584420e-23
8.1841012e+03 3.2658515e-23
8.2029738e+03 3.2732783e-23
8.2218899e+03 3.2807225e-23
8.2408496e+03 3.2881840e-23
8.2598531e+03 3.2956631e-23
8.2789004e+03 3.3031596e-23
8.2979916e+03 3.3106737e-23
8.3171268e+03 3.3182053e-23
8.3363062e+03 3.3257545e-23
8.3555298e+03 3.3333214e-23
8.3747977e+03 3.3409059e-23
8.3941100e+03 3.3485082e-23
8.4134669e+03 3.3561283e-23
8.4328684e+03 3.3637661e-23
8.4523147e+03 3.3714218e-23
8.4718058e+03 3.3790955e-23
8.4913419e+03 3.3867870e-23
8.5109230e+03 3.3944964e-23
8.5305492e+03 3.4022240e-23
8.5502207e+03 3.4099695e-23
8.5699376e+03 3.4177332e-23
8.5896999e+03 3.4255150e-23
8.6095078e+03 3.4333149e-23
8.6293614e+03 3.4411331e-23
8.6492608e+03 3.4489696e-23
8.6692061e+03 3.4568243e-23
8.6891973e+03 3.4646974e-23
8.7092347e+03 3.4725889e-23
8.7293182e+03 3.4804988e-23
8.7494481e+03 3.4884271e-23
8.7696244e+03 3.4963740e-23
8.7898472e+03 3.5043394e-23
8.8101167e+03 3.5123234e-23
8.8304329e+03 3.5203261e-23
8.8507959e+03 3.5283474e-23
8.8712059e+03 3.5363876e-23
8.8916630e+03 3.5444463e-23
8.9121672e+03 3.5525240e-23
8.9327188e+03 3.5606204e-23
8.9533177e+03 3.5687358e-23
8.9739641e+03 3.5768701e-23
8.9946581e+03 3.5850234e-23
9.0153999e+03 3.5931957e-23
9.0361895e+03 3.6013871e-23
9.0570270e+03 3.6095976e-23
9.0779126e+03 3.6178272e-23
9.0988463e+03 3.6260760e-23
9.1198283e+03 3.6343441e-23
9.1408587e+03 3.6426315e-23
9.1619376e+03 3.6509382e-23
9.1830651e+03 3.6592642e-23
9.2042413e+03 3.6676097e-23
9.2254664e+03 3.6759746e-23
9.2467404e+03 3.6843594e-23
9.2680634e+03 3.6927631e-23
9.2894356e+03 3.7011867e-23
9.3108571e+03 3.7096299e-23
9.3323280e+03 3.7180928e-23
9.3538485e+03 3.7265754e-23
9.3754185e+03 3.7350778e-23
9.3970383e+03 3.7436000e-23
9.4187079e+03 3.7521421e-23
9.4404276e+03 3.7607041e-23
9.4621973e+03 3.7692861e-23
9.4840172e+03 3.7778880e-23
9.5058874e+03 3.7865100e-23
9.5278080e+03 3.7951521e-23
9.5497792e+03 3.8038144e-23
9.5718011e+03 3.8124968e-23
9.5938737e+03 3.8211994e-23
9.6159973e+03 3.8299225e-23
9.6381718e+03 3.8386656e-23
9.6603975e+03 3.8474292e-23
9.6826745e+03 3.8562132e-23
9.7050028e+03 3.8650177e-23
9.7273826e+03 3.8738427e-23
9.7498140e+03 3.8826882e-23
9.7722972e+03 3.8915543e-23
9.7948322e+03 3.9004411e-23
9.8174191e+03 3.9093486e-23
9.8400582e+03 3.9182768e-23
9.8627494e+03 3.9272259e-23
9.8854930e+03 3.9361957e-23
9.9082890e+03 3.9451865e-23
9.9311376e+03 3.9541981e-23
9.9540389e+03 3.9632308e-23
9.9769930e+03 3.9722845e-23
1.0000000e+04 3.9813593e-23
