5.0000000e+00 1.9996079e-20
5.0115300e+00 1.9460950e-20
5.0230867e+00 1.8941004e-20
5.0346699e+00 1.8435782e-20
5.0462799e+00 1.7944840e-20
5.0579167e+00 1.7467748e-20
5.0695803e+00 1.7004091e-20
5.0812708e+00 1.6553465e-20
5.0929882e+00 1.6115481e-20
5.1047327e+00 1.5689763e-20
5.1165042e+00 1.5275944e-20
5.1283029e+00 1.4873672e-20
5.1401288e+00 1.4482604e-20
5.1519820e+00 1.4102410e-20
5.1638625e+00 1.3732768e-20
5.1757704e+00 1.3373367e-20
5.1877058e+00 1.3023908e-20
5.1996687e+00 1.2684098e-20
5.2116592e+00 1.2353654e-20
5.2236773e+00 1.2032305e-20
5.2357231e+00 1.1719784e-20
5.2477968e+00 1.1415835e-20
5.2598982e+00 1.1120209e-20
5.2720276e+00 1.0832665e-20
5.2841849e+00 1.0552969e-20
5.2963703e+00 1.0280896e-20
5.3085838e+00 1.0016225e-20
5.3208254e+00 9.7587441e-21
5.3330953e+00 9.5082467e-21
5.3453934e+00 9.2645331e-21
5.3577199e+00 9.0274092e-21
5.3700749e+00 8.7966873e-21
5.3824583e+00 8.5721851e-21
5.3948703e+00 8.3537258e-21
5.4073109e+00 8.1411379e-21
5.4197802e+00 7.9342554e-21
5.4322783e+00 7.7329169e-21
5.4448051e+00 7.5369659e-21
5.4573609e+00 7.3462509e-21
5.4699456e+00 7.1606246e-21
5.4825594e+00 6.9799442e-21
5.4952022e+00 6.8040712e-21
5.5078742e+00 6.6328710e-21
5.5205754e+00 6.4662133e-21
5.5333058e+00 6.3039714e-21
5.5460657e+00 6.1460225e-21
5.5588550e+00 5.9922474e-21
5.5716737e+00 5.8425302e-21
5.5845220e+00 5.6967587e-21
5.5974000e+00 5.5548238e-21
5.6103076e+00 5.4166197e-21
5.6232451e+00 5.2820434e-21
5.6362123e+00 5.1509954e-21
5.6492094e+00 5.0233787e-21
5.6622366e+00 4.8990991e-21
5.6752937e+00 4.7780655e-21
5.6883810e+00 4.6601890e-21
5.7014985e+00 4.5453836e-21
5.7146461e+00 4.4335655e-21
5.7278242e+00 4.3246535e-21
5.7410326e+00 4.2185687e-21
5.7542714e+00 4.1152345e-21
5.7675408e+00 4.0145762e-21
5.7808408e+00 3.9165217e-21
5.7941715e+00 3.8210006e-21
5.8075329e+00 3.7279447e-21
5.8209251e+00 3.6372876e-21
5.8343482e+00 3.5489648e-21
5.8478023e+00 3.4629138e-21
5.8612873e+00 3.3790736e-21
5.8748035e+00 3.2973851e-21
5.8883508e+00 3.2177909e-21
5.9019294e+00 3.1402351e-21
5.9155393e+00 3.0646634e-21
5.9291806e+00 2.9910230e-21
5.9428533e+00 2.9192627e-21
5.9565576e+00 2.8493327e-21
5.9702935e+00 2.7811843e-21
5.9840610e+00 2.7147706e-21
5.9978603e+00 2.6500457e-21
6.0116914e+00 2.5869652e-21
6.0255544e+00 2.5254857e-21
6.0394494e+00 2.4655651e-21
6.0533764e+00 2.4071625e-21
6.0673355e+00 2.3502382e-21
6.0813269e+00 2.2947534e-21
6.0953505e+00 2.2406705e-21
6.1094064e+00 2.1879529e-21
6.1234947e+00 2.1365651e-21
6.1376155e+00 2.0864723e-21
6.1517689e+00 2.0376410e-21
6.1659550e+00 1.9900385e-21
6.1801737e+00 1.9436327e-21
6.1944252e+00 1.8983929e-21
6.2087096e+00 1.8542888e-21
6.2230269e+00 1.8112911e-21
6.2373773e+00 1.7693714e-21
6.2517607e+00 1.7285018e-21
6.2661773e+00 1.6886554e-21
6.2806272e+00 1.6498059e-21
6.2951104e+00 1.6119277e-21
6.3096269e+00 1.5749961e-21
6.3241770e+00 1.5389867e-21
6.3387606e+00 1.5038762e-21
6.3533778e+00 1.4696414e-21
6.3680288e+00 1.4362602e-21
6.3827135e+00 1.4037109e-21
6.3974321e+00 1.3719723e-21
6.4121846e+00 1.3410239e-21
6.4269711e+00 1.3108457e-21
6.4417918e+00 1.2814182e-21
6.4566466e+00 1.2527225e-21
6.4715357e+00 1.2247400e-21
6.4864591e+00 1.1974530e-21
6.5014169e+00 1.1708437e-21
6.5164092e+00 1.1448954e-21
6.5314361e+00 1.1195913e-21
6.5464977e+00 1.0949154e-21
6.5615939e+00 1.0708519e-21
6.5767250e+00 1.0473855e-21
6.5918910e+00 1.0245014e-21
6.6070920e+00 1.0021851e-21
6.6223280e+00 9.8042238e-22
6.6375991e+00 9.5919956e-22
6.6529055e+00 9.3850322e-22
6.6682471e+00 9.1832034e-22
6.6836241e+00 8.9863820e-22
6.6990366e+00 8.7944444e-22
6.7144846e+00 8.6072700e-22
6.7299683e+00 8.4247415e-22
6.7454877e+00 8.2467445e-22
6.7610428e+00 8.0731676e-22
6.7766338e+00 7.9039024e-22
6.7922608e+00 7.7388431e-22
6.8079238e+00 7.5778867e-22
6.8236229e+00 7.4209329e-22
6.8393582e+00 7.2678839e-22
6.8551299e+00 7.1186445e-22
6.8709378e+00 6.9731217e-22
6.8867823e+00 6.8312251e-22
6.9026632e+00 6.6928666e-22
6.9185808e+00 6.5579602e-22
6.9345351e+00 6.4264222e-22
6.9505262e+00 6.2981709e-22
6.9665542e+00 6.1731268e-22
6.9826191e+00 6.0512123e-22
6.9987211e+00 5.9323517e-22
7.0148602e+00 5.8164714e-22
7.0310365e+00 5.7034996e-22
7.0472502e+00 5.5933660e-22
7.0635012e+00 5.4860025e-22
7.0797897e+00 5.3813424e-22
7.0961157e+00 5.2793206e-22
7.1124794e+00 5.1798740e-22
7.1288808e+00 5.0829406e-22
7.1453201e+00 4.9884603e-22
7.1617972e+00 4.8963742e-22
7.1783124e+00 4.8066250e-22
7.1948656e+00 4.7191569e-22
7.2114571e+00 4.6339152e-22
7.2280867e+00 4.5508467e-22
7.2447548e+00 4.4698996e-22
7.2614612e+00 4.3910232e-22
7.2782062e+00 4.3141681e-22
7.2949898e+00 4.2392860e-22
7.3118121e+00 4.1663300e-22
7.3286732e+00 4.0952541e-22
7.3455732e+00 4.0260136e-22
7.3625121e+00 3.9585648e-22
7.3794901e+00 3.8928650e-22
7.3965073e+00 3.8288727e-22
7.4135637e+00 3.7665472e-22
7.4306594e+00 3.7058490e-22
7.4477946e+00 3.6467395e-22
7.4649693e+00 3.5891808e-22
7.4821835e+00 3.5331363e-22
7.4994375e+00 3.4785701e-22
7.5167313e+00 3.4254472e-22
7.5340649e+00 3.3737334e-22
7.5514385e+00 3.3233954e-22
7.5688522e+00 3.2744009e-22
7.5863060e+00 3.2267181e-22
7.6038001e+00 3.1803161e-22
7.6213345e+00 3.1351650e-22
7.6389094e+00 3.0912353e-22
7.6565248e+00 3.0484986e-22
7.6741808e+00 3.0069270e-22
7.6918775e+00 2.9664934e-22
7.7096150e+00 2.9271714e-22
7.7273934e+00 2.8889355e-22
7.7452129e+00 2.8517606e-22
7.7630734e+00 2.8156224e-22
7.7809751e+00 2.7804975e-22
7.7989181e+00 2.7463628e-22
7.8169025e+00 2.7131961e-22
7.8349283e+00 2.6809759e-22
7.8529957e+00 2.6496812e-22
7.8711048e+00 2.6192917e-22
7.8892556e+00 2.5897879e-22
7.9074483e+00 2.5611508e-22
7.9256829e+00 2.5333619e-22
7.9439596e+00 2.5064038e-22
7.9622784e+00 2.4802592e-22
7.9806395e+00 2.4549119e-22
7.9990429e+00 2.4303461e-22
8.0174888e+00 2.4065466e-22
8.0359772e+00 2.3834991e-22
8.0545082e+00 2.3611898e-22
8.0730819e+00 2.3396055e-22
8.0916985e+00 2.3187338e-22
8.1103581e+00 2.2985629e-22
8.1290606e+00 2.2790817e-22
8.1478063e+00 2.2602799e-22
8.1665952e+00 2.2421478e-22
8.1854274e+00 2.2246765e-22
8.2043031e+00 2.2078577e-22
8.2232223e+00 2.1916840e-22
8.2421851e+00 2.1761489e-22
8.2611916e+00 2.1612464e-22
8.2802420e+00 2.1469716e-22
8.2993363e+00 2.1333204e-22
8.3184746e+00 2.1202895e-22
8.3376571e+00 2.1078766e-22
8.3568838e+00 2.0960804e-22
8.3761548e+00 2.0849006e-22
8.3954703e+00 2.0743380e-22
8.4148303e+00 2.0643945e-22
8.4342350e+00 2.0550732e-22
8.4536844e+00 2.0463784e-22
8.4731786e+00 2.0383158e-22
8.4927179e+00 2.0308926e-22
8.5123021e+00 2.0241172e-22
8.5319316e+00 2.0180000e-22
8.5516063e+00 2.0125529e-22
8.5713263e+00 2.0077898e-22
8.5910919e+00 2.0037264e-22
8.6109030e+00 2.0003807e-22
8.6307598e+00 1.9977733e-22
8.6506624e+00 1.9959268e-22
8.6706109e+00 1.9948672e-22
8.6906054e+00 1.9946230e-22
8.7106460e+00 1.9952265e-22
8.7307328e+00 1.9967134e-22
8.7508660e+00 1.9991235e-22
8.7710455e+00 2.0025010e-22
8.7912716e+00 2.0068953e-22
8.8115444e+00 2.0123610e-22
8.8318638e+00 2.0189590e-22
8.8522302e+00 2.0267569e-22
8.8726435e+00 2.0358303e-22
8.8931039e+00 2.0462631e-22
8.9136114e+00 2.0581490e-22
8.9341663e+00 2.0715929e-22
8.9547686e+00 2.0867122e-22
8.9754183e+00 2.1036384e-22
8.9961157e+00 2.1225196e-22
9.0168608e+00 2.1435226e-22
9.0376538e+00 2.1668359e-22
9.0584947e+00 2.1926732e-22
9.0793836e+00 2.2212775e-22
9.1003208e+00 2.2529261e-22
9.1213062e+00 2.2879367e-22
9.1423400e+00 2.3266746e-22
9.1634223e+00 2.3695622e-22
9.1845532e+00 2.4170899e-22
9.2057328e+00 2.4698301e-22
9.2269613e+00 2.5284554e-22
9.2482388e+00 2.5937606e-22
9.2695653e+00 2.6666917e-22
9.2909410e+00 2.7483835e-22
9.3123660e+00 2.8402086e-22
9.3338403e+00 2.9438433e-22
9.3553642e+00 3.0613553e-22
9.3769378e+00 3.1953259e-22
9.3985611e+00 3.3490186e-22
9.4202342e+00 3.5266207e-22
9.4419574e+00 3.7335946e-22
9.4637306e+00 3.9772032e-22
9.4855540e+00 4.2673179e-22
9.5074278e+00 4.6177051e-22
9.5293520e+00 5.0481583e-22
9.5513267e+00 5.5882020e-22
9.5733522e+00 6.2839107e-22
9.5954284e+00 7.2113975e-22
9.6175555e+00 8.5060635e-22
9.6397337e+00 1.0434294e-21
9.6619630e+00 1.3602384e-21
9.6842435e+00 1.9752691e-21
9.7065755e+00 3.6769677e-21
9.7289589e+00 3.0668000e-20
9.7513940e+00 4.7292993e-21
9.7738808e+00 2.1748086e-21
9.7964194e+00 1.4043588e-21
9.8190100e+00 1.0332835e-21
9.8416527e+00 8.1531504e-22
9.8643477e+00 6.7213355e-22
9.8870949e+00 5.7105089e-22
9.9098946e+00 4.9600239e-22
9.9327469e+00 4.3817128e-22
9.9556519e+00 3.9231531e-22
9.9786097e+00 3.5512184e-22
1.0001620e+01 3.2439474e-22
1.0024684e+01 2.9862067e-22
1.0047801e+01 2.7672264e-22
1.0070972e+01 2.5791323e-22
1.0094195e+01 2.4160342e-22
1.0117473e+01 2.2734386e-22
1.0140804e+01 2.1478572e-22
1.0164188e+01 2.0365413e-22
1.0187627e+01 1.9372957e-22
1.0211120e+01 1.8483458e-22
1.0234667e+01 1.7682421e-22
1.0258268e+01 1.6957890e-22
1.0281924e+01 1.6299915e-22
1.0305634e+01 1.5700155e-22
1.0329399e+01 1.5151561e-22
1.0353218e+01 1.4648142e-22
1.0377093e+01 1.4184773e-22
1.0401023e+01 1.3757045e-22
1.0425007e+01 1.3361147e-22
1.0449048e+01 1.2993769e-22
1.0473143e+01 1.2652024e-22
1.0497294e+01 1.2333381e-22
1.0521501e+01 1.2035617e-22
1.0545764e+01 1.1756770e-22
1.0570082e+01 1.1495102e-22
1.0594457e+01 1.1249073e-22
1.0618888e+01 1.1017308e-22
1.0643375e+01 1.0798581e-22
1.0667919e+01 1.0591796e-22
1.0692519e+01 1.0395968e-22
1.0717176e+01 1.0210210e-22
1.0741890e+01 1.0033726e-22
1.0766661e+01 9.8657940e-23
1.0791489e+01 9.7057625e-23
1.0816374e+01 9.5530404e-23
1.0841317e+01 9.4070911e-23
1.0866317e+01 9.2674265e-23
1.0891375e+01 9.1336019e-23
1.0916491e+01 9.0052116e-23
1.0941664e+01 8.8818848e-23
1.0966896e+01 8.7632823e-23
1.0992185e+01 8.6490932e-23
1.1017533e+01 8.5390325e-23
1.1042940e+01 8.4328380e-23
1.1068405e+01 8.3302688e-23
1.1093929e+01 8.2311030e-23
1.1119512e+01 8.1351359e-23
1.1145153e+01 8.0421788e-23
1.1170854e+01 7.9520572e-23
1.1196614e+01 7.8646097e-23
1.1222434e+01 7.7796868e-23
1.1248313e+01 7.6971500e-23
1.1274251e+01 7.6168709e-23
1.1300250e+01 7.5387301e-23
1.1326308e+01 7.4626167e-23
1.1352427e+01 7.3884275e-23
1.1378606e+01 7.3160664e-23
1.1404845e+01 7.2454438e-23
1.1431144e+01 7.1764762e-23
1.1457505e+01 7.1090854e-23
1.1483926e+01 7.0431987e-23
1.1510408e+01 6.9787478e-23
1.1536951e+01 6.9156689e-23
1.1563555e+01 6.8539021e-23
1.1590221e+01 6.7933914e-23
1.1616948e+01 6.7340842e-23
1.1643737e+01 6.6759310e-23
1.1670587e+01 6.6188855e-23
1.1697500e+01 6.5629038e-23
1.1724474e+01 6.5079450e-23
1.1751511e+01 6.4539702e-23
1.1778610e+01 6.4009430e-23
1.1805772e+01 6.3488288e-23
1.1832996e+01 6.2975951e-23
1.1860283e+01 6.2472112e-23
1.1887633e+01 6.1976479e-23
1.1915046e+01 6.1488778e-23
1.1942522e+01 6.1008748e-23
1.1970061e+01 6.0536140e-23
1.1997664e+01 6.0070722e-23
1.2025331e+01 5.9612270e-23
1.2053062e+01 5.9160574e-23
1.2080856e+01 5.8715430e-23
1.2108715e+01 5.8276650e-23
1.2136637e+01 5.7844050e-23
1.2164625e+01 5.7417456e-23
1.2192676e+01 5.6996704e-23
1.2220793e+01 5.6581636e-23
1.2248974e+01 5.6172099e-23
1.2277220e+01 5.5767952e-23
1.2305532e+01 5.5369054e-23
1.2333908e+01 5.4975276e-23
1.2362350e+01 5.4586489e-23
1.2390858e+01 5.4202574e-23
1.2419431e+01 5.3823414e-23
1.2448071e+01 5.3448898e-23
1.2476776e+01 5.3078918e-23
1.2505548e+01 5.2713372e-23
1.2534386e+01 5.2352161e-23
1.2563290e+01 5.1995190e-23
1.2592261e+01 5.1642367e-23
1.2621299e+01 5.1293603e-23
1.2650404e+01 5.0948815e-23
1.2679576e+01 5.0607919e-23
1.2708815e+01 5.0270836e-23
1.2738121e+01 4.9937490e-23
1.2767496e+01 4.9607808e-23
1.2796938e+01 4.9281716e-23
1.2826447e+01 4.8959147e-23
1.2856025e+01 4.8640033e-23
1.2885671e+01 4.8324310e-23
1.2915386e+01 4.8011914e-23
1.2945169e+01 4.7702785e-23
1.2975020e+01 4.7396863e-23
1.3004941e+01 4.7094092e-23
1.3034930e+01 4.6794415e-23
1.3064989e+01 4.6497779e-23
1.3095117e+01 4.6204131e-23
1.3125314e+01 4.5913419e-23
1.3155582e+01 4.5625595e-23
1.3185918e+01 4.5340610e-23
1.3216325e+01 4.5058417e-23
1.3246802e+01 4.4778969e-23
1.3277349e+01 4.4502224e-23
1.3307967e+01 4.4228136e-23
1.3338655e+01 4.3956664e-23
1.3369414e+01 4.3687766e-23
1.3400244e+01 4.3421402e-23
1.3431145e+01 4.3157534e-23
1.3462118e+01 4.2896121e-23
1.3493162e+01 4.2637128e-23
1.3524277e+01 4.2380517e-23
1.3555464e+01 4.2126252e-23
1.3586723e+01 4.1874300e-23
1.3618054e+01 4.1624625e-23
1.3649457e+01 4.1377194e-23
1.3680933e+01 4.1131975e-23
1.3712481e+01 4.0888937e-23
1.3744103e+01 4.0648046e-23
1.3775797e+01 4.0409274e-23
1.3807564e+01 4.0172591e-23
1.3839404e+01 3.9937966e-23
1.3871318e+01 3.9705372e-23
1.3903305e+01 3.9474781e-23
1.3935366e+01 3.9246165e-23
1.3967501e+01 3.9019497e-23
1.3999710e+01 3.8794750e-23
1.4031994e+01 3.8571901e-23
1.4064352e+01 3.8350921e-23
1.4096784e+01 3.8131788e-23
1.4129292e+01 3.7914477e-23
1.4161874e+01 3.7698964e-23
1.4194531e+01 3.7485226e-23
1.4227264e+01 3.7273239e-23
1.4260072e+01 3.7062982e-23
1.4292956e+01 3.6854432e-23
1.4325916e+01 3.6647568e-23
1.4358951e+01 3.6442369e-23
1.4392063e+01 3.6238813e-23
1.4425251e+01 3.6036881e-23
1.4458516e+01 3.5836552e-23
1.4491858e+01 3.5637806e-23
1.4525276e+01 3.5440625e-23
1.4558771e+01 3.5244990e-23
1.4592344e+01 3.5050881e-23
1.4625994e+01 3.4858281e-23
1.4659722e+01 3.4667171e-23
1.4693527e+01 3.4477534e-23
1.4727410e+01 3.4289353e-23
1.4761372e+01 3.4102610e-23
1.4795412e+01 3.3917290e-23
1.4829530e+01 3.3733375e-23
1.4863727e+01 3.3550849e-23
1.4898003e+01 3.3369697e-23
1.4932358e+01 3.3189902e-23
1.4966792e+01 3.3011450e-23
1.5001306e+01 3.2834326e-23
1.5035899e+01 3.2658515e-23
1.5070572e+01 3.2484001e-23
1.5105324e+01 3.2310772e-23
1.5140157e+01 3.2138812e-23
1.5175071e+01 3.1968108e-23
1.5210065e+01 3.1798646e-23
1.5245139e+01 3.1630414e-23
1.5280295e+01 3.1463397e-23
1.5315531e+01 3.1297583e-23
1.5350849e+01 3.1132959e-23
1.5386248e+01 3.0969512e-23
1.5421729e+01 3.0807231e-23
1.5457291e+01 3.0646102e-23
1.5492936e+01 3.0486115e-23
1.5528663e+01 3.0327257e-23
1.5564472e+01 3.0169517e-23
1.5600364e+01 3.0012883e-23
1.5636338e+01 2.9857344e-23
1.5672396e+01 2.9702890e-23
1.5708537e+01 2.9549508e-23
1.5744761e+01 2.9397189e-23
1.5781068e+01 2.9245922e-23
1.5817459e+01 2.9095697e-23
1.5853935e+01 2.8946502e-23
1.5890494e+01 2.8798330e-23
1.5927137e+01 2.8651168e-23
1.5963866e+01 2.8505008e-23
1.6000678e+01 2.8359840e-23
1.6037576e+01 2.8215655e-23
1.6074559e+01 2.8072442e-23
1.6111627e+01 2.7930194e-23
1.6148780e+01 2.7788900e-23
1.6186020e+01 2.7648552e-23
1.6223345e+01 2.7509141e-23
1.6260756e+01 2.7370659e-23
1.6298253e+01 2.7233096e-23
1.6335837e+01 2.7096445e-23
1.6373508e+01 2.6960697e-23
1.6411265e+01 2.6825843e-23
1.6449110e+01 2.6691877e-23
1.6487041e+01 2.6558789e-23
1.6525061e+01 2.6426572e-23
1.6563168e+01 2.6295218e-23
1.6601362e+01 2.6164719e-23
1.6639645e+01 2.6035068e-23
1.6678016e+01 2.5906258e-23
1.6716476e+01 2.5778281e-23
1.6755024e+01 2.5651130e-23
1.6793662e+01 2.5524797e-23
1.6832388e+01 2.5399276e-23
1.6871203e+01 2.5274560e-23
1.6910109e+01 2.5150641e-23
1.6949103e+01 2.5027513e-23
1.6988188e+01 2.4905170e-23
1.7027363e+01 2.4783604e-23
1.7066628e+01 2.4662810e-23
1.7105984e+01 2.4542780e-23
1.7145431e+01 2.4423508e-23
1.7184968e+01 2.4304988e-23
1.7224597e+01 2.4187215e-23
1.7264317e+01 2.4070181e-23
1.7304128e+01 2.3953880e-23
1.7344032e+01 2.3838308e-23
1.7384027e+01 2.3723457e-23
1.7424115e+01 2.3609322e-23
1.7464295e+01 2.3495897e-23
1.7504568e+01 2.3383177e-23
1.7544934e+01 2.3271156e-23
1.7585392e+01 2.3159828e-23
1.7625945e+01 2.3049187e-23
1.7666590e+01 2.2939230e-23
1.7707329e+01 2.2829949e-23
1.7748163e+01 2.2721340e-23
1.7789090e+01 2.2613398e-23
1.7830112e+01 2.2506117e-23
1.7871228e+01 2.2399492e-23
1.7912439e+01 2.2293519e-23
1.7953746e+01 2.2188191e-23
1.7995147e+01 2.2083505e-23
1.8036644e+01 2.1979456e-23
1.8078237e+01 2.1876038e-23
1.8119925e+01 2.1773247e-23
1.8161710e+01 2.1671077e-23
1.8203591e+01 2.1569526e-23
1.8245569e+01 2.1468587e-23
1.8287643e+01 2.1368256e-23
1.8329814e+01 2.1268529e-23
1.8372083e+01 2.1169401e-23
1.8414449e+01 2.1070868e-23
1.8456913e+01 2.0972926e-23
1.8499475e+01 2.0875569e-23
1.8542135e+01 2.0778795e-23
1.8584893e+01 2.0682598e-23
1.8627750e+01 2.0586975e-23
1.8670706e+01 2.0491920e-23
1.8713761e+01 2.0397432e-23
1.8756915e+01 2.0303504e-23
1.8800168e+01 2.0210133e-23
1.8843522e+01 2.0117316e-23
1.8886975e+01 2.0025048e-23
1.8930528e+01 1.9933325e-23
1.8974182e+01 1.9842143e-23
1.9017937e+01 1.9751500e-23
1.9061792e+01 1.9661390e-23
1.9105749e+01 1.9571810e-23
1.9149807e+01 1.9482757e-23
1.9193967e+01 1.9394226e-23
1.9238228e+01 1.9306215e-23
1.9282592e+01 1.9218720e-23
1.9327057e+01 1.9131736e-23
1.9371626e+01 1.9045261e-23
1.9416297e+01 1.8959291e-23
1.9461071e+01 1.8873822e-23
1.9505948e+01 1.8788852e-23
1.9550929e+01 1.8704376e-23
1.9596014e+01 1.8620392e-23
1.9641202e+01 1.8536896e-23
1.9686495e+01 1.8453885e-23
1.9731892e+01 1.8371355e-23
1.9777394e+01 1.8289304e-23
1.9823001e+01 1.8207728e-23
1.9868713e+01 1.8126623e-23
1.9914530e+01 1.8045988e-23
1.9960454e+01 1.7965818e-23
2.0006482e+01 1.7886111e-23
2.0052618e+01 1.7806863e-23
2.0098859e+01 1.7728072e-23
2.0145207e+01 1.7649734e-23
2.0191662e+01 1.7571847e-23
2.0238224e+01 1.7494408e-23
2.0284894e+01 1.7417413e-23
2.0331671e+01 1.7340860e-23
2.0378556e+01 1.7264746e-23
2.0425549e+01 1.7189069e-23
2.0472650e+01 1.7113824e-23
2.0519861e+01 1.7039010e-23
2.0567180e+01 1.6964624e-23
2.0614608e+01 1.6890663e-23
2.0662145e+01 1.6817124e-23
2.0709792e+01 1.6744004e-23
2.0757549e+01 1.6671302e-23
2.0805416e+01 1.6599013e-23
2.0853394e+01 1.6527137e-23
2.0901482e+01 1.6455669e-23
2.0949681e+01 1.6384608e-23
2.0997991e+01 1.6313951e-23
2.1046412e+01 1.6243695e-23
2.1094945e+01 1.6173838e-23
2.1143591e+01 1.6104377e-23
2.1192348e+01 1.6035310e-23
2.1241218e+01 1.5966635e-23
2.1290200e+01 1.5898349e-23
2.1339295e+01 1.5830449e-23
2.1388504e+01 1.5762933e-23
2.1437826e+01 1.5695799e-23
2.1487262e+01 1.5629045e-23
2.1536812e+01 1.5562668e-23
2.1586476e+01 1.5496665e-23
2.1636254e+01 1.5431035e-23
2.1686148e+01 1.5365776e-23
2.1736156e+01 1.5300884e-23
2.1786280e+01 1.5236358e-23
2.1836519e+01 1.5172195e-23
2.1886874e+01 1.5108394e-23
2.1937346e+01 1.5044952e-23
2.1987933e+01 1.4981867e-23
2.2038638e+01 1.4919136e-23
2.2089459e+01 1.4856758e-23
2.2140397e+01 1.4794731e-23
2.2191453e+01 1.4733052e-23
2.2242627e+01 1.4671719e-23
2.2293919e+01 1.4610731e-23
2.2345328e+01 1.4550085e-23
2.2396857e+01 1.4489779e-23
2.2448504e+01 1.4429811e-23
2.2500271e+01 1.4370179e-23
2.2552157e+01 1.4310882e-23
2.2604162e+01 1.4251916e-23
2.2656287e+01 1.4193281e-23
2.2708533e+01 1.4134974e-23
2.2760899e+01 1.4076993e-23
2.2813386e+01 1.4019336e-23
2.2865994e+01 1.3962002e-23
2.2918723e+01 1.3904989e-23
2.2971574e+01 1.3848294e-23
2.3024546e+01 1.3791917e-23
2.3077641e+01 1.3735854e-23
2.3130858e+01 1.3680104e-23
2.3184198e+01 1.3624665e-23
2.3237661e+01 1.3569537e-23
2.3291247e+01 1.3514715e-23
2.3344957e+01 1.3460200e-23
2.3398791e+01 1.3405989e-23
2.3452748e+01 1.3352080e-23
2.3506831e+01 1.3298472e-23
2.3561038e+01 1.3245163e-23
2.3615370e+01 1.3192151e-23
2.3669827e+01 1.3139435e-23
2.3724410e+01 1.3087012e-23
2.3779118e+01 1.3034881e-23
2.3833953e+01 1.2983041e-23
2.3888914e+01 1.2931490e-23
2.3944002e+01 1.2880226e-23
2.3999217e+01 1.2829247e-23
2.4054560e+01 1.2778552e-23
2.4110030e+01 1.2728140e-23
2.4165628e+01 1.2678008e-23
2.4221354e+01 1.2628155e-23
2.4277208e+01 1.2578579e-23
2.4333192e+01 1.2529280e-23
2.4389304e+01 1.2480255e-23
2.4445546e+01 1.2431502e-23
2.4501918e+01 1.2383021e-23
2.4558420e+01 1.2334809e-23
2.4615051e+01 1.2286866e-23
2.4671814e+01 1.2239190e-23
2.4728707e+01 1.2191778e-23
2.4785732e+01 1.2144631e-23
2.4842888e+01 1.2097745e-23
2.4900176e+01 1.2051120e-23
2.4957596e+01 1.2004755e-23
2.5015148e+01 1.1958648e-23
2.5072833e+01 1.1912796e-23
2.5130652e+01 1.1867200e-23
2.5188603e+01 1.1821858e-23
2.5246688e+01 1.1776767e-23
2.5304907e+01 1.1731927e-23
2.5363261e+01 1.1687337e-23
2.5421748e+01 1.1642995e-23
2.5480371e+01 1.1598899e-23
2.5539129e+01 1.1555048e-23
2.5598023e+01 1.1511442e-23
2.5657052e+01 1.1468077e-23
2.5716217e+01 1.1424954e-23
2.5775519e+01 1.1382071e-23
2.5834957e+01 1.1339427e-23
2.5894533e+01 1.1297019e-23
2.5954246e+01 1.1254848e-23
2.6014097e+01 1.1212911e-23
2.6074085e+01 1.1171207e-23
2.6134212e+01 1.1129735e-23
2.6194478e+01 1.1088494e-23
2.6254883e+01 1.1047483e-23
2.6315427e+01 1.1006700e-23
2.6376110e+01 1.0966144e-23
2.6436934e+01 1.0925813e-23
2.6497898e+01 1.0885707e-23
2.6559002e+01 1.0845824e-23
2.6620247e+01 1.0806164e-23
2.6681634e+01 1.0766724e-23
2.6743162e+01 1.0727504e-23
2.6804832e+01 1.0688502e-23
2.6866644e+01 1.0649717e-23
2.6928599e+01 1.0611149e-23
2.6990696e+01 1.0572795e-23
2.7052937e+01 1.0534655e-23
2.7115321e+01 1.0496728e-23
2.7177849e+01 1.0459011e-23
2.7240522e+01 1.0421506e-23
2.7303338e+01 1.0384209e-23
2.7366300e+01 1.0347120e-23
2.7429407e+01 1.0310238e-23
2.7492659e+01 1.0273562e-23
2.7556058e+01 1.0237090e-23
2.7619602e+01 1.0200822e-23
2.7683293e+01 1.0164756e-23
2.7747131e+01 1.0128891e-23
2.7811116e+01 1.0093227e-23
2.7875249e+01 1.0057762e-23
2.7939529e+01 1.0022494e-23
2.8003958e+01 9.9874241e-24
2.8068536e+01 9.9525496e-24
2.8133262e+01 9.9178700e-24
2.8198137e+01 9.8833841e-24
2.8263162e+01 9.8490909e-24
2.8328338e+01 9.8149894e-24
2.8393663e+01 9.7810785e-24
2.8459139e+01 9.7473573e-24
2.8524766e+01 9.7138246e-24
2.8590544e+01 9.6804795e-24
2.8656474e+01 9.6473210e-24
2.8722556e+01 9.6143480e-24
2.8788791e+01 9.5815595e-24
2.8855178e+01 9.5489546e-24
2.8921718e+01 9.5165322e-24
2.8988412e+01 9.4842914e-24
2.9055259e+01 9.4522312e-24
2.9122261e+01 9.4203506e-24
2.9189417e+01 9.3886487e-24
2.9256728e+01 9.3571244e-24
2.9324194e+01 9.3257769e-24
2.9391816e+01 9.2946051e-24
2.9459594e+01 9.2636081e-24
2.9527528e+01 9.2327851e-24
2.9595619e+01 9.2021349e-24
2.9663866e+01 9.1716568e-24
2.9732272e+01 9.1413498e-24
2.9800834e+01 9.1112129e-24
2.9869555e+01 9.0812452e-24
2.9938435e+01 9.0514459e-24
3.0007473e+01 9.0218140e-24
3.0076670e+01 8.9923486e-24
3.0146028e+01 8.9630488e-24
3.0215544e+01 8.9339138e-24
3.0285222e+01 8.9049425e-24
3.0355060e+01 8.8761342e-24
3.0425059e+01 8.8474880e-24
3.0495219e+01 8.8190029e-24
3.0565541e+01 8.7906782e-24
3.0636026e+01 8.7625130e-24
3.0706673e+01 8.7345063e-24
3.0777482e+01 8.7066573e-24
3.0848456e+01 8.6789653e-24
3.0919592e+01 8.6514292e-24
3.0990893e+01 8.6240484e-24
3.1062358e+01 8.5968218e-24
3.1133988e+01 8.5697488e-24
3.1205784e+01 8.5428285e-24
3.1277744e+01 8.5160601e-24
3.1349871e+01 8.4894426e-24
3.1422164e+01 8.4629754e-24
3.1494624e+01 8.4366576e-24
3.1567251e+01 8.4104883e-24
3.1640045e+01 8.3844669e-24
3.1713007e+01 8.3585924e-24
3.1786138e+01 8.3328641e-24
3.1859437e+01 8.3072811e-24
3.1932905e+01 8.2818428e-24
3.2006542e+01 8.2565483e-24
3.2080350e+01 8.2313968e-24
3.2154327e+01 8.2063876e-24
3.2228475e+01 8.1815198e-24
3.2302794e+01 8.1567927e-24
3.2377285e+01 8.1322056e-24
3.2451947e+01 8.1077577e-24
3.2526782e+01 8.0834481e-24
3.2601789e+01 8.0592763e-24
3.2676969e+01 8.0352413e-24
3.2752322e+01 8.0113425e-24
3.2827849e+01 7.9875791e-24
3.2903550e+01 7.9639504e-24
3.2979426e+01 7.9404556e-24
3.3055477e+01 7.9170941e-24
3.3131703e+01 7.8938650e-24
3.3208105e+01 7.8707676e-24
3.3284683e+01 7.8478013e-24
3.3361438e+01 7.8249653e-24
3.3438370e+01 7.8022589e-24
3.3515479e+01 7.7796814e-24
3.3592766e+01 7.7572321e-24
3.3670231e+01 7.7349102e-24
3.3747875e+01 7.7127151e-24
3.3825698e+01 7.6906460e-24
3.3903700e+01 7.6687024e-24
3.3981882e+01 7.6468834e-24
3.4060245e+01 7.6251884e-24
3.4138788e+01 7.6036167e-24
3.4217512e+01 7.5821677e-24
3.4296418e+01 7.5608406e-24
3.4375506e+01 7.5396348e-24
3.4454776e+01 7.5185496e-24
3.4534229e+01 7.4975843e-24
3.4613865e+01 7.4767383e-24
3.4693685e+01 7.4560109e-24
3.4773689e+01 7.4354015e-24
3.4853877e+01 7.4149094e-24
3.4934251e+01 7.3945339e-24
3.5014809e+01 7.3742744e-24
3.5095554e+01 7.3541303e-24
3.5176484e+01 7.3341008e-24
3.5257602e+01 7.3141855e-24
3.5338906e+01 7.2943835e-24
3.5420398e+01 7.2746944e-24
3.5502077e+01 7.2551174e-24
3.5583945e+01 7.2356520e-24
3.5666002e+01 7.2162975e-24
3.5748248e+01 7.1970532e-24
3.5830684e+01 7.1779187e-24
3.5913310e+01 7.1588932e-24
3.5996126e+01 7.1399761e-24
3.6079134e+01 7.1211669e-24
3.6162332e+01 7.1024649e-24
3.6245723e+01 7.0838696e-24
3.6329306e+01 7.0653803e-24
3.6413082e+01 7.0469963e-24
3.6497050e+01 7.0287173e-24
3.6581213e+01 7.0105424e-24
3.6665569e+01 6.9924713e-24
3.6750120e+01 6.9745031e-24
3.6834867e+01 6.9566375e-24
3.6919808e+01 6.9388737e-24
3.7004945e+01 6.9212113e-24
3.7090279e+01 6.9036496e-24
3.7175810e+01 6.8861881e-24
3.7261537e+01 6.8688262e-24
3.7347463e+01 6.8515633e-24
3.7433586e+01 6.8343989e-24
3.7519908e+01 6.8173324e-24
3.7606429e+01 6.8003633e-24
3.7693150e+01 6.7834909e-24
3.7780071e+01 6.7667148e-24
3.7867192e+01 6.7500344e-24
3.7954514e+01 6.7334491e-24
3.8042037e+01 6.7169584e-24
3.8129763e+01 6.7005617e-24
3.8217690e+01 6.6842586e-24
3.8305821e+01 6.6680484e-24
3.8394154e+01 6.6519306e-24
3.8482691e+01 6.6359048e-24
3.8571433e+01 6.6199703e-24
3.8660379e+01 6.6041267e-24
3.8749530e+01 6.5883734e-24
3.8838886e+01 6.5727099e-24
3.8928449e+01 6.5571357e-24
3.9018219e+01 6.5416502e-24
3.9108195e+01 6.5262530e-24
3.9198379e+01 6.5109435e-24
3.9288770e+01 6.4957212e-24
3.9379371e+01 6.4805857e-24
3.9470180e+01 6.4655363e-24
3.9561198e+01 6.4505727e-24
3.9652427e+01 6.4356943e-24
3.9743865e+01 6.4209006e-24
3.9835515e+01 6.4061911e-24
3.9927376e+01 6.3915653e-24
4.0019449e+01 6.3770227e-24
4.0111734e+01 6.3625629e-24
4.0204232e+01 6.3481854e-24
4.0296943e+01 6.3338896e-24
4.0389868e+01 6.3196751e-24
4.0483008e+01 6.3055414e-24
4.0576362e+01 6.2914881e-24
4.0669931e+01 6.2775146e-24
4.0763716e+01 6.2636206e-24
4.0857718e+01 6.2498054e-24
4.0951936e+01 6.2360688e-24
4.1046372e+01 6.2224101e-24
4.1141025e+01 6.2088289e-24
4.1235896e+01 6.1953248e-24
4.1330987e+01 6.1818974e-24
4.1426296e+01 6.1685461e-24
4.1521826e+01 6.1552705e-24
4.1617575e+01 6.1420701e-24
4.1713546e+01 6.1289446e-24
4.1809737e+01 6.1158934e-24
4.1906151e+01 6.1029161e-24
4.2002787e+01 6.0900124e-24
4.2099646e+01 6.0771816e-24
4.2196728e+01 6.0644235e-24
4.2294034e+01 6.0517375e-24
4.2391564e+01 6.0391233e-24
4.2489319e+01 6.0265803e-24
4.2587300e+01 6.0141083e-24
4.2685507e+01 6.0017066e-24
4.2783940e+01 5.9893750e-24
4.2882600e+01 5.9771131e-24
4.2981488e+01 5.9649202e-24
4.3080603e+01 5.9527962e-24
4.3179947e+01 5.9407405e-24
4.3279521e+01 5.9287527e-24
4.3379324e+01 5.9168325e-24
4.3479357e+01 5.9049794e-24
4.3579620e+01 5.8931930e-24
4.3680115e+01 5.8814729e-24
4.3780842e+01 5.8698186e-24
4.3881801e+01 5.8582299e-24
4.3982993e+01 5.8467063e-24
4.4084418e+01 5.8352474e-24
4.4186077e+01 5.8238529e-24
4.4287970e+01 5.8125222e-24
4.4390099e+01 5.8012551e-24
4.4492463e+01 5.7900511e-24
4.4595062e+01 5.7789098e-24
4.4697899e+01 5.7678310e-24
4.4800973e+01 5.7568141e-24
4.4904284e+01 5.7458588e-24
4.5007834e+01 5.7349648e-24
4.5111622e+01 5.7241316e-24
4.5215650e+01 5.7133589e-24
4.5319918e+01 5.7026463e-24
4.5424426e+01 5.6919935e-24
4.5529175e+01 5.6814000e-24
4.5634165e+01 5.6708655e-24
4.5739398e+01 5.6603897e-24
4.5844873e+01 5.6499721e-24
4.5950592e+01 5.6396125e-24
4.6056554e+01 5.6293104e-24
4.6162761e+01 5.6190655e-24
4.6269213e+01 5.6088775e-24
4.6375910e+01 5.5987460e-24
4.6482853e+01 5.5886706e-24
4.6590043e+01 5.5786510e-24
4.6697480e+01 5.5686869e-24
4.6805165e+01 5.5587779e-24
4.6913098e+01 5.5489236e-24
4.7021280e+01 5.5391238e-24
4.7129711e+01 5.5293781e-24
4.7238393e+01 5.5196861e-24
4.7347325e+01 5.5100475e-24
4.7456508e+01 5.5004619e-24
4.7565943e+01 5.4909292e-24
4.7675631e+01 5.4814488e-24
4.7785571e+01 5.4720206e-24
4.7895765e+01 5.4626440e-24
4.8006213e+01 5.4533190e-24
4.8116916e+01 5.4440450e-24
4.8227874e+01 5.4348219e-24
4.8339087e+01 5.4256492e-24
4.8450558e+01 5.4165266e-24
4.8562285e+01 5.4074540e-24
4.8674270e+01 5.3984308e-24
4.8786513e+01 5.3894569e-24
4.8899015e+01 5.3805318e-24
4.9011777e+01 5.3716554e-24
4.9124798e+01 5.3628272e-24
4.9238081e+01 5.3540471e-24
4.9351624e+01 5.3453146e-24
4.9465429e+01 5.3366295e-24
4.9579497e+01 5.3279915e-24
4.9693828e+01 5.3194003e-24
4.9808422e+01 5.3108556e-24
4.9923280e+01 5.3023570e-24
5.0038404e+01 5.2939044e-24
5.0153793e+01 5.2854974e-24
5.0269448e+01 5.2771356e-24
5.0385370e+01 5.2688190e-24
5.0501559e+01 5.2605470e-24
5.0618016e+01 5.2523196e-24
5.0734741e+01 5.2441363e-24
5.0851736e+01 5.2359969e-24
5.0969000e+01 5.2279012e-24
5.1086535e+01 5.2198487e-24
5.1204341e+01 5.2118394e-24
5.1322419e+01 5.2038728e-24
5.1440769e+01 5.1959488e-24
5.1559392e+01 5.1880670e-24
5.1678288e+01 5.1802272e-24
5.1797458e+01 5.1724291e-24
5.1916904e+01 5.1646724e-24
5.2036625e+01 5.1569569e-24
5.2156621e+01 5.1492824e-24
5.2276895e+01 5.1416485e-24
5.2397446e+01 5.1340550e-24
5.2518275e+01 5.1265016e-24
5.2639382e+01 5.1189881e-24
5.2760769e+01 5.1115142e-24
5.2882436e+01 5.1040797e-24
5.3004383e+01 5.0966843e-24
5.3126612e+01 5.0893278e-24
5.3249122e+01 5.0820098e-24
5.3371915e+01 5.0747303e-24
5.3494991e+01 5.0674889e-24
5.3618351e+01 5.0602854e-24
5.3741995e+01 5.0531194e-24
5.3865925e+01 5.0459909e-24
5.3990140e+01 5.0388996e-24
5.4114642e+01 5.0318451e-24
5.4239430e+01 5.0248274e-24
5.4364507e+01 5.0178460e-24
5.4489872e+01 5.0109009e-24
5.4615526e+01 5.0039918e-24
5.4741470e+01 4.9971184e-24
5.4867704e+01 4.9902805e-24
5.4994229e+01 4.9834779e-24
5.5121046e+01 4.9767103e-24
5.5248156e+01 4.9699776e-24
5.5375559e+01 4.9632795e-24
5.5503255e+01 4.9566157e-24
5.5631246e+01 4.9499862e-24
5.5759532e+01 4.9433905e-24
5.5888114e+01 4.9368286e-24
5.6016992e+01 4.9303002e-24
5.6146168e+01 4.9238051e-24
5.6275642e+01 4.9173431e-24
5.6405414e+01 4.9109139e-24
5.6535485e+01 4.9045173e-24
5.6665856e+01 4.8981533e-24
5.6796528e+01 4.8918214e-24
5.6927501e+01 4.8855216e-24
5.7058777e+01 4.8792535e-24
5.7190355e+01 4.8730171e-24
5.7322236e+01 4.8668121e-24
5.7454421e+01 4.8606383e-24
5.7586912e+01 4.8544955e-24
5.7719708e+01 4.8483835e-24
5.7852810e+01 4.8423021e-24
5.7986219e+01 4.8362511e-24
5.8119935e+01 4.8302303e-24
5.8253960e+01 4.8242395e-24
5.8388294e+01 4.8182785e-24
5.8522938e+01 4.8123472e-24
5.8657893e+01 4.8064453e-24
5.8793158e+01 4.8005727e-24
5.8928736e+01 4.7947291e-24
5.9064626e+01 4.7889144e-24
5.9200829e+01 4.7831283e-24
5.9337347e+01 4.7773708e-24
5.9474179e+01 4.7716416e-24
5.9611327e+01 4.7659405e-24
5.9748791e+01 4.7602674e-24
5.9886572e+01 4.7546220e-24
6.0024671e+01 4.7490042e-24
6.0163089e+01 4.7434139e-24
6.0301825e+01 4.7378508e-24
6.0440882e+01 4.7323147e-24
6.0580259e+01 4.7268055e-24
6.0719957e+01 4.7213231e-24
6.0859978e+01 4.7158672e-24
6.1000322e+01 4.7104377e-24
6.1140989e+01 4.7050343e-24
6.1281980e+01 4.6996570e-24
6.1423297e+01 4.6943056e-24
6.1564940e+01 4.6889799e-24
6.1706909e+01 4.6836797e-24
6.1849206e+01 4.6784049e-24
6.1991830e+01 4.6731553e-24
6.2134784e+01 4.6679307e-24
6.2278067e+01 4.6627310e-24
6.2421681e+01 4.6575561e-24
6.2565626e+01 4.6524057e-24
6.2709903e+01 4.6472797e-24
6.2854512e+01 4.6421780e-24
6.2999455e+01 4.6371004e-24
6.3144732e+01 4.6320467e-24
6.3290345e+01 4.6270168e-24
6.3436293e+01 4.6220106e-24
6.3582577e+01 4.6170278e-24
6.3729199e+01 4.6120684e-24
6.3876159e+01 4.6071322e-24
6.4023458e+01 4.6022190e-24
6.4171097e+01 4.5973287e-24
6.4319076e+01 4.5924611e-24
6.4467396e+01 4.5876162e-24
6.4616058e+01 4.5827937e-24
6.4765063e+01 4.5779935e-24
6.4914412e+01 4.5732155e-24
6.5064105e+01 4.5684595e-24
6.5214144e+01 4.5637254e-24
6.5364528e+01 4.5590131e-24
6.5515259e+01 4.5543224e-24
6.5666338e+01 4.5496531e-24
6.5817765e+01 4.5450052e-24
6.5969541e+01 4.5403785e-24
6.6121667e+01 4.5357729e-24
6.6274144e+01 4.5311882e-24
6.6426973e+01 4.5266243e-24
6.6580154e+01 4.5220811e-24
6.6733688e+01 4.5175585e-24
6.6887577e+01 4.5130562e-24
6.7041820e+01 4.5085742e-24
6.7196419e+01 4.5041124e-24
6.7351374e+01 4.4996706e-24
6.7506687e+01 4.4952487e-24
6.7662358e+01 4.4908466e-24
6.7818388e+01 4.4864642e-24
6.7974778e+01 4.4821013e-24
6.8131528e+01 4.4777578e-24
6.8288640e+01 4.4734335e-24
6.8446114e+01 4.4691285e-24
6.8603951e+01 4.4648424e-24
6.8762153e+01 4.4605753e-24
6.8920719e+01 4.4563271e-24
6.9079650e+01 4.4520975e-24
6.9238949e+01 4.4478864e-24
6.9398614e+01 4.4436939e-24
6.9558648e+01 4.4395196e-24
6.9719051e+01 4.4353636e-24
6.9879823e+01 4.4312257e-24
7.0040967e+01 4.4271059e-24
7.0202482e+01 4.4230039e-24
7.0364369e+01 4.4189196e-24
7.0526630e+01 4.4148531e-24
7.0689265e+01 4.4108041e-24
7.0852275e+01 4.4067726e-24
7.1015661e+01 4.4027584e-24
7.1179423e+01 4.3987614e-24
7.1343564e+01 4.3947816e-24
7.1508083e+01 4.3908188e-24
7.1672981e+01 4.3868729e-24
7.1838259e+01 4.3829438e-24
7.2003919e+01 4.3790315e-24
7.2169960e+01 4.3751357e-24
7.2336385e+01 4.3712565e-24
7.2503193e+01 4.3673937e-24
7.2670386e+01 4.3635472e-24
7.2837964e+01 4.3597168e-24
7.3005929e+01 4.3559026e-24
7.3174282e+01 4.3521044e-24
7.3343022e+01 4.3483222e-24
7.3512152e+01 4.3445557e-24
7.3681671e+01 4.3408050e-24
7.3851582e+01 4.3370698e-24
7.4021884e+01 4.3333502e-24
7.4192579e+01 4.3296461e-24
7.4363668e+01 4.3259573e-24
7.4535151e+01 4.3222837e-24
7.4707029e+01 4.3186253e-24
7.4879304e+01 4.3149820e-24
7.5051977e+01 4.3113537e-24
7.5225047e+01 4.3077402e-24
7.5398517e+01 4.3041415e-24
7.5572386e+01 4.3005576e-24
7.5746657e+01 4.2969882e-24
7.5921329e+01 4.2934334e-24
7.6096404e+01 4.2898931e-24
7.6271883e+01 4.2863671e-24
7.6447767e+01 4.2828554e-24
7.6624056e+01 4.2793579e-24
7.6800751e+01 4.2758745e-24
7.6977855e+01 4.2724051e-24
7.7155366e+01 4.2689497e-24
7.7333287e+01 4.2655081e-24
7.7511618e+01 4.2620803e-24
7.7690361e+01 4.2586662e-24
7.7869515e+01 4.2552657e-24
7.8049083e+01 4.2518788e-24
7.8229065e+01 4.2485053e-24
7.8409461e+01 4.2451452e-24
7.8590274e+01 4.2417984e-24
7.8771504e+01 4.2384648e-24
7.8953152e+01 4.2351444e-24
7.9135218e+01 4.2318370e-24
7.9317705e+01 4.2285427e-24
7.9500612e+01 4.2252612e-24
7.9683941e+01 4.2219926e-24
7.9867693e+01 4.2187368e-24
8.0051868e+01 4.2154937e-24
8.0236468e+01 4.2122632e-24
8.0421494e+01 4.2090452e-24
8.0606947e+01 4.2058398e-24
8.0792827e+01 4.2026467e-24
8.0979136e+01 4.1994660e-24
8.1165874e+01 4.1962976e-24
8.1353044e+01 4.1931413e-24
8.1540644e+01 4.1899972e-24
8.1728678e+01 4.1868652e-24
8.1917145e+01 4.1837451e-24
8.2106046e+01 4.1806370e-24
8.2295383e+01 4.1775407e-24
8.2485157e+01 4.1744563e-24
8.2675369e+01 4.1713835e-24
8.2866019e+01 4.1683224e-24
8.3057108e+01 4.1652729e-24
8.3248639e+01 4.1622350e-24
8.3440611e+01 4.1592085e-24
8.3633025e+01 4.1561934e-24
8.3825884e+01 4.1531897e-24
8.4019187e+01 4.1501972e-24
8.4212936e+01 4.1472159e-24
8.4407131e+01 4.1442458e-24
8.4601775e+01 4.1412868e-24
8.4796867e+01 4.1383389e-24
8.4992409e+01 4.1354019e-24
8.5188403e+01 4.1324758e-24
8.5384848e+01 4.1295605e-24
8.5581746e+01 4.1266561e-24
8.5779098e+01 4.1237624e-24
8.5976905e+01 4.1208794e-24
8.6175169e+01 4.1180070e-24
8.6373889e+01 4.1151451e-24
8.6573068e+01 4.1122938e-24
8.6772706e+01 4.1094529e-24
8.6972805e+01 4.1066224e-24
8.7173365e+01 4.1038022e-24
8.7374387e+01 4.1009924e-24
8.7575873e+01 4.0981927e-24
8.7777824e+01 4.0954033e-24
8.7980240e+01 4.0926239e-24
8.8183123e+01 4.0898546e-24
8.8386474e+01 4.0870954e-24
8.8590294e+01 4.0843461e-24
8.8794584e+01 4.0816067e-24
8.8999345e+01 4.0788772e-24
8.9204578e+01 4.0761574e-24
8.9410285e+01 4.0734475e-24
8.9616465e+01 4.0707472e-24
8.9823122e+01 4.0680566e-24
9.0030254e+01 4.0653756e-24
9.0237865e+01 4.0627042e-24
9.0445954e+01 4.0600422e-24
9.0654523e+01 4.0573897e-24
9.0863573e+01 4.0547467e-24
9.1073105e+01 4.0521130e-24
9.1283120e+01 4.0494886e-24
9.1493620e+01 4.0468735e-24
9.1704605e+01 4.0442676e-24
9.1916077e+01 4.0416709e-24
9.2128036e+01 4.0390833e-24
9.2340484e+01 4.0365048e-24
9.2553422e+01 4.0339353e-24
9.2766850e+01 4.0313748e-24
9.2980771e+01 4.0288233e-24
9.3195186e+01 4.0262807e-24
9.3410095e+01 4.0237470e-24
9.3625499e+01 4.0212220e-24
9.3841400e+01 4.0187059e-24
9.4057799e+01 4.0161984e-24
9.4274697e+01 4.0136997e-24
9.4492095e+01 4.0112096e-24
9.4709995e+01 4.0087281e-24
9.4928397e+01 4.0062552e-24
9.5147302e+01 4.0037908e-24
9.5366713e+01 4.0013349e-24
9.5586629e+01 3.9988874e-24
9.5807053e+01 3.9964483e-24
9.6027984e+01 3.9940176e-24
9.6249426e+01 3.9915952e-24
9.6471378e+01 3.9891811e-24
9.6693841e+01 3.9867752e-24
9.6916818e+01 3.9843775e-24
9.7140309e+01 3.9819880e-24
9.7364315e+01 3.9796067e-24
9.7588838e+01 3.9772334e-24
9.7813879e+01 3.9748682e-24
9.8039438e+01 3.9725110e-24
9.8265518e+01 3.9701617e-24
9.8492119e+01 3.9678204e-24
9.8719243e+01 3.9654870e-24
9.8946890e+01 3.9631615e-24
9.9175062e+01 3.9608439e-24
9.9403761e+01 3.9585340e-24
9.9632987e+01 3.9562319e-24
9.9862741e+01 3.9539375e-24
1.0009303e+02 3.9516508e-24
1.0032384e+02 3.9493717e-24
1.0055519e+02 3.9471003e-24
1.0078707e+02 3.9448365e-24
1.0101948e+02 3.9425803e-24
1.0125244e+02 3.9403315e-24
1.0148593e+02 3.9380903e-24
1.0171995e+02 3.9358565e-24
1.0195452e+02 3.9336302e-24
1.0218963e+02 3.9314112e-24
1.0242528e+02 3.9291996e-24
1.0266147e+02 3.9269954e-24
1.0289821e+02 3.9247984e-24
1.0313549e+02 3.9226087e-24
1.0337332e+02 3.9204263e-24
1.0361170e+02 3.9182510e-24
1.0385063e+02 3.9160830e-24
1.0409011e+02 3.9139220e-24
1.0433015e+02 3.9117682e-24
1.0457073e+02 3.9096215e-24
1.0481187e+02 3.9074819e-24
1.0505357e+02 3.9053492e-24
1.0529582e+02 3.9032236e-24
1.0553864e+02 3.9011050e-24
1.0578201e+02 3.8989933e-24
1.0602594e+02 3.8968885e-24
1.0627044e+02 3.8947906e-24
1.0651550e+02 3.8926995e-24
1.0676113e+02 3.8906153e-24
1.0700732e+02 3.8885379e-24
1.0725408e+02 3.8864672e-24
1.0750141e+02 3.8844034e-24
1.0774931e+02 3.8823462e-24
1.0799778e+02 3.8802957e-24
1.0824682e+02 3.8782520e-24
1.0849644e+02 3.8762148e-24
1.0874663e+02 3.8741843e-24
1.0899740e+02 3.8721603e-24
1.0924875e+02 3.8701430e-24
1.0950068e+02 3.8681322e-24
1.0975319e+02 3.8661279e-24
1.1000628e+02 3.8641300e-24
1.1025996e+02 3.8621387e-24
1.1051422e+02 3.8601538e-24
1.1076906e+02 3.8581753e-24
1.1102450e+02 3.8562033e-24
1.1128052e+02 3.8542376e-24
1.1153714e+02 3.8522782e-24
1.1179434e+02 3.8503252e-24
1.1205214e+02 3.8483785e-24
1.1231053e+02 3.8464380e-24
1.1256952e+02 3.8445038e-24
1.1282911e+02 3.8425759e-24
1.1308929e+02 3.8406541e-24
1.1335008e+02 3.8387386e-24
1.1361146e+02 3.8368292e-24
1.1387345e+02 3.8349260e-24
1.1413605e+02 3.8330289e-24
1.1439924e+02 3.8311379e-24
1.1466305e+02 3.8292530e-24
1.1492746e+02 3.8273741e-24
1.1519249e+02 3.8255013e-24
1.1545812e+02 3.8236345e-24
1.1572437e+02 3.8217737e-24
1.1599123e+02 3.8199189e-24
1.1625871e+02 3.8180700e-24
1.1652680e+02 3.8162271e-24
1.1679551e+02 3.8143901e-24
1.1706484e+02 3.8125590e-24
1.1733480e+02 3.8107338e-24
1.1760537e+02 3.8089144e-24
1.1787657e+02 3.8071009e-24
1.1814839e+02 3.8052932e-24
1.1842085e+02 3.8034913e-24
1.1869392e+02 3.8016952e-24
1.1896763e+02 3.7999049e-24
1.1924197e+02 3.7981203e-24
1.1951695e+02 3.7963415e-24
1.1979255e+02 3.7945683e-24
1.2006880e+02 3.7928009e-24
1.2034568e+02 3.7910391e-24
1.2062319e+02 3.7892830e-24
1.2090135e+02 3.7875325e-24
1.2118015e+02 3.7857877e-24
1.2145959e+02 3.7840484e-24
1.2173968e+02 3.7823148e-24
1.2202041e+02 3.7805867e-24
1.2230179e+02 3.7788642e-24
1.2258382e+02 3.7771473e-24
1.2286650e+02 3.7754358e-24
1.2314983e+02 3.7737299e-24
1.2343382e+02 3.7720294e-24
1.2371846e+02 3.7703345e-24
1.2400375e+02 3.7686450e-24
1.2428971e+02 3.7669609e-24
1.2457632e+02 3.7652823e-24
1.2486359e+02 3.7636091e-24
1.2515153e+02 3.7619413e-24
1.2544013e+02 3.7602789e-24
1.2572940e+02 3.7586218e-24
1.2601933e+02 3.7569701e-24
1.2630993e+02 3.7553238e-24
1.2660120e+02 3.7536828e-24
1.2689314e+02 3.7520470e-24
1.2718576e+02 3.7504166e-24
1.2747905e+02 3.7487915e-24
1.2777302e+02 3.7471716e-24
1.2806767e+02 3.7455570e-24
1.2836299e+02 3.7439477e-24
1.2865900e+02 3.7423436e-24
1.2895569e+02 3.7407447e-24
1.2925306e+02 3.7391509e-24
1.2955112e+02 3.7375624e-24
1.2984986e+02 3.7359791e-24
1.3014930e+02 3.7344009e-24
1.3044942e+02 3.7328279e-24
1.3075024e+02 3.7312600e-24
1.3105175e+02 3.7296972e-24
1.3135396e+02 3.7281396e-24
1.3165686e+02 3.7265871e-24
1.3196046e+02 3.7250396e-24
1.3226476e+02 3.7234972e-24
1.3256977e+02 3.7219599e-24
1.3287547e+02 3.7204277e-24
1.3318189e+02 3.7189005e-24
1.3348901e+02 3.7173783e-24
1.3379683e+02 3.7158611e-24
1.3410537e+02 3.7143490e-24
1.3441462e+02 3.7128418e-24
1.3472458e+02 3.7113397e-24
1.3503525e+02 3.7098425e-24
1.3534665e+02 3.7083503e-24
1.3565876e+02 3.7068630e-24
1.3597159e+02 3.7053807e-24
1.3628514e+02 3.7039033e-24
1.3659941e+02 3.7024308e-24
1.3691441e+02 3.7009632e-24
1.3723014e+02 3.6995006e-24
1.3754659e+02 3.6980428e-24
1.3786377e+02 3.6965899e-24
1.3818169e+02 3.6951419e-24
1.3850034e+02 3.6936988e-24
1.3881972e+02 3.6922605e-24
1.3913984e+02 3.6908270e-24
1.3946070e+02 3.6893984e-24
1.3978229e+02 3.6879746e-24
1.4010463e+02 3.6865557e-24
1.4042772e+02 3.6851415e-24
1.4075154e+02 3.6837321e-24
1.4107612e+02 3.6823276e-24
1.4140144e+02 3.6809278e-24
1.4172751e+02 3.6795328e-24
1.4205434e+02 3.6781425e-24
1.4238192e+02 3.6767570e-24
1.4271025e+02 3.6753762e-24
1.4303934e+02 3.6740002e-24
1.4336919e+02 3.6726289e-24
1.4369980e+02 3.6712624e-24
1.4403117e+02 3.6699005e-24
1.4436331e+02 3.6685434e-24
1.4469621e+02 3.6671909e-24
1.4502988e+02 3.6658432e-24
1.4536432e+02 3.6645001e-24
1.4569954e+02 3.6631617e-24
1.4603552e+02 3.6618280e-24
1.4637228e+02 3.6604989e-24
1.4670981e+02 3.6591745e-24
1.4704813e+02 3.6578547e-24
1.4738722e+02 3.6565396e-24
1.4772710e+02 3.6552291e-24
1.4806776e+02 3.6539232e-24
1.4840920e+02 3.6526220e-24
1.4875144e+02 3.6513254e-24
1.4909446e+02 3.6500333e-24
1.4943827e+02 3.6487459e-24
1.4978288e+02 3.6474631e-24
1.5012828e+02 3.6461848e-24
1.5047447e+02 3.6449112e-24
1.5082147e+02 3.6436421e-24
1.5116927e+02 3.6423776e-24
1.5151786e+02 3.6411176e-24
1.5186726e+02 3.6398622e-24
1.5221747e+02 3.6386114e-24
1.5256849e+02 3.6373651e-24
1.5292031e+02 3.6361233e-24
1.5327295e+02 3.6348861e-24
1.5362639e+02 3.6336534e-24
1.5398066e+02 3.6324252e-24
1.5433574e+02 3.6312016e-24
1.5469164e+02 3.6299824e-24
1.5504836e+02 3.6287678e-24
1.5540590e+02 3.6275577e-24
1.5576427e+02 3.6263521e-24
1.5612346e+02 3.6251509e-24
1.5648348e+02 3.6239543e-24
1.5684434e+02 3.6227622e-24
1.5720602e+02 3.6215745e-24
1.5756854e+02 3.6203913e-24
1.5793189e+02 3.6192126e-24
1.5829608e+02 3.6180383e-24
1.5866112e+02 3.6168685e-24
1.5902699e+02 3.6157032e-24
1.5939371e+02 3.6145423e-24
1.5976127e+02 3.6133859e-24
1.6012968e+02 3.6122339e-24
1.6049894e+02 3.6110864e-24
1.6086905e+02 3.6099433e-24
1.6124002e+02 3.6088046e-24
1.6161184e+02 3.6076704e-24
1.6198452e+02 3.6065406e-24
1.6235805e+02 3.6054152e-24
1.6273245e+02 3.6042942e-24
1.6310772e+02 3.6031777e-24
1.6348384e+02 3.6020656e-24
1.6386084e+02 3.6009579e-24
1.6423870e+02 3.5998546e-24
1.6461744e+02 3.5987557e-24
1.6499705e+02 3.5976612e-24
1.6537753e+02 3.5965711e-24
1.6575889e+02 3.5954854e-24
1.6614114e+02 3.5944041e-24
1.6652426e+02 3.5933272e-24
1.6690826e+02 3.5922547e-24
1.6729316e+02 3.5911866e-24
1.6767894e+02 3.5901228e-24
1.6806560e+02 3.5890635e-24
1.6845316e+02 3.5880085e-24
1.6884162e+02 3.5869579e-24
1.6923097e+02 3.5859117e-24
1.6962122e+02 3.5848698e-24
1.7001236e+02 3.5838324e-24
1.7040441e+02 3.5827993e-24
1.7079737e+02 3.5817705e-24
1.7119123e+02 3.5807462e-24
1.7158600e+02 3.5797262e-24
1.7198168e+02 3.5787105e-24
1.7237827e+02 3.5776992e-24
1.7277577e+02 3.5766923e-24
1.7317419e+02 3.5756898e-24
1.7357354e+02 3.5746916e-24
1.7397380e+02 3.5736977e-24
1.7437498e+02 3.5727082e-24
1.7477709e+02 3.5717231e-24
1.7518013e+02 3.5707423e-24
1.7558410e+02 3.5697659e-24
1.7598899e+02 3.5687938e-24
1.7639483e+02 3.5678261e-24
1.7680159e+02 3.5668627e-24
1.7720930e+02 3.5659037e-24
1.7761795e+02 3.5649490e-24
1.7802753e+02 3.5639987e-24
1.7843807e+02 3.5630527e-24
1.7884955e+02 3.5621111e-24
1.7926198e+02 3.5611738e-24
1.7967535e+02 3.5602409e-24
1.8008969e+02 3.5593123e-24
1.8050498e+02 3.5583880e-24
1.8092122e+02 3.5574681e-24
1.8133843e+02 3.5565526e-24
1.8175659e+02 3.5556414e-24
1.8217573e+02 3.5547345e-24
1.8259583e+02 3.5538320e-24
1.8301689e+02 3.5529338e-24
1.8343893e+02 3.5520400e-24
1.8386194e+02 3.5511505e-24
1.8428593e+02 3.5502654e-24
1.8471089e+02 3.5493846e-24
1.8513684e+02 3.5485082e-24
1.8556377e+02 3.5476361e-24
1.8599168e+02 3.5467684e-24
1.8642058e+02 3.5459050e-24
1.8685046e+02 3.5450460e-24
1.8728134e+02 3.5441913e-24
1.8771321e+02 3.5433410e-24
1.8814608e+02 3.5424950e-24
1.8857995e+02 3.5416534e-24
1.8901482e+02 3.5408162e-24
1.8945068e+02 3.5399833e-24
1.8988756e+02 3.5391547e-24
1.9032544e+02 3.5383306e-24
1.9076433e+02 3.5375107e-24
1.9120424e+02 3.5366953e-24
1.9164516e+02 3.5358842e-24
1.9208709e+02 3.5350775e-24
1.9253005e+02 3.5342752e-24
1.9297402e+02 3.5334772e-24
1.9341902e+02 3.5326836e-24
1.9386505e+02 3.5318944e-24
1.9431210e+02 3.5311095e-24
1.9476019e+02 3.5303290e-24
1.9520930e+02 3.5295529e-24
1.9565946e+02 3.5287812e-24
1.9611065e+02 3.5280139e-24
1.9656288e+02 3.5272510e-24
1.9701616e+02 3.5264924e-24
1.9747048e+02 3.5257383e-24
1.9792585e+02 3.5249885e-24
1.9838227e+02 3.5242431e-24
1.9883974e+02 3.5235021e-24
1.9929826e+02 3.5227656e-24
1.9975785e+02 3.5220334e-24
2.0021849e+02 3.5213057e-24
2.0068020e+02 3.5205823e-24
2.0114297e+02 3.5198634e-24
2.0160680e+02 3.5191488e-24
2.0207171e+02 3.5184387e-24
2.0253769e+02 3.5177331e-24
2.0300474e+02 3.5170318e-24
2.0347287e+02 3.5163350e-24
2.0394208e+02 3.5156426e-24
2.0441237e+02 3.5149546e-24
2.0488375e+02 3.5142711e-24
2.0535621e+02 3.5135920e-24
2.0582977e+02 3.5129174e-24
2.0630441e+02 3.5122472e-24
2.0678015e+02 3.5115814e-24
2.0725699e+02 3.5109202e-24
2.0773492e+02 3.5102633e-24
2.0821396e+02 3.5096110e-24
2.0869411e+02 3.5089631e-24
2.0917536e+02 3.5083196e-24
2.0965772e+02 3.5076807e-24
2.1014119e+02 3.5070462e-24
2.1062578e+02 3.5064162e-24
2.1111148e+02 3.5057907e-24
2.1159831e+02 3.5051697e-24
2.1208625e+02 3.5045532e-24
2.1257533e+02 3.5039412e-24
2.1306553e+02 3.5033337e-24
2.1355686e+02 3.5027307e-24
2.1404932e+02 3.5021322e-24
2.1454292e+02 3.5015382e-24
2.1503766e+02 3.5009488e-24
2.1553354e+02 3.5003639e-24
2.1603056e+02 3.4997835e-24
2.1652873e+02 3.4992076e-24
2.1702804e+02 3.4986363e-24
2.1752851e+02 3.4980695e-24
2.1803013e+02 3.4975073e-24
2.1853291e+02 3.4969497e-24
2.1903685e+02 3.4963966e-24
2.1954195e+02 3.4958481e-24
2.2004822e+02 3.4953041e-24
2.2055565e+02 3.4947647e-24
2.2106425e+02 3.4942299e-24
2.2157403e+02 3.4936997e-24
2.2208498e+02 3.4931741e-24
2.2259711e+02 3.4926531e-24
2.2311042e+02 3.4921367e-24
2.2362491e+02 3.4916249e-24
2.2414060e+02 3.4911178e-24
2.2465747e+02 3.4906152e-24
2.2517553e+02 3.4901173e-24
2.2569478e+02 3.4896240e-24
2.2621524e+02 3.4891353e-24
2.2673689e+02 3.4886513e-24
2.2725975e+02 3.4881720e-24
2.2778381e+02 3.4876973e-24
2.2830908e+02 3.4872273e-24
2.2883556e+02 3.4867619e-24
2.2936326e+02 3.4863012e-24
2.2989217e+02 3.4858453e-24
2.3042231e+02 3.4853940e-24
2.3095366e+02 3.4849473e-24
2.3148624e+02 3.4845054e-24
2.3202005e+02 3.4840683e-24
2.3255509e+02 3.4836358e-24
2.3309137e+02 3.4832080e-24
2.3362888e+02 3.4827850e-24
2.3416763e+02 3.4823667e-24
2.3470762e+02 3.4819532e-24
2.3524886e+02 3.4815444e-24
2.3579134e+02 3.4811404e-24
2.3633508e+02 3.4807411e-24
2.3688007e+02 3.4803467e-24
2.3742632e+02 3.4799570e-24
2.3797382e+02 3.4795720e-24
2.3852259e+02 3.4791919e-24
2.3907263e+02 3.4788166e-24
2.3962393e+02 3.4784461e-24
2.4017651e+02 3.4780804e-24
2.4073036e+02 3.4777196e-24
2.4128548e+02 3.4773635e-24
2.4184189e+02 3.4770124e-24
2.4239958e+02 3.4766660e-24
2.4295855e+02 3.4763245e-24
2.4351882e+02 3.4759879e-24
2.4408037e+02 3.4756562e-24
2.4464322e+02 3.4753293e-24
2.4520737e+02 3.4750074e-24
2.4577282e+02 3.4746903e-24
2.4633958e+02 3.4743781e-24
2.4690764e+02 3.4740709e-24
2.4747701e+02 3.4737685e-24
2.4804769e+02 3.4734712e-24
2.4861969e+02 3.4731787e-24
2.4919301e+02 3.4728912e-24
2.4976765e+02 3.4726086e-24
2.5034362e+02 3.4723311e-24
2.5092091e+02 3.4720584e-24
2.5149954e+02 3.4717908e-24
2.5207950e+02 3.4715282e-24
2.5266080e+02 3.4712706e-24
2.5324343e+02 3.4710179e-24
2.5382742e+02 3.4707703e-24
2.5441274e+02 3.4705278e-24
2.5499942e+02 3.4702902e-24
2.5558745e+02 3.4700577e-24
2.5617684e+02 3.4698303e-24
2.5676758e+02 3.4696079e-24
2.5735969e+02 3.4693907e-24
2.5795317e+02 3.4691785e-24
2.5854801e+02 3.4689714e-24
2.5914422e+02 3.4687694e-24
2.5974181e+02 3.4685725e-24
2.6034078e+02 3.4683807e-24
2.6094112e+02 3.4681941e-24
2.6154286e+02 3.4680126e-24
2.6214598e+02 3.4678363e-24
2.6275049e+02 3.4676651e-24
2.6335639e+02 3.4674991e-24
2.6396369e+02 3.4673383e-24
2.6457240e+02 3.4671827e-24
2.6518250e+02 3.4670323e-24
2.6579401e+02 3.4668871e-24
2.6640694e+02 3.4667471e-24
2.6702127e+02 3.4666124e-24
2.6763703e+02 3.4664829e-24
2.6825420e+02 3.4663587e-24
2.6887280e+02 3.4662397e-24
2.6949282e+02 3.4661261e-24
2.7011427e+02 3.4660177e-24
2.7073716e+02 3.4659146e-24
2.7136148e+02 3.4658168e-24
2.7198724e+02 3.4657244e-24
2.7261444e+02 3.4656373e-24
2.7324310e+02 3.4655555e-24
2.7387320e+02 3.4654791e-24
2.7450475e+02 3.4654081e-24
2.7513776e+02 3.4653424e-24
2.7577223e+02 3.4652821e-24
2.7640816e+02 3.4652273e-24
2.7704556e+02 3.4651778e-24
2.7768443e+02 3.4651338e-24
2.7832477e+02 3.4650952e-24
2.7896659e+02 3.4650620e-24
2.7960989e+02 3.4650344e-24
2.8025467e+02 3.4650122e-24
2.8090094e+02 3.4649954e-24
2.8154870e+02 3.4649842e-24
2.8219796e+02 3.4649785e-24
2.8284871e+02 3.4649783e-24
2.8350096e+02 3.4649837e-24
2.8415471e+02 3.4649945e-24
2.8480998e+02 3.4650110e-24
2.8546675e+02 3.4650330e-24
2.8612504e+02 3.4650606e-24
2.8678485e+02 3.4650938e-24
2.8744617e+02 3.4651326e-24
2.8810903e+02 3.4651770e-24
2.8877341e+02 3.4652271e-24
2.8943932e+02 3.4652828e-24
2.9010677e+02 3.4653442e-24
2.9077576e+02 3.4654112e-24
2.9144629e+02 3.4654840e-24
2.9211837e+02 3.4655624e-24
2.9279200e+02 3.4656465e-24
2.9346718e+02 3.4657364e-24
2.9414391e+02 3.4658320e-24
2.9482221e+02 3.4659334e-24
2.9550207e+02 3.4660405e-24
2.9618350e+02 3.4661534e-24
2.9686651e+02 3.4662721e-24
2.9755108e+02 3.4663966e-24
2.9823724e+02 3.4665269e-24
2.9892498e+02 3.4666631e-24
2.9961430e+02 3.4668051e-24
3.0030521e+02 3.4669530e-24
3.0099772e+02 3.4671067e-24
3.0169182e+02 3.4672664e-24
3.0238752e+02 3.4674319e-24
3.0308483e+02 3.4676034e-24
3.0378375e+02 3.4677808e-24
3.0448428e+02 3.4679641e-24
3.0518642e+02 3.4681534e-24
3.0589018e+02 3.4683487e-24
3.0659557e+02 3.4685500e-24
3.0730258e+02 3.4687572e-24
3.0801122e+02 3.4689706e-24
3.0872150e+02 3.4691899e-24
3.0943341e+02 3.4694153e-24
3.1014697e+02 3.4696467e-24
3.1086217e+02 3.4698843e-24
3.1157902e+02 3.4701279e-24
3.1229752e+02 3.4703776e-24
3.1301768e+02 3.4706335e-24
3.1373950e+02 3.4708955e-24
3.1446299e+02 3.4711637e-24
3.1518814e+02 3.4714380e-24
3.1591497e+02 3.4717185e-24
3.1664347e+02 3.4720053e-24
3.1737365e+02 3.4722982e-24
3.1810552e+02 3.4725974e-24
3.1883907e+02 3.4729028e-24
3.1957432e+02 3.4732145e-24
3.2031126e+02 3.4735325e-24
3.2104990e+02 3.4738568e-24
3.2179024e+02 3.4741874e-24
3.2253229e+02 3.4745243e-24
3.2327606e+02 3.4748676e-24
3.2402153e+02 3.4752172e-24
3.2476873e+02 3.4755732e-24
3.2551765e+02 3.4759356e-24
3.2626829e+02 3.4763045e-24
3.2702067e+02 3.4766797e-24
3.2777478e+02 3.4770614e-24
3.2853063e+02 3.4774496e-24
3.2928823e+02 3.4778442e-24
3.3004757e+02 3.4782453e-24
3.3080866e+02 3.4786530e-24
3.3157151e+02 3.4790672e-24
3.3233612e+02 3.4794879e-24
3.3310249e+02 3.4799152e-24
3.3387062e+02 3.4803491e-24
3.3464053e+02 3.4807895e-24
3.3541221e+02 3.4812366e-24
3.3618568e+02 3.4816903e-24
3.3696092e+02 3.4821507e-24
3.3773796e+02 3.4826178e-24
3.3851679e+02 3.4830915e-24
3.3929741e+02 3.4835719e-24
3.4007983e+02 3.4840591e-24
3.4086406e+02 3.4845530e-24
3.4165009e+02 3.4850536e-24
3.4243794e+02 3.4855611e-24
3.4322760e+02 3.4860753e-24
3.4401909e+02 3.4865964e-24
3.4481240e+02 3.4871242e-24
3.4560754e+02 3.4876590e-24
3.4640451e+02 3.4882005e-24
3.4720333e+02 3.4887490e-24
3.4800398e+02 3.4893044e-24
3.4880648e+02 3.4898667e-24
3.4961083e+02 3.4904360e-24
3.5041703e+02 3.4910122e-24
3.5122510e+02 3.4915954e-24
3.5203503e+02 3.4921856e-24
3.5284682e+02 3.4927828e-24
3.5366049e+02 3.4933870e-24
3.5447603e+02 3.4939983e-24
3.5529346e+02 3.4946167e-24
3.5611277e+02 3.4952422e-24
3.5693397e+02 3.4958748e-24
3.5775706e+02 3.4965145e-24
3.5858205e+02 3.4971614e-24
3.5940894e+02 3.4978154e-24
3.6023774e+02 3.4984767e-24
3.6106845e+02 3.4991451e-24
3.6190108e+02 3.4998208e-24
3.6273563e+02 3.5005038e-24
3.6357210e+02 3.5011940e-24
3.6441050e+02 3.5018915e-24
3.6525083e+02 3.5025963e-24
3.6609310e+02 3.5033085e-24
3.6693731e+02 3.5040280e-24
3.6778347e+02 3.5047549e-24
3.6863159e+02 3.5054892e-24
3.6948165e+02 3.5062309e-24
3.7033368e+02 3.5069800e-24
3.7118767e+02 3.5077366e-24
3.7204364e+02 3.5085007e-24
3.7290157e+02 3.5092723e-24
3.7376148e+02 3.5100514e-24
3.7462338e+02 3.5108380e-24
3.7548727e+02 3.5116322e-24
3.7635314e+02 3.5124340e-24
3.7722102e+02 3.5132433e-24
3.7809089e+02 3.5140603e-24
3.7896277e+02 3.5148850e-24
3.7983666e+02 3.5157173e-24
3.8071257e+02 3.5165573e-24
3.8159049e+02 3.5174051e-24
3.8247044e+02 3.5182605e-24
3.8335242e+02 3.5191238e-24
3.8423644e+02 3.5199947e-24
3.8512249e+02 3.5208735e-24
3.8601059e+02 3.5217602e-24
3.8690073e+02 3.5226546e-24
3.8779292e+02 3.5235570e-24
3.8868718e+02 3.5244672e-24
3.8958349e+02 3.5253853e-24
3.9048188e+02 3.5263114e-24
3.9138233e+02 3.5272454e-24
3.9228486e+02 3.5281874e-24
3.9318947e+02 3.5291374e-24
3.9409617e+02 3.5300954e-24
3.9500496e+02 3.5310615e-24
3.9591584e+02 3.5320356e-24
3.9682883e+02 3.5330179e-24
3.9774392e+02 3.5340082e-24
3.9866112e+02 3.5350067e-24
3.9958044e+02 3.5360134e-24
4.0050187e+02 3.5370282e-24
4.0142543e+02 3.5380513e-24
4.0235112e+02 3.5390826e-24
4.0327895e+02 3.5401221e-24
4.0420891e+02 3.5411700e-24
4.0514102e+02 3.5422261e-24
4.0607528e+02 3.5432906e-24
4.0701169e+02 3.5443634e-24
4.0795026e+02 3.5454446e-24
4.0889100e+02 3.5465342e-24
4.0983390e+02 3.5476322e-24
4.1077898e+02 3.5487387e-24
4.1172624e+02 3.5498537e-24
4.1267569e+02 3.5509771e-24
4.1362732e+02 3.5521091e-24
4.1458115e+02 3.5532497e-24
4.1553718e+02 3.5543988e-24
4.1649541e+02 3.5555565e-24
4.1745585e+02 3.5567228e-24
4.1841851e+02 3.5578978e-24
4.1938338e+02 3.5590815e-24
4.2035048e+02 3.5602739e-24
4.2131982e+02 3.5614750e-24
4.2229138e+02 3.5626848e-24
4.2326519e+02 3.5639035e-24
4.2424124e+02 3.5651309e-24
4.2521955e+02 3.5663672e-24
4.2620010e+02 3.5676124e-24
4.2718293e+02 3.5688664e-24
4.2816801e+02 3.5701293e-24
4.2915537e+02 3.5714012e-24
4.3014501e+02 3.5726820e-24
4.3113692e+02 3.5739719e-24
4.3213113e+02 3.5752708e-24
4.3312763e+02 3.5765787e-24
4.3412642e+02 3.5778957e-24
4.3512752e+02 3.5792218e-24
4.3613093e+02 3.5805570e-24
4.3713665e+02 3.5819014e-24
4.3814469e+02 3.5832550e-24
4.3915506e+02 3.5846179e-24
4.4016775e+02 3.5859899e-24
4.4118278e+02 3.5873713e-24
4.4220015e+02 3.5887620e-24
4.4321987e+02 3.5901620e-24
4.4424194e+02 3.5915714e-24
4.4526636e+02 3.5929903e-24
4.4629315e+02 3.5944185e-24
4.4732231e+02 3.5958563e-24
4.4835383e+02 3.5973036e-24
4.4938774e+02 3.5987604e-24
4.5042403e+02 3.6002268e-24
4.5146271e+02 3.6017028e-24
4.5250379e+02 3.6031885e-24
4.5354727e+02 3.6046839e-24
4.5459315e+02 3.6061891e-24
4.5564145e+02 3.6077041e-24
4.5669216e+02 3.6092289e-24
4.5774529e+02 3.6107636e-24
4.5880086e+02 3.6123083e-24
4.5985886e+02 3.6138630e-24
4.6091930e+02 3.6154278e-24
4.6198218e+02 3.6170027e-24
4.6304751e+02 3.6185878e-24
4.6411530e+02 3.6201833e-24
4.6518556e+02 3.6217891e-24
4.6625828e+02 3.6234055e-24
4.6733347e+02 3.6250326e-24
4.6841115e+02 3.6266704e-24
4.6949131e+02 3.6283191e-24
4.7057396e+02 3.6299791e-24
4.7165911e+02 3.6316504e-24
4.7274676e+02 3.6333333e-24
4.7383691e+02 3.6350283e-24
4.7492958e+02 3.6367358e-24
4.7602478e+02 3.6384562e-24
4.7712249e+02 3.6401904e-24
4.7822274e+02 3.6419391e-24
4.7932553e+02 3.6437037e-24
4.8043085e+02 3.6454858e-24
4.8153873e+02 3.6472875e-24
4.8264916e+02 3.6491122e-24
4.8376216e+02 3.6509644e-24
4.8487772e+02 3.6528511e-24
4.8599585e+02 3.6547833e-24
4.8711656e+02 3.6567790e-24
4.8823985e+02 3.6588690e-24
4.8936574e+02 3.6611110e-24
4.9049422e+02 3.6636223e-24
4.9162530e+02 3.6666732e-24
4.9275899e+02 3.6710086e-24
4.9389530e+02 3.6793673e-24
4.9503423e+02 3.7093623e-24
4.9617578e+02 4.6939456e-24
4.9731996e+02 3.7729539e-24
4.9846679e+02 3.6934792e-24
4.9961626e+02 3.6840600e-24
5.0076837e+02 3.6823996e-24
5.0192315e+02 3.6827664e-24
5.0308059e+02 3.6838929e-24
5.0424070e+02 3.6853709e-24
5.0540348e+02 3.6870364e-24
5.0656894e+02 3.6888134e-24
5.0773710e+02 3.6906627e-24
5.0890794e+02 3.6925627e-24
5.1008149e+02 3.6945003e-24
5.1125774e+02 3.6964676e-24
5.1243670e+02 3.6984593e-24
5.1361839e+02 3.7004720e-24
5.1480279e+02 3.7025032e-24
5.1598993e+02 3.7045513e-24
5.1717981e+02 3.7066150e-24
5.1837243e+02 3.7086935e-24
5.1956780e+02 3.7107861e-24
5.2076593e+02 3.7128922e-24
5.2196682e+02 3.7150116e-24
5.2317048e+02 3.7171439e-24
5.2437691e+02 3.7192889e-24
5.2558613e+02 3.7214464e-24
5.2679814e+02 3.7236164e-24
5.2801294e+02 3.7257986e-24
5.2923054e+02 3.7279931e-24
5.3045095e+02 3.7301997e-24
5.3167417e+02 3.7324184e-24
5.3290022e+02 3.7346492e-24
5.3412909e+02 3.7368921e-24
5.3536079e+02 3.7391470e-24
5.3659534e+02 3.7414140e-24
5.3783273e+02 3.7436930e-24
5.3907298e+02 3.7459841e-24
5.4031609e+02 3.7482872e-24
5.4156206e+02 3.7506024e-24
5.4281090e+02 3.7529297e-24
5.4406263e+02 3.7552691e-24
5.4531724e+02 3.7576207e-24
5.4657475e+02 3.7599843e-24
5.4783515e+02 3.7623602e-24
5.4909847e+02 3.7647482e-24
5.5036469e+02 3.7671485e-24
5.5163384e+02 3.7695610e-24
5.5290591e+02 3.7719857e-24
5.5418091e+02 3.7744228e-24
5.5545886e+02 3.7768722e-24
5.5673975e+02 3.7793339e-24
5.5802360e+02 3.7818081e-24
5.5931040e+02 3.7842946e-24
5.6060018e+02 3.7867936e-24
5.6189293e+02 3.7893051e-24
5.6318866e+02 3.7918291e-24
5.6448737e+02 3.7943656e-24
5.6578909e+02 3.7969147e-24
5.6709380e+02 3.7994765e-24
5.6840152e+02 3.8020508e-24
5.6971226e+02 3.8046378e-24
5.7102602e+02 3.8072376e-24
5.7234281e+02 3.8098500e-24
5.7366264e+02 3.8124753e-24
5.7498551e+02 3.8151133e-24
5.7631143e+02 3.8177642e-24
5.7764041e+02 3.8204280e-24
5.7897245e+02 3.8231047e-24
5.8030757e+02 3.8257943e-24
5.8164576e+02 3.8284969e-24
5.8298704e+02 3.8312125e-24
5.8433141e+02 3.8339412e-24
5.8567889e+02 3.8366829e-24
5.8702947e+02 3.8394378e-24
5.8838316e+02 3.8422058e-24
5.8973998e+02 3.8449870e-24
5.9109992e+02 3.8477815e-24
5.9246300e+02 3.8505892e-24
5.9382923e+02 3.8534102e-24
5.9519860e+02 3.8562445e-24
5.9657113e+02 3.8590922e-24
5.9794683e+02 3.8619533e-24
5.9932570e+02 3.8648278e-24
6.0070775e+02 3.8677158e-24
6.0209299e+02 3.8706174e-24
6.0348142e+02 3.8735324e-24
6.0487305e+02 3.8764611e-24
6.0626789e+02 3.8794034e-24
6.0766595e+02 3.8823593e-24
6.0906723e+02 3.8853290e-24
6.1047175e+02 3.8883123e-24
6.1187950e+02 3.8913095e-24
6.1329050e+02 3.8943204e-24
6.1470475e+02 3.8973452e-24
6.1612226e+02 3.9003839e-24
6.1754305e+02 3.9034365e-24
6.1896711e+02 3.9065030e-24
6.2039445e+02 3.9095836e-24
6.2182508e+02 3.9126781e-24
6.2325902e+02 3.9157868e-24
6.2469626e+02 3.9189095e-24
6.2613681e+02 3.9220464e-24
6.2758069e+02 3.9251975e-24
6.2902789e+02 3.9283627e-24
6.3047844e+02 3.9315423e-24
6.3193232e+02 3.9347361e-24
6.3338957e+02 3.9379443e-24
6.3485017e+02 3.9411668e-24
6.3631414e+02 3.9444037e-24
6.3778148e+02 3.9476551e-24
6.3925221e+02 3.9509210e-24
6.4072633e+02 3.9542014e-24
6.4220385e+02 3.9574964e-24
6.4368478e+02 3.9608059e-24
6.4516912e+02 3.9641301e-24
6.4665688e+02 3.9674690e-24
6.4814808e+02 3.9708226e-24
6.4964271e+02 3.9741909e-24
6.5114080e+02 3.9775741e-24
6.5264233e+02 3.9809720e-24
6.5414733e+02 3.9843849e-24
6.5565580e+02 3.9878126e-24
6.5716775e+02 3.9912553e-24
6.5868318e+02 3.9947130e-24
6.6020211e+02 3.9981858e-24
6.6172454e+02 4.0016736e-24
6.6325048e+02 4.0051765e-24
6.6477994e+02 4.0086945e-24
6.6631293e+02 4.0122277e-24
6.6784945e+02 4.0157762e-24
6.6938952e+02 4.0193399e-24
6.7093314e+02 4.0229189e-24
6.7248031e+02 4.0265133e-24
6.7403106e+02 4.0301231e-24
6.7558538e+02 4.0337483e-24
6.7714328e+02 4.0373889e-24
6.7870478e+02 4.0410451e-24
6.8026988e+02 4.0447168e-24
6.8183859e+02 4.0484040e-24
6.8341091e+02 4.0521070e-24
6.8498686e+02 4.0558255e-24
6.8656645e+02 4.0595598e-24
6.8814967e+02 4.0633098e-24
6.8973655e+02 4.0670757e-24
6.9132709e+02 4.0708573e-24
6.9292130e+02 4.0746548e-24
6.9451918e+02 4.0784683e-24
6.9612074e+02 4.0822976e-24
6.9772600e+02 4.0861430e-24
6.9933497e+02 4.0900044e-24
7.0094764e+02 4.0938819e-24
7.0256403e+02 4.0977755e-24
7.0418415e+02 4.1016852e-24
7.0580800e+02 4.1056111e-24
7.0743560e+02 4.1095533e-24
7.0906695e+02 4.1135118e-24
7.1070206e+02 4.1174865e-24
7.1234095e+02 4.1214777e-24
7.1398361e+02 4.1254852e-24
7.1563006e+02 4.1295092e-24
7.1728031e+02 4.1335497e-24
7.1893437e+02 4.1376067e-24
7.2059223e+02 4.1416803e-24
7.2225393e+02 4.1457704e-24
7.2391945e+02 4.1498773e-24
7.2558881e+02 4.1540008e-24
7.2726203e+02 4.1581411e-24
7.2893910e+02 4.1622981e-24
7.3062004e+02 4.1664720e-24
7.3230485e+02 4.1706628e-24
7.3399355e+02 4.1748704e-24
7.3568615e+02 4.1790950e-24
7.3738265e+02 4.1833366e-24
7.3908306e+02 4.1875952e-24
7.4078739e+02 4.1918709e-24
7.4249565e+02 4.1961637e-24
7.4420785e+02 4.2004737e-24
7.4592400e+02 4.2048009e-24
7.4764410e+02 4.2091453e-24
7.4936818e+02 4.2135070e-24
7.5109623e+02 4.2178861e-24
7.5282826e+02 4.2222825e-24
7.5456429e+02 4.2266963e-24
7.5630432e+02 4.2311277e-24
7.5804836e+02 4.2355765e-24
7.5979643e+02 4.2400428e-24
7.6154852e+02 4.2445268e-24
7.6330466e+02 4.2490284e-24
7.6506485e+02 4.2535476e-24
7.6682909e+02 4.2580846e-24
7.6859741e+02 4.2626394e-24
7.7036980e+02 4.2672120e-24
7.7214628e+02 4.2718024e-24
7.7392685e+02 4.2764107e-24
7.7571153e+02 4.2810369e-24
7.7750033e+02 4.2856812e-24
7.7929325e+02 4.2903434e-24
7.8109031e+02 4.2950238e-24
7.8289151e+02 4.2997222e-24
7.8469686e+02 4.3044389e-24
7.8650638e+02 4.3091737e-24
7.8832007e+02 4.3139268e-24
7.9013794e+02 4.3186981e-24
7.9196000e+02 4.3234878e-24
7.9378627e+02 4.3282959e-24
7.9561675e+02 4.3331224e-24
7.9745144e+02 4.3379674e-24
7.9929037e+02 4.3428309e-24
8.0113354e+02 4.3477129e-24
8.0298096e+02 4.3526136e-24
8.0483264e+02 4.3575329e-24
8.0668859e+02 4.3624709e-24
8.0854882e+02 4.3674277e-24
8.1041334e+02 4.3724032e-24
8.1228216e+02 4.3773975e-24
8.1415529e+02 4.3824108e-24
8.1603274e+02 4.3874429e-24
8.1791452e+02 4.3924941e-24
8.1980064e+02 4.3975642e-24
8.2169110e+02 4.4026534e-24
8.2358593e+02 4.4077617e-24
8.2548512e+02 4.4128891e-24
8.2738870e+02 4.4180357e-24
8.2929666e+02 4.4232016e-24
8.3120903e+02 4.4283867e-24
8.3312580e+02 4.4335912e-24
8.3504700e+02 4.4388151e-24
8.3697262e+02 4.4440583e-24
8.3890269e+02 4.4493211e-24
8.4083720e+02 4.4546033e-24
8.4277618e+02 4.4599052e-24
8.4471963e+02 4.4652266e-24
8.4666756e+02 4.4705677e-24
8.4861998e+02 4.4759284e-24
8.5057690e+02 4.4813089e-24
8.5253834e+02 4.4867093e-24
8.5450430e+02 4.4921294e-24
8.5647479e+02 4.4975694e-24
8.5844983e+02 4.5030294e-24
8.6042942e+02 4.5085093e-24
8.6241358e+02 4.5140093e-24
8.6440231e+02 4.5195293e-24
8.6639563e+02 4.5250695e-24
8.6839354e+02 4.5306298e-24
8.7039607e+02 4.5362103e-24
8.7240321e+02 4.5418111e-24
8.7441498e+02 4.5474322e-24
8.7643138e+02 4.5530737e-24
8.7845244e+02 4.5587355e-24
8.8047816e+02 4.5644178e-24
8.8250855e+02 4.5701206e-24
8.8454362e+02 4.5758439e-24
8.8658338e+02 4.5815879e-24
8.8862785e+02 4.5873524e-24
8.9067703e+02 4.5931377e-24
8.9273094e+02 4.5989437e-24
8.9478959e+02 4.6047704e-24
8.9685298e+02 4.6106180e-24
8.9892113e+02 4.6164865e-24
9.0099405e+02 4.6223759e-24
9.0307175e+02 4.6282863e-24
9.0515424e+02 4.6342177e-24
9.0724153e+02 4.6401702e-24
9.0933364e+02 4.6461438e-24
9.1143057e+02 4.6521385e-24
9.1353233e+02 4.6581545e-24
9.1563894e+02 4.6641918e-24
9.1775041e+02 4.6702503e-24
9.1986675e+02 4.6763303e-24
9.2198797e+02 4.6824316e-24
9.2411408e+02 4.6885544e-24
9.2624510e+02 4.6946987e-24
9.2838103e+02 4.7008646e-24
9.3052188e+02 4.7070522e-24
9.3266767e+02 4.7132613e-24
9.3481841e+02 4.7194922e-24
9.3697411e+02 4.7257449e-24
9.3913478e+02 4.7320194e-24
9.4130043e+02 4.7383157e-24
9.4347108e+02 4.7446340e-24
9.4564673e+02 4.7509743e-24
9.4782740e+02 4.7573366e-24
9.5001309e+02 4.7637210e-24
9.5220383e+02 4.7701276e-24
9.5439962e+02 4.7765564e-24
9.5660047e+02 4.7830076e-24
9.5880640e+02 4.7894811e-24
9.6101742e+02 4.7959770e-24
9.6323353e+02 4.8024956e-24
9.6545475e+02 4.8090368e-24
9.6768110e+02 4.8156009e-24
9.6991258e+02 4.8221881e-24
9.7214920e+02 4.8287986e-24
9.7439099e+02 4.8354331e-24
9.7663794e+02 4.8420922e-24
9.7889008e+02 4.8487775e-24
9.8114740e+02 4.8554919e-24
9.8340994e+02 4.8622423e-24
9.8567769e+02 4.8690477e-24
9.8795067e+02 4.8759804e-24
9.9022889e+02 4.8835387e-24
9.9251237e+02 4.9484504e-24
9.9480111e+02 4.8980846e-24
9.9709513e+02 4.9033730e-24
9.9939443e+02 4.9100145e-24
1.0016990e+03 4.9168410e-24
1.0040090e+03 4.9237342e-24
1.0063242e+03 4.9306672e-24
1.0086448e+03 4.9376311e-24
1.0109708e+03 4.9446223e-24
1.0133021e+03 4.9516393e-24
1.0156387e+03 4.9586812e-24
1.0179808e+03 4.9657476e-24
1.0203283e+03 4.9728381e-24
1.0226812e+03 4.9799528e-24
1.0250395e+03 4.9870915e-24
1.0274032e+03 4.9942542e-24
1.0297724e+03 5.0014408e-24
1.0321471e+03 5.0086515e-24
1.0345272e+03 5.0158863e-24
1.0369129e+03 5.0231450e-24
1.0393040e+03 5.0304279e-24
1.0417006e+03 5.0377349e-24
1.0441028e+03 5.0450662e-24
1.0465105e+03 5.0524216e-24
1.0489238e+03 5.0598013e-24
1.0513426e+03 5.0672053e-24
1.0537670e+03 5.0746337e-24
1.0561970e+03 5.0820866e-24
1.0586326e+03 5.0895639e-24
1.0610738e+03 5.0970657e-24
1.0635207e+03 5.1045921e-24
1.0659731e+03 5.1121432e-24
1.0684313e+03 5.1197189e-24
1.0708951e+03 5.1273193e-24
1.0733646e+03 5.1349446e-24
1.0758398e+03 5.1425946e-24
1.0783207e+03 5.1502696e-24
1.0808073e+03 5.1579695e-24
1.0832996e+03 5.1656944e-24
1.0857977e+03 5.1734444e-24
1.0883016e+03 5.1812194e-24
1.0908112e+03 5.1890197e-24
1.0933266e+03 5.1968451e-24
1.0958479e+03 5.2046958e-24
1.0983749e+03 5.2125718e-24
1.1009078e+03 5.2204732e-24
1.1034465e+03 5.2284001e-24
1.1059910e+03 5.2363524e-24
1.1085414e+03 5.2443302e-24
1.1110977e+03 5.2523337e-24
1.1136599e+03 5.2603628e-24
1.1162281e+03 5.2684176e-24
1.1188021e+03 5.2764982e-24
1.1213820e+03 5.2846045e-24
1.1239680e+03 5.2927368e-24
1.1265598e+03 5.3008949e-24
1.1291577e+03 5.3090791e-24
1.1317615e+03 5.3172893e-24
1.1343714e+03 5.3255256e-24
1.1369873e+03 5.3337880e-24
1.1396092e+03 5.3420766e-24
1.1422371e+03 5.3503915e-24
1.1448711e+03 5.3587327e-24
1.1475112e+03 5.3671003e-24
1.1501574e+03 5.3754943e-24
1.1528096e+03 5.3839148e-24
1.1554680e+03 5.3923618e-24
1.1581325e+03 5.4008354e-24
1.1608032e+03 5.4093357e-24
1.1634800e+03 5.4178627e-24
1.1661630e+03 5.4264164e-24
1.1688522e+03 5.4349970e-24
1.1715476e+03 5.4436045e-24
1.1742492e+03 5.4522389e-24
1.1769570e+03 5.4609002e-24
1.1796711e+03 5.4695887e-24
1.1823914e+03 5.4783042e-24
1.1851180e+03 5.4870469e-24
1.1878509e+03 5.4958169e-24
1.1905901e+03 5.5046141e-24
1.1933356e+03 5.5134386e-24
1.1960875e+03 5.5222906e-24
1.1988456e+03 5.5311700e-24
1.2016102e+03 5.5400769e-24
1.2043811e+03 5.5490114e-24
1.2071584e+03 5.5579735e-24
1.2099421e+03 5.5669633e-24
1.2127323e+03 5.5759809e-24
1.2155288e+03 5.5850263e-24
1.2183319e+03 5.5940995e-24
1.2211413e+03 5.6032006e-24
1.2239573e+03 5.6123297e-24
1.2267798e+03 5.6214869e-24
1.2296087e+03 5.6306722e-24
1.2324442e+03 5.6398856e-24
1.2352862e+03 5.6491272e-24
1.2381348e+03 5.6583971e-24
1.2409900e+03 5.6676954e-24
1.2438517e+03 5.6770220e-24
1.2467200e+03 5.6863771e-24
1.2495950e+03 5.6957607e-24
1.2524766e+03 5.7051729e-24
1.2553648e+03 5.7146137e-24
1.2582597e+03 5.7240832e-24
1.2611612e+03 5.7335815e-24
1.2640695e+03 5.7431086e-24
1.2669844e+03 5.7526646e-24
1.2699061e+03 5.7622495e-24
1.2728345e+03 5.7718634e-24
1.2757697e+03 5.7815063e-24
1.2787116e+03 5.7911784e-24
1.2816603e+03 5.8008796e-24
1.2846158e+03 5.8106101e-24
1.2875782e+03 5.8203699e-24
1.2905473e+03 5.8301590e-24
1.2935233e+03 5.8399776e-24
1.2965062e+03 5.8498257e-24
1.2994960e+03 5.8597033e-24
1.3024926e+03 5.8696105e-24
1.3054962e+03 5.8795474e-24
1.3085067e+03 5.8895140e-24
1.3115241e+03 5.8995104e-24
1.3145485e+03 5.9095367e-24
1.3175798e+03 5.9195929e-24
1.3206182e+03 5.9296791e-24
1.3236635e+03 5.9397953e-24
1.3267159e+03 5.9499416e-24
1.3297753e+03 5.9601181e-24
1.3328418e+03 5.9703248e-24
1.3359154e+03 5.9805618e-24
1.3389960e+03 5.9908292e-24
1.3420837e+03 6.0011270e-24
1.3451786e+03 6.0114553e-24
1.3482806e+03 6.0218141e-24
1.3513897e+03 6.0322036e-24
1.3545060e+03 6.0426237e-24
1.3576295e+03 6.0530746e-24
1.3607602e+03 6.0635562e-24
1.3638982e+03 6.0740688e-24
1.3670433e+03 6.0846122e-24
1.3701957e+03 6.0951867e-24
1.3733554e+03 6.1057922e-24
1.3765224e+03 6.1164289e-24
1.3796966e+03 6.1270967e-24
1.3828782e+03 6.1377958e-24
1.3860672e+03 6.1485262e-24
1.3892634e+03 6.1592880e-24
1.3924671e+03 6.1700813e-24
1.3956781e+03 6.1809061e-24
1.3988966e+03 6.1917624e-24
1.4021224e+03 6.2026504e-24
1.4053558e+03 6.2135701e-24
1.4085965e+03 6.2245216e-24
1.4118448e+03 6.2355049e-24
1.4151005e+03 6.2465202e-24
1.4183637e+03 6.2575674e-24
1.4216345e+03 6.2686467e-24
1.4249128e+03 6.2797581e-24
1.4281986e+03 6.2909017e-24
1.4314921e+03 6.3020775e-24
1.4347931e+03 6.3132856e-24
1.4381017e+03 6.3245262e-24
1.4414180e+03 6.3357992e-24
1.4447419e+03 6.3471047e-24
1.4480735e+03 6.3584428e-24
1.4514128e+03 6.3698136e-24
1.4547598e+03 6.3812172e-24
1.4581144e+03 6.3926537e-24
1.4614769e+03 6.4041231e-24
1.4648470e+03 6.4156256e-24
1.4682250e+03 6.4271615e-24
1.4716107e+03 6.4387310e-24
1.4750043e+03 6.4503349e-24
1.4784056e+03 6.4619751e-24
1.4818149e+03 6.4736585e-24
1.4852319e+03 6.4854312e-24
1.4886569e+03 6.5012765e-24
1.4920897e+03 6.5090406e-24
1.4955305e+03 6.5206740e-24
1.4989792e+03 6.5324842e-24
1.5024359e+03 6.5443447e-24
1.5059005e+03 6.5562435e-24
1.5093731e+03 6.5681777e-24
1.5128538e+03 6.5801465e-24
1.5163424e+03 6.5921497e-24
1.5198391e+03 6.6041871e-24
1.5233439e+03 6.6162588e-24
1.5268567e+03 6.6283647e-24
1.5303776e+03 6.6405050e-24
1.5339067e+03 6.6526795e-24
1.5374439e+03 6.6648885e-24
1.5409893e+03 6.6771320e-24
1.5445428e+03 6.6894100e-24
1.5481045e+03 6.7017226e-24
1.5516745e+03 6.7140698e-24
1.5552526e+03 6.7264519e-24
1.5588391e+03 6.7388687e-24
1.5624338e+03 6.7513204e-24
1.5660367e+03 6.7638071e-24
1.5696480e+03 6.7763288e-24
1.5732677e+03 6.7888856e-24
1.5768956e+03 6.8014775e-24
1.5805320e+03 6.8141047e-24
1.5841767e+03 6.8267673e-24
1.5878298e+03 6.8394652e-24
1.5914913e+03 6.8521985e-24
1.5951613e+03 6.8649675e-24
1.5988398e+03 6.8777720e-24
1.6025267e+03 6.8906122e-24
1.6062222e+03 6.9034882e-24
1.6099261e+03 6.9163999e-24
1.6136386e+03 6.9293476e-24
1.6173597e+03 6.9423313e-24
1.6210893e+03 6.9553511e-24
1.6248276e+03 6.9684069e-24
1.6285744e+03 6.9814990e-24
1.6323300e+03 6.9946273e-24
1.6360941e+03 7.0077920e-24
1.6398670e+03 7.0209931e-24
1.6436485e+03 7.0342308e-24
1.6474388e+03 7.0475050e-24
1.6512378e+03 7.0608158e-24
1.6550456e+03 7.0741634e-24
1.6588621e+03 7.0875478e-24
1.6626874e+03 7.1009691e-24
1.6665216e+03 7.1144273e-24
1.6703646e+03 7.1279226e-24
1.6742165e+03 7.1414550e-24
1.6780773e+03 7.1550246e-24
1.6819469e+03 7.1686315e-24
1.6858255e+03 7.1822757e-24
1.6897130e+03 7.1959573e-24
1.6936095e+03 7.2096764e-24
1.6975150e+03 7.2234331e-24
1.7014295e+03 7.2372275e-24
1.7053530e+03 7.2510595e-24
1.7092855e+03 7.2649295e-24
1.7132272e+03 7.2788372e-24
1.7171779e+03 7.2927830e-24
1.7211377e+03 7.3067668e-24
1.7251067e+03 7.3207888e-24
1.7290848e+03 7.3348489e-24
1.7330721e+03 7.3489473e-24
1.7370685e+03 7.3630841e-24
1.7410742e+03 7.3772594e-24
1.7450892e+03 7.3914731e-24
1.7491133e+03 7.4057255e-24
1.7531468e+03 7.4200166e-24
1.7571896e+03 7.4343464e-24
1.7612417e+03 7.4487151e-24
1.7653031e+03 7.4631227e-24
1.7693739e+03 7.4775693e-24
1.7734541e+03 7.4920550e-24
1.7775437e+03 7.5065798e-24
1.7816427e+03 7.5211439e-24
1.7857512e+03 7.5357474e-24
1.7898692e+03 7.5503902e-24
1.7939966e+03 7.5650726e-24
1.7981336e+03 7.5797946e-24
1.8022801e+03 7.5945562e-24
1.8064362e+03 7.6093575e-24
1.8106018e+03 7.6241987e-24
1.8147771e+03 7.6390798e-24
1.8189620e+03 7.6540009e-24
1.8231565e+03 7.6689620e-24
1.8273607e+03 7.6839633e-24
1.8315746e+03 7.6990049e-24
1.8357983e+03 7.7140868e-24
1.8400316e+03 7.7292091e-24
1.8442748e+03 7.7443719e-24
1.8485277e+03 7.7595753e-24
1.8527904e+03 7.7748193e-24
1.8570629e+03 7.7901041e-24
1.8613453e+03 7.8054297e-24
1.8656376e+03 7.8207963e-24
1.8699398e+03 7.8362039e-24
1.8742519e+03 7.8516525e-24
1.8785739e+03 7.8671423e-24
1.8829059e+03 7.8826734e-24
1.8872479e+03 7.8982459e-24
1.8915999e+03 7.9138598e-24
1.8959620e+03 7.9295152e-24
1.9003341e+03 7.9452122e-24
1.9047163e+03 7.9609509e-24
1.9091086e+03 7.9767314e-24
1.9135110e+03 7.9925537e-24
1.9179235e+03 8.0084181e-24
1.9223463e+03 8.0243244e-24
1.9267792e+03 8.0402730e-24
1.9312224e+03 8.0562637e-24
1.9356758e+03 8.0722968e-24
1.9401395e+03 8.0883722e-24
1.9446135e+03 8.1044902e-24
1.9490978e+03 8.1206508e-24
1.9535924e+03 8.1368541e-24
1.9580974e+03 8.1531002e-24
1.9626128e+03 8.1693892e-24
1.9671386e+03 8.1857215e-24
1.9716748e+03 8.2020974e-24
1.9762215e+03 8.2185186e-24
1.9807787e+03 8.2349965e-24
1.9853464e+03 8.2562292e-24
1.9899246e+03 8.2680558e-24
1.9945134e+03 8.2846236e-24
1.9991128e+03 8.3012544e-24
2.0037227e+03 8.3179315e-24
2.0083433e+03 8.3346530e-24
2.0129746e+03 8.3514187e-24
2.0176165e+03 8.3682285e-24
2.0222692e+03 8.3850824e-24
2.0269325e+03 8.4019804e-24
2.0316067e+03 8.4189226e-24
2.0362916e+03 8.4359092e-24
2.0409873e+03 8.4529402e-24
2.0456938e+03 8.4700157e-24
2.0504112e+03 8.4871358e-24
2.0551394e+03 8.5043005e-24
2.0598786e+03 8.5215101e-24
2.0646287e+03 8.5387645e-24
2.0693898e+03 8.5560639e-24
2.0741618e+03 8.5734083e-24
2.0789448e+03 8.5907979e-24
2.0837389e+03 8.6082327e-24
2.0885440e+03 8.6257129e-24
2.0933602e+03 8.6432385e-24
2.0981875e+03 8.6608097e-24
2.1030259e+03 8.6784265e-24
2.1078755e+03 8.6960890e-24
2.1127363e+03 8.7137973e-24
2.1176083e+03 8.7315516e-24
2.1224915e+03 8.7493519e-24
2.1273860e+03 8.7671982e-24
2.1322918e+03 8.7850908e-24
2.1372088e+03 8.8030297e-24
2.1421373e+03 8.8210151e-24
2.1470771e+03 8.8390469e-24
2.1520282e+03 8.8571253e-24
2.1569908e+03 8.8752504e-24
2.1619649e+03 8.8934223e-24
2.1669504e+03 8.9116412e-24
2.1719474e+03 8.9299070e-24
2.1769559e+03 8.9482199e-24
2.1819760e+03 8.9665800e-24
2.1870076e+03 8.9849874e-24
2.1920509e+03 9.0034422e-24
2.1971058e+03 9.0219445e-24
2.2021723e+03 9.0404944e-24
2.2072505e+03 9.0590920e-24
2.2123405e+03 9.0777374e-24
2.2174421e+03 9.0964307e-24
2.2225556e+03 9.1151720e-24
2.2276808e+03 9.1339614e-24
2.2328179e+03 9.1527990e-24
2.2379668e+03 9.1716849e-24
2.2431275e+03 9.1906193e-24
2.2483002e+03 9.2096021e-24
2.2534848e+03 9.2286336e-24
2.2586814e+03 9.2477138e-24
2.2638899e+03 9.2668428e-24
2.2691104e+03 9.2860207e-24
2.2743430e+03 9.3052477e-24
2.2795877e+03 9.3245237e-24
2.2848444e+03 9.3438491e-24
2.2901133e+03 9.3632238e-24
2.2953943e+03 9.3826479e-24
2.3006875e+03 9.4021216e-24
2.3059929e+03 9.4216449e-24
2.3113105e+03 9.4412180e-24
2.3166404e+03 9.4608410e-24
2.3219826e+03 9.4805140e-24
2.3273371e+03 9.5002370e-24
2.3327040e+03 9.5200102e-24
2.3380832e+03 9.5398338e-24
2.3434749e+03 9.5597077e-24
2.3488789e+03 9.5796321e-24
2.3542955e+03 9.5996072e-24
2.3597245e+03 9.6196330e-24
2.3651660e+03 9.6397096e-24
2.3706201e+03 9.6598372e-24
2.3760868e+03 9.6800158e-24
2.3815661e+03 9.7002456e-24
2.3870580e+03 9.7205267e-24
2.3925626e+03 9.7408591e-24
2.3980798e+03 9.7612430e-24
2.4036098e+03 9.7816786e-24
2.4091526e+03 9.8021658e-24
2.4147081e+03 9.8227049e-24
2.4202764e+03 9.8432959e-24
2.4258576e+03 9.8639389e-24
2.4314516e+03 9.8846341e-24
2.4370586e+03 9.9053816e-24
2.4426785e+03 9.9261814e-24
2.4483113e+03 9.9470338e-24
2.4539571e+03 9.9679388e-24
2.4596160e+03 9.9888966e-24
2.4652879e+03 1.0009907e-23
2.4709728e+03 1.0030972e-23
2.4766709e+03 1.0052094e-23
2.4823821e+03 1.0075552e-23
2.4881065e+03 1.0094485e-23
2.4938441e+03 1.0115757e-23
2.4995949e+03 1.0137086e-23
2.5053590e+03 1.0158469e-23
2.5111364e+03 1.0179906e-23
2.5169271e+03 1.0201397e-23
2.5227312e+03 1.0222942e-23
2.5285486e+03 1.0244541e-23
2.5343794e+03 1.0266194e-23
2.5402237e+03 1.0287902e-23
2.5460815e+03 1.0309664e-23
2.5519528e+03 1.0331480e-23
2.5578376e+03 1.0353352e-23
2.5637360e+03 1.0375278e-23
2.5696480e+03 1.0397259e-23
2.5755736e+03 1.0419295e-23
2.5815129e+03 1.0441386e-23
2.5874659e+03 1.0463532e-23
2.5934326e+03 1.0485734e-23
2.5994131e+03 1.0507991e-23
2.6054074e+03 1.0530304e-23
2.6114155e+03 1.0552673e-23
2.6174374e+03 1.0575097e-23
2.6234732e+03 1.0597578e-23
2.6295230e+03 1.0620114e-23
2.6355867e+03 1.0642707e-23
2.6416644e+03 1.0665356e-23
2.6477561e+03 1.0688062e-23
2.6538618e+03 1.0710824e-23
2.6599816e+03 1.0733643e-23
2.6661156e+03 1.0756518e-23
2.6722637e+03 1.0779451e-23
2.6784259e+03 1.0802441e-23
2.6846024e+03 1.0825488e-23
2.6907931e+03 1.0848592e-23
2.6969981e+03 1.0871753e-23
2.7032174e+03 1.0894973e-23
2.7094510e+03 1.0918250e-23
2.7156991e+03 1.0941584e-23
2.7219615e+03 1.0964977e-23
2.7282383e+03 1.0988428e-23
2.7345297e+03 1.1011937e-23
2.7408355e+03 1.1035504e-23
2.7471559e+03 1.1059130e-23
2.7534909e+03 1.1082814e-23
2.7598405e+03 1.1106557e-23
2.7662047e+03 1.1130359e-23
2.7725836e+03 1.1154220e-23
2.7789772e+03 1.1178140e-23
2.7853855e+03 1.1202119e-23
2.7918086e+03 1.1226157e-23
2.7982465e+03 1.1250255e-23
2.8046993e+03 1.1274413e-23
2.8111670e+03 1.1298630e-23
2.8176496e+03 1.1322907e-23
2.8241471e+03 1.1347244e-23
2.8306596e+03 1.1371641e-23
2.8371871e+03 1.1396099e-23
2.8437297e+03 1.1420616e-23
2.8502873e+03 1.1445195e-23
2.8568601e+03 1.1469834e-23
2.8634481e+03 1.1494533e-23
2.8700512e+03 1.1519294e-23
2.8766696e+03 1.1544116e-23
2.8833032e+03 1.1568998e-23
2.8899521e+03 1.1593942e-23
2.8966164e+03 1.1618948e-23
2.9032960e+03 1.1644015e-23
2.9099910e+03 1.1669144e-23
2.9167015e+03 1.1694335e-23
2.9234274e+03 1.1719587e-23
2.9301688e+03 1.1744902e-23
2.9369258e+03 1.1770279e-23
2.9436984e+03 1.1795718e-23
2.9504866e+03 1.1821220e-23
2.9572904e+03 1.1846785e-23
2.9641100e+03 1.1872412e-23
2.9709452e+03 1.1898104e-23
2.9777963e+03 1.1924146e-23
2.9846631e+03 1.1949675e-23
2.9915457e+03 1.1975552e-23
2.9984443e+03 1.2001495e-23
3.0053587e+03 1.2027502e-23
3.0122891e+03 1.2053572e-23
3.0192354e+03 1.2079707e-23
3.0261978e+03 1.2105905e-23
3.0331763e+03 1.2132168e-23
3.0401708e+03 1.2158495e-23
3.0471814e+03 1.2184887e-23
3.0542083e+03 1.2211343e-23
3.0612513e+03 1.2237863e-23
3.0683106e+03 1.2264449e-23
3.0753861e+03 1.2291100e-23
3.0824780e+03 1.2317816e-23
3.0895862e+03 1.2344597e-23
3.0967108e+03 1.2371443e-23
3.1038518e+03 1.2398356e-23
3.1110093e+03 1.2425333e-23
3.1181833e+03 1.2452377e-23
3.1253739e+03 1.2479487e-23
3.1325810e+03 1.2506663e-23
3.1398048e+03 1.2533905e-23
3.1470452e+03 1.2561214e-23
3.1543023e+03 1.2588589e-23
3.1615762e+03 1.2616031e-23
3.1688668e+03 1.2643540e-23
3.1761742e+03 1.2671116e-23
3.1834985e+03 1.2698759e-23
3.1908397e+03 1.2726470e-23
3.1981978e+03 1.2754248e-23
3.2055728e+03 1.2782093e-23
3.2129649e+03 1.2810006e-23
3.2203740e+03 1.2837988e-23
3.2278002e+03 1.2866037e-23
3.2352436e+03 1.2894155e-23
3.2427041e+03 1.2922341e-23
3.2501818e+03 1.2950595e-23
3.2576767e+03 1.2978918e-23
3.2651889e+03 1.3007310e-23
3.2727185e+03 1.3035771e-23
3.2802654e+03 1.3064301e-23
3.2878297e+03 1.3092900e-23
3.2954115e+03 1.3121569e-23
3.3030107e+03 1.3150308e-23
3.3106275e+03 1.3179116e-23
3.3182618e+03 1.3207994e-23
3.3259138e+03 1.3236942e-23
3.3335833e+03 1.3265960e-23
3.3412706e+03 1.3295048e-23
3.3489756e+03 1.3324207e-23
3.3566984e+03 1.3353437e-23
3.3644389e+03 1.3382738e-23
3.3721974e+03 1.3412109e-23
3.3799737e+03 1.3441552e-23
3.3877679e+03 1.3471066e-23
3.3955801e+03 1.3500651e-23
3.4034104e+03 1.3530308e-23
3.4112587e+03 1.3560037e-23
3.4191251e+03 1.3589838e-23
3.4270096e+03 1.3619710e-23
3.4349123e+03 1.3649655e-23
3.4428332e+03 1.3679673e-23
3.4507724e+03 1.3709763e-23
3.4587299e+03 1.3739925e-23
3.4667058e+03 1.3770162e-23
3.4747000e+03 1.3850147e-23
3.4827127e+03 1.3830852e-23
3.4907439e+03 1.3861306e-23
3.4987936e+03 1.3891835e-23
3.5068618e+03 1.3922437e-23
3.5149487e+03 1.3953113e-23
3.5230542e+03 1.3983863e-23
3.5311784e+03 1.4014688e-23
3.5393213e+03 1.4045586e-23
3.5474830e+03 1.4076560e-23
3.5556635e+03 1.4107607e-23
3.5638629e+03 1.4138730e-23
3.5720812e+03 1.4169928e-23
3.5803184e+03 1.4201201e-23
3.5885747e+03 1.4232549e-23
3.5968500e+03 1.4263972e-23
3.6051443e+03 1.4295472e-23
3.6134578e+03 1.4327047e-23
3.6217905e+03 1.4358698e-23
3.6301424e+03 1.4390425e-23
3.6385135e+03 1.4422229e-23
3.6469039e+03 1.4454109e-23
3.6553137e+03 1.4486066e-23
3.6637429e+03 1.4518100e-23
3.6721915e+03 1.4550210e-23
3.6806596e+03 1.4582398e-23
3.6891472e+03 1.4614663e-23
3.6976544e+03 1.4647006e-23
3.7061813e+03 1.4679427e-23
3.7147277e+03 1.4711925e-23
3.7232939e+03 1.4744501e-23
3.7318799e+03 1.4777156e-23
3.7404856e+03 1.4809889e-23
3.7491112e+03 1.4842700e-23
3.7577567e+03 1.4875591e-23
3.7664221e+03 1.4908560e-23
3.7751075e+03 1.4941608e-23
3.7838129e+03 1.4974736e-23
3.7925384e+03 1.5007943e-23
3.8012841e+03 1.5041229e-23
3.8100498e+03 1.5074596e-23
3.8188359e+03 1.5108042e-23
3.8276421e+03 1.5141569e-23
3.8364687e+03 1.5175176e-23
3.8453156e+03 1.5208863e-23
3.8541829e+03 1.5242631e-23
3.8630707e+03 1.5276480e-23
3.8719790e+03 1.5310410e-23
3.8809078e+03 1.5344421e-23
3.8898572e+03 1.5378514e-23
3.8988272e+03 1.5412688e-23
3.9078180e+03 1.5446944e-23
3.9168294e+03 1.5481282e-23
3.9258617e+03 1.5515702e-23
3.9349147e+03 1.5550205e-23
3.9439887e+03 1.5584789e-23
3.9530835e+03 1.5619457e-23
3.9621994e+03 1.5654208e-23
3.9713362e+03 1.5689383e-23
3.9804942e+03 1.5723958e-23
3.9896732e+03 1.5758958e-23
3.9988734e+03 1.5794042e-23
4.0080949e+03 1.5829209e-23
4.0173376e+03 1.5864461e-23
4.0266016e+03 1.5899796e-23
4.0358870e+03 1.5935217e-23
4.0451937e+03 1.5970721e-23
4.0545220e+03 1.6006311e-23
4.0638718e+03 1.6041985e-23
4.0732431e+03 1.6077744e-23
4.0826360e+03 1.6113589e-23
4.0920506e+03 1.6149519e-23
4.1014869e+03 1.6185535e-23
4.1109450e+03 1.6221637e-23
4.1204248e+03 1.6257825e-23
4.1299266e+03 1.6294099e-23
4.1394502e+03 1.6330459e-23
4.1489958e+03 1.6366906e-23
4.1585634e+03 1.6403440e-23
4.1681531e+03 1.6440061e-23
4.1777649e+03 1.6476770e-23
4.1873988e+03 1.6513565e-23
4.1970550e+03 1.6550449e-23
4.2067335e+03 1.6587420e-23
4.2164342e+03 1.6624479e-23
4.2261574e+03 1.6661626e-23
4.2359029e+03 1.6698862e-23
4.2456709e+03 1.6736187e-23
4.2554615e+03 1.6773600e-23
4.2652746e+03 1.6811102e-23
4.2751104e+03 1.6848693e-23
4.2849688e+03 1.6886374e-23
4.2948500e+03 1.6924145e-23
4.3047539e+03 1.6962005e-23
4.3146807e+03 1.6999955e-23
4.3246304e+03 1.7037995e-23
4.3346030e+03 1.7076126e-23
4.3445987e+03 1.7114347e-23
4.3546173e+03 1.7152660e-23
4.3646591e+03 1.7191063e-23
4.3747241e+03 1.7229557e-23
4.3848122e+03 1.7268143e-23
4.3949236e+03 1.7306821e-23
4.4050583e+03 1.7345590e-23
4.4152164e+03 1.7384451e-23
4.4253980e+03 1.7423405e-23
4.4356030e+03 1.7462451e-23
4.4458315e+03 1.7501590e-23
4.4560836e+03 1.7540821e-23
4.4663594e+03 1.7580173e-23
4.4766588e+03 1.7619564e-23
4.4869821e+03 1.7659075e-23
4.4973291e+03 1.7698680e-23
4.5076999e+03 1.7738379e-23
4.5180947e+03 1.7778172e-23
4.5285135e+03 1.7818060e-23
4.5389563e+03 1.7858042e-23
4.5494231e+03 1.7898119e-23
4.5599142e+03 1.7938290e-23
4.5704294e+03 1.7978557e-23
4.5809688e+03 1.8018920e-23
4.5915325e+03 1.8059378e-23
4.6021207e+03 1.8099931e-23
4.6127332e+03 1.8140581e-23
4.6233702e+03 1.8181327e-23
4.6340317e+03 1.8222170e-23
4.6447178e+03 1.8263109e-23
4.6554286e+03 1.8304145e-23
4.6661640e+03 1.8345279e-23
4.6769242e+03 1.8386509e-23
4.6877093e+03 1.8427837e-23
4.6985192e+03 1.8469263e-23
4.7093540e+03 1.8510787e-23
4.7202138e+03 1.8552410e-23
4.7310986e+03 1.8594130e-23
4.7420086e+03 1.8635950e-23
4.7529437e+03 1.8677868e-23
4.7639040e+03 1.8719885e-23
4.7748896e+03 1.8762002e-23
4.7859005e+03 1.8804218e-23
4.7969369e+03 1.8846534e-23
4.8079986e+03 1.8888950e-23
4.8190859e+03 1.8931466e-23
4.8301988e+03 1.8974083e-23
4.8413372e+03 1.9016800e-23
4.8525014e+03 1.9059618e-23
4.8636913e+03 1.9102538e-23
4.8749070e+03 1.9145559e-23
4.8861486e+03 1.9188681e-23
4.8974161e+03 1.9231905e-23
4.9087096e+03 1.9275231e-23
4.9200291e+03 1.9318660e-23
4.9313747e+03 1.9362191e-23
4.9427465e+03 1.9405825e-23
4.9541445e+03 1.9449562e-23
4.9655688e+03 1.9493405e-23
4.9770194e+03 1.9537345e-23
4.9884965e+03 1.9581392e-23
5.0000000e+03 1.9625543e-23
