3.0000000e+00 1.3986078e-17
3.0081254e+00 1.3742824e-17
3.0162728e+00 1.3506440e-17
3.0244423e+00 1.3276887e-17
3.0326340e+00 1.3054056e-17
3.0408478e+00 1.2837375e-17
3.0490838e+00 1.2626739e-17
3.0573422e+00 1.2422159e-17
3.0656229e+00 1.2223644e-17
3.0739260e+00 1.2030931e-17
3.0822517e+00 1.1843531e-17
3.0905999e+00 1.1661494e-17
3.0989707e+00 1.1484876e-17
3.1073642e+00 1.1313716e-17
3.1157804e+00 1.1147475e-17
3.1242194e+00 1.0985959e-17
3.1326812e+00 1.0829281e-17
3.1411660e+00 1.0677549e-17
3.1496738e+00 1.0530696e-17
3.1582046e+00 1.0388066e-17
3.1667585e+00 1.0249730e-17
3.1753356e+00 1.0115859e-17
3.1839359e+00 9.9866157e-18
3.1925595e+00 9.8616099e-18
3.2012064e+00 9.7403691e-18
3.2098768e+00 9.6231351e-18
3.2185707e+00 9.5101446e-18
3.2272881e+00 9.4015512e-18
3.2360291e+00 9.2965206e-18
3.2447938e+00 9.1950281e-18
3.2535822e+00 9.0974061e-18
3.2623945e+00 9.0039799e-18
3.2712306e+00 8.9146100e-18
3.2800906e+00 8.8283283e-18
3.2889747e+00 8.7455093e-18
3.2978828e+00 8.6666112e-18
3.3068150e+00 8.5920795e-18
3.3157714e+00 8.5209473e-18
3.3247521e+00 8.4527375e-18
3.3337571e+00 8.3881139e-18
3.3427865e+00 8.3277330e-18
3.3518403e+00 8.2718820e-18
3.3609187e+00 8.2186030e-18
3.3700216e+00 8.1683451e-18
3.3791492e+00 8.1221337e-18
3.3883016e+00 8.0809921e-18
3.3974787e+00 8.0438890e-18
3.4066807e+00 8.0084324e-18
3.4159076e+00 7.9764676e-18
3.4251595e+00 7.9499442e-18
3.4344364e+00 7.9306386e-18
3.4437385e+00 7.9142290e-18
3.4530657e+00 7.8994386e-18
3.4624183e+00 7.8880172e-18
3.4717961e+00 7.8817362e-18
3.4811994e+00 7.8819820e-18
3.4906281e+00 7.8874864e-18
3.5000824e+00 7.8969716e-18
3.5095623e+00 7.9092801e-18
3.5190678e+00 7.9232315e-18
3.5285991e+00 7.9424082e-18
3.5381562e+00 7.9705981e-18
3.5477392e+00 8.0053442e-18
3.5573482e+00 8.0441108e-18
3.5669832e+00 8.0847997e-18
3.5766443e+00 8.1319504e-18
3.5863315e+00 8.1857515e-18
3.5960450e+00 8.2441864e-18
3.6057848e+00 8.3051528e-18
3.6155509e+00 8.3688908e-18
3.6253435e+00 8.4393753e-18
3.6351627e+00 8.5131653e-18
3.6450084e+00 8.5861684e-18
3.6548808e+00 8.6541785e-18
3.6647800e+00 8.7277633e-18
3.6747059e+00 8.8064191e-18
3.6846588e+00 8.8751617e-18
3.6946386e+00 8.9183177e-18
3.7046454e+00 8.9246946e-18
3.7146793e+00 8.9190284e-18
3.7247404e+00 8.9078855e-18
3.7348288e+00 8.8917589e-18
3.7449445e+00 8.8711556e-18
3.7550875e+00 8.8170121e-18
3.7652581e+00 8.6886948e-18
3.7754562e+00 8.5098836e-18
3.7856819e+00 8.3052938e-18
3.7959353e+00 8.0965008e-18
3.8062165e+00 7.8666560e-18
3.8165255e+00 7.5573665e-18
3.8268625e+00 7.2437097e-18
3.8372274e+00 6.9267315e-18
3.8476205e+00 6.6149638e-18
3.8580416e+00 6.2890673e-18
3.8684910e+00 5.9582936e-18
3.8789687e+00 5.6339083e-18
3.8894748e+00 5.3252049e-18
3.9000094e+00 5.0302229e-18
3.9105724e+00 4.7433866e-18
3.9211641e+00 4.4686905e-18
3.9317845e+00 4.2092954e-18
3.9424336e+00 3.9671982e-18
3.9531116e+00 3.7387796e-18
3.9638185e+00 3.5231330e-18
3.9745544e+00 3.3206258e-18
3.9853193e+00 3.1314348e-18
3.9961134e+00 2.9550216e-18
4.0069368e+00 2.7895971e-18
4.0177895e+00 2.6346226e-18
4.0286716e+00 2.4896389e-18
4.0395831e+00 2.3541852e-18
4.0505242e+00 2.2274764e-18
4.0614949e+00 2.1087549e-18
4.0724954e+00 1.9974994e-18
4.0835256e+00 1.8932237e-18
4.0945857e+00 1.7954662e-18
4.1056758e+00 1.7037334e-18
4.1167959e+00 1.6175834e-18
4.1279461e+00 1.5366173e-18
4.1391266e+00 1.4604675e-18
4.1503373e+00 1.3888110e-18
4.1615784e+00 1.3213532e-18
4.1728499e+00 1.2577914e-18
4.1841519e+00 1.1978467e-18
4.1954846e+00 1.1412642e-18
4.2068479e+00 1.0878490e-18
4.2182421e+00 1.0373964e-18
4.2296671e+00 9.8969883e-19
4.2411230e+00 9.4456526e-19
4.2526100e+00 9.0182930e-19
4.2641280e+00 8.6136783e-19
4.2756773e+00 8.2303147e-19
4.2872579e+00 7.8667786e-19
4.2988698e+00 7.5217539e-19
4.3105132e+00 7.1942268e-19
4.3221881e+00 6.8832815e-19
4.3338946e+00 6.5878515e-19
4.3456328e+00 6.3069471e-19
4.3574028e+00 6.0396700e-19
4.3692047e+00 5.7854002e-19
4.3810386e+00 5.5434005e-19
4.3929045e+00 5.3129201e-19
4.4048026e+00 5.0932598e-19
4.4167329e+00 4.8838318e-19
4.4286955e+00 4.6841923e-19
4.4406905e+00 4.4937744e-19
4.4527180e+00 4.3120406e-19
4.4647780e+00 4.1384899e-19
4.4768708e+00 3.9727574e-19
4.4889962e+00 3.8144706e-19
4.5011546e+00 3.6632117e-19
4.5133458e+00 3.5185897e-19
4.5255701e+00 3.3802533e-19
4.5378275e+00 3.2479567e-19
4.5501180e+00 3.1213905e-19
4.5624419e+00 3.0002473e-19
4.5747992e+00 2.8842381e-19
4.5871899e+00 2.7731279e-19
4.5996142e+00 2.6667210e-19
4.6120721e+00 2.5647745e-19
4.6245638e+00 2.4670587e-19
4.6370893e+00 2.3733594e-19
4.6496487e+00 2.2835232e-19
4.6622421e+00 2.1973778e-19
4.6748697e+00 2.1147390e-19
4.6875314e+00 2.0354331e-19
4.7002275e+00 1.9593068e-19
4.7129579e+00 1.8862465e-19
4.7257228e+00 1.8161079e-19
4.7385223e+00 1.7487507e-19
4.7513565e+00 1.6840421e-19
4.7642254e+00 1.6218773e-19
4.7771292e+00 1.5621587e-19
4.7900679e+00 1.5047720e-19
4.8030417e+00 1.4496089e-19
4.8160506e+00 1.3965688e-19
4.8290947e+00 1.3455787e-19
4.8421742e+00 1.2965519e-19
4.8552891e+00 1.2493995e-19
4.8684395e+00 1.2040373e-19
4.8816255e+00 1.1603922e-19
4.8948473e+00 1.1184054e-19
4.9081048e+00 1.0780047e-19
4.9213983e+00 1.0391204e-19
4.9347278e+00 1.0016867e-19
4.9480933e+00 9.6565214e-20
4.9614951e+00 9.3096412e-20
4.9749332e+00 8.9756493e-20
4.9884076e+00 8.6539963e-20
5.0019186e+00 8.3441776e-20
5.0154662e+00 8.0458049e-20
5.0290504e+00 7.7584177e-20
5.0426715e+00 7.4815582e-20
5.0563294e+00 7.2147901e-20
5.0700243e+00 6.9577392e-20
5.0837563e+00 6.7100754e-20
5.0975256e+00 6.4714169e-20
5.1113321e+00 6.2413979e-20
5.1251760e+00 6.0196719e-20
5.1390574e+00 5.8059627e-20
5.1529764e+00 5.5999737e-20
5.1669331e+00 5.4013976e-20
5.1809275e+00 5.2099406e-20
5.1949599e+00 5.0253337e-20
5.2090304e+00 4.8473538e-20
5.2231389e+00 4.6757464e-20
5.2372856e+00 4.5102636e-20
5.2514706e+00 4.3506682e-20
5.2656941e+00 4.1967553e-20
5.2799561e+00 4.0483296e-20
5.2942567e+00 3.9051815e-20
5.3085960e+00 3.7671098e-20
5.3229742e+00 3.6339240e-20
5.3373914e+00 3.5054633e-20
5.3518475e+00 3.3815562e-20
5.3663429e+00 3.2620321e-20
5.3808775e+00 3.1467271e-20
5.3954514e+00 3.0354904e-20
5.4100648e+00 2.9281865e-20
5.4247179e+00 2.8246708e-20
5.4394106e+00 2.7248039e-20
5.4541430e+00 2.6284518e-20
5.4689154e+00 2.5354947e-20
5.4837278e+00 2.4458148e-20
5.4985804e+00 2.3592929e-20
5.5134731e+00 2.2758145e-20
5.5284062e+00 2.1952705e-20
5.5433797e+00 2.1175621e-20
5.5583938e+00 2.0425888e-20
5.5734486e+00 1.9702523e-20
5.5885441e+00 1.9004585e-20
5.6036805e+00 1.8331183e-20
5.6188580e+00 1.7681477e-20
5.6340765e+00 1.7054629e-20
5.6493362e+00 1.6449827e-20
5.6646373e+00 1.5866292e-20
5.6799798e+00 1.5303288e-20
5.6953639e+00 1.4760101e-20
5.7107896e+00 1.4236035e-20
5.7262571e+00 1.3730418e-20
5.7417665e+00 1.3242604e-20
5.7573179e+00 1.2771973e-20
5.7729115e+00 1.2317927e-20
5.7885472e+00 1.1879887e-20
5.8042254e+00 1.1457296e-20
5.8199460e+00 1.1049610e-20
5.8357091e+00 1.0656309e-20
5.8515150e+00 1.0276895e-20
5.8673636e+00 9.9108856e-21
5.8832552e+00 9.5578149e-21
5.8991899e+00 9.2172229e-21
5.9151677e+00 8.8886763e-21
5.9311887e+00 8.5717595e-21
5.9472532e+00 8.2660710e-21
5.9633612e+00 7.9712165e-21
5.9795127e+00 7.6868087e-21
5.9957081e+00 7.4124881e-21
6.0119473e+00 7.1479078e-21
6.0282305e+00 6.8927321e-21
6.0445578e+00 6.6466223e-21
6.0609293e+00 6.4092591e-21
6.0773452e+00 6.1803425e-21
6.0938055e+00 5.9595826e-21
6.1103104e+00 5.7466956e-21
6.1268600e+00 5.5413931e-21
6.1434544e+00 5.3434127e-21
6.1600938e+00 5.1525038e-21
6.1767782e+00 4.9684239e-21
6.1935079e+00 4.7909287e-21
6.2102828e+00 4.6197785e-21
6.2271032e+00 4.4547567e-21
6.2439691e+00 4.2956534e-21
6.2608808e+00 4.1422648e-21
6.2778382e+00 3.9943788e-21
6.2948415e+00 3.8518015e-21
6.3118909e+00 3.7143517e-21
6.3289865e+00 3.5818538e-21
6.3461284e+00 3.4541336e-21
6.3633167e+00 3.3310118e-21
6.3805516e+00 3.2123304e-21
6.3978331e+00 3.0979377e-21
6.4151615e+00 2.9876873e-21
6.4325368e+00 2.8814264e-21
6.4499591e+00 2.7790094e-21
6.4674286e+00 2.6803057e-21
6.4849455e+00 2.5851885e-21
6.5025098e+00 2.4935337e-21
6.5201217e+00 2.4052092e-21
6.5377812e+00 2.3200985e-21
6.5554886e+00 2.2380924e-21
6.5732440e+00 2.1590853e-21
6.5910474e+00 2.0829696e-21
6.6088991e+00 2.0096352e-21
6.6267991e+00 1.9389878e-21
6.6447476e+00 1.8709363e-21
6.6627447e+00 1.8053924e-21
6.6807906e+00 1.7422608e-21
6.6988853e+00 1.6814544e-21
6.7170291e+00 1.6228948e-21
6.7352220e+00 1.5665064e-21
6.7534641e+00 1.5122138e-21
6.7717557e+00 1.4599350e-21
6.7900968e+00 1.4096011e-21
6.8084876e+00 1.3611471e-21
6.8269282e+00 1.3145101e-21
6.8454188e+00 1.2696233e-21
6.8639594e+00 1.2264205e-21
6.8825502e+00 1.1848459e-21
6.9011914e+00 1.1448455e-21
6.9198831e+00 1.1063666e-21
6.9386254e+00 1.0693497e-21
6.9574185e+00 1.0337435e-21
6.9762625e+00 9.9950204e-22
6.9951575e+00 9.6658050e-22
7.0141037e+00 9.3493303e-22
7.0331012e+00 9.0450958e-22
7.0521501e+00 8.7527001e-22
7.0712507e+00 8.4717615e-22
7.0904030e+00 8.2019092e-22
7.1096071e+00 7.9427280e-22
7.1288633e+00 7.6938272e-22
7.1481716e+00 7.4548813e-22
7.1675323e+00 7.2255742e-22
7.1869453e+00 7.0055909e-22
7.2064110e+00 6.7945639e-22
7.2259293e+00 6.5921974e-22
7.2455006e+00 6.3982218e-22
7.2651248e+00 6.2123750e-22
7.2848022e+00 6.0343761e-22
7.3045329e+00 5.8639244e-22
7.3243170e+00 5.7007879e-22
7.3441547e+00 5.5447427e-22
7.3640461e+00 5.3955703e-22
7.3839915e+00 5.2530112e-22
7.4039908e+00 5.1168398e-22
7.4240443e+00 4.9868647e-22
7.4441521e+00 4.8628998e-22
7.4643144e+00 4.7447545e-22
7.4845313e+00 4.6322051e-22
7.5048029e+00 4.5250806e-22
7.5251295e+00 4.4232220e-22
7.5455111e+00 4.3264744e-22
7.5659479e+00 4.2346642e-22
7.5864400e+00 4.1476166e-22
7.6069877e+00 4.0651964e-22
7.6275910e+00 3.9872722e-22
7.6482501e+00 3.9137149e-22
7.6689652e+00 3.8443699e-22
7.6897364e+00 3.7791113e-22
7.7105638e+00 3.7178304e-22
7.7314477e+00 3.6604222e-22
7.7523881e+00 3.6067781e-22
7.7733852e+00 3.5567777e-22
7.7944392e+00 3.5103323e-22
7.8155502e+00 3.4673601e-22
7.8367184e+00 3.4277844e-22
7.8579440e+00 3.3915190e-22
7.8792270e+00 3.3584878e-22
7.9005677e+00 3.3286347e-22
7.9219661e+00 3.3019100e-22
7.9434226e+00 3.2782687e-22
7.9649371e+00 3.2576602e-22
7.9865099e+00 3.2400551e-22
8.0081412e+00 3.2254360e-22
8.0298310e+00 3.2137942e-22
8.0515796e+00 3.2051263e-22
8.0733870e+00 3.1994347e-22
8.0952536e+00 3.1967435e-22
8.1171794e+00 3.1970891e-22
8.1391645e+00 3.2005212e-22
8.1612092e+00 3.2070983e-22
8.1833136e+00 3.2168987e-22
8.2054779e+00 3.2300221e-22
8.2277022e+00 3.2465882e-22
8.2499867e+00 3.2667382e-22
8.2723316e+00 3.2906352e-22
8.2947370e+00 3.3184745e-22
8.3172030e+00 3.3504845e-22
8.3397299e+00 3.3869302e-22
8.3623179e+00 3.4281177e-22
8.3849670e+00 3.4744016e-22
8.4076774e+00 3.5261949e-22
8.4304494e+00 3.5839770e-22
8.4532830e+00 3.6483055e-22
8.4761785e+00 3.7198294e-22
8.4991360e+00 3.7993091e-22
8.5221557e+00 3.8876377e-22
8.5452377e+00 3.9858696e-22
8.5683822e+00 4.0952557e-22
8.5915895e+00 4.2172897e-22
8.6148595e+00 4.3537674e-22
8.6381926e+00 4.5068654e-22
8.6615889e+00 4.6792450e-22
8.6850486e+00 4.8741930e-22
8.7085718e+00 5.0958133e-22
8.7321588e+00 5.3492966e-22
8.7558096e+00 5.6413015e-22
8.7795244e+00 5.9805116e-22
8.8033035e+00 6.3784643e-22
8.8271470e+00 6.8508252e-22
8.8510551e+00 7.4194124e-22
8.8750280e+00 8.1155418e-22
8.8990657e+00 8.9858228e-22
8.9231686e+00 1.0102787e-21
8.9473368e+00 1.1585812e-21
8.9715704e+00 1.3646220e-21
8.9958696e+00 1.6696897e-21
9.0202347e+00 2.1667846e-21
9.0446657e+00 3.1184766e-21
9.0691630e+00 5.6671131e-21
9.0937265e+00 3.4532221e-20
9.1183566e+00 8.2145579e-21
9.1430535e+00 3.6294521e-21
9.1678172e+00 2.3132041e-21
9.1926479e+00 1.6893264e-21
9.2175460e+00 1.3256354e-21
9.2425114e+00 1.0876868e-21
9.2675445e+00 9.2004934e-22
9.2926454e+00 7.9569528e-22
9.3178143e+00 6.9987358e-22
9.3430513e+00 6.2385012e-22
9.3683567e+00 5.6212377e-22
9.3937307e+00 5.1105713e-22
9.4191733e+00 4.6814888e-22
9.4446849e+00 4.3162231e-22
9.4702656e+00 4.0018068e-22
9.4959155e+00 3.7285539e-22
9.5216349e+00 3.4890828e-22
9.5474240e+00 3.2776699e-22
9.5732829e+00 3.0898085e-22
9.5992119e+00 2.9219023e-22
9.6252111e+00 2.7710457e-22
9.6512807e+00 2.6348662e-22
9.6774210e+00 2.5114068e-22
9.7036320e+00 2.3990397e-22
9.7299140e+00 2.2963996e-22
9.7562672e+00 2.2023325e-22
9.7826918e+00 2.1158567e-22
9.8091879e+00 2.0361318e-22
9.8357559e+00 1.9624343e-22
9.8623957e+00 1.8941381e-22
9.8891077e+00 1.8306981e-22
9.9158921e+00 1.7716385e-22
9.9427490e+00 1.7165411e-22
9.9696787e+00 1.6650377e-22
9.9966813e+00 1.6168029e-22
1.0023757e+01 1.5715479e-22
1.0050906e+01 1.5290158e-22
1.0078129e+01 1.4889769e-22
1.0105425e+01 1.4512251e-22
1.0132795e+01 1.4155756e-22
1.0160240e+01 1.3818618e-22
1.0187758e+01 1.3499335e-22
1.0215352e+01 1.3196548e-22
1.0243020e+01 1.2909025e-22
1.0270763e+01 1.2635646e-22
1.0298581e+01 1.2375392e-22
1.0326474e+01 1.2127335e-22
1.0354443e+01 1.1890626e-22
1.0382488e+01 1.1664490e-22
1.0410608e+01 1.1448216e-22
1.0438805e+01 1.1241152e-22
1.0467079e+01 1.1042698e-22
1.0495428e+01 1.0852304e-22
1.0523855e+01 1.0669462e-22
1.0552358e+01 1.0493703e-22
1.0580939e+01 1.0324595e-22
1.0609597e+01 1.0161737e-22
1.0638333e+01 1.0004762e-22
1.0667147e+01 9.8533252e-23
1.0696039e+01 9.7071095e-23
1.0725008e+01 9.5658199e-23
1.0754057e+01 9.4291829e-23
1.0783184e+01 9.2969437e-23
1.0812390e+01 9.1688653e-23
1.0841675e+01 9.0447268e-23
1.0871039e+01 8.9243227e-23
1.0900483e+01 8.8074612e-23
1.0930007e+01 8.6939629e-23
1.0959610e+01 8.5836606e-23
1.0989294e+01 8.4763976e-23
1.1019058e+01 8.3720275e-23
1.1048903e+01 8.2704134e-23
1.1078829e+01 8.1714267e-23
1.1108836e+01 8.0749469e-23
1.1138924e+01 7.9808610e-23
1.1169093e+01 7.8890630e-23
1.1199344e+01 7.7994531e-23
1.1229677e+01 7.7119377e-23
1.1260093e+01 7.6264284e-23
1.1290590e+01 7.5428423e-23
1.1321171e+01 7.4611012e-23
1.1351834e+01 7.3811315e-23
1.1382580e+01 7.3028635e-23
1.1413409e+01 7.2262316e-23
1.1444322e+01 7.1511738e-23
1.1475319e+01 7.0776315e-23
1.1506399e+01 7.0055494e-23
1.1537564e+01 6.9348750e-23
1.1568813e+01 6.8655585e-23
1.1600147e+01 6.7975530e-23
1.1631566e+01 6.7308138e-23
1.1663069e+01 6.6652984e-23
1.1694659e+01 6.6009668e-23
1.1726333e+01 6.5377807e-23
1.1758094e+01 6.4757037e-23
1.1789940e+01 6.4147012e-23
1.1821873e+01 6.3547404e-23
1.1853892e+01 6.2957897e-23
1.1885998e+01 6.2378194e-23
1.1918191e+01 6.1808008e-23
1.1950471e+01 6.1247066e-23
1.1982839e+01 6.0695108e-23
1.2015294e+01 6.0151886e-23
1.2047837e+01 5.9617160e-23
1.2080468e+01 5.9090702e-23
1.2113188e+01 5.8572295e-23
1.2145996e+01 5.8061726e-23
1.2178893e+01 5.7558797e-23
1.2211879e+01 5.7063314e-23
1.2244955e+01 5.6575090e-23
1.2278120e+01 5.6093948e-23
1.2311375e+01 5.5619716e-23
1.2344720e+01 5.5152230e-23
1.2378155e+01 5.4691329e-23
1.2411681e+01 5.4236860e-23
1.2445298e+01 5.3788677e-23
1.2479005e+01 5.3346635e-23
1.2512804e+01 5.2910598e-23
1.2546695e+01 5.2480432e-23
1.2580677e+01 5.2056009e-23
1.2614752e+01 5.1637205e-23
1.2648919e+01 5.1223899e-23
1.2683178e+01 5.0815975e-23
1.2717530e+01 5.0413320e-23
1.2751975e+01 5.0015824e-23
1.2786513e+01 4.9623383e-23
1.2821145e+01 4.9235893e-23
1.2855871e+01 4.8853254e-23
1.2890691e+01 4.8475371e-23
1.2925605e+01 4.8102148e-23
1.2960613e+01 4.7733495e-23
1.2995717e+01 4.7369323e-23
1.3030915e+01 4.7009547e-23
1.3066209e+01 4.6654081e-23
1.3101599e+01 4.6302845e-23
1.3137084e+01 4.5955759e-23
1.3172665e+01 4.5612747e-23
1.3208343e+01 4.5273732e-23
1.3244118e+01 4.4938642e-23
1.3279989e+01 4.4607406e-23
1.3315958e+01 4.4279953e-23
1.3352023e+01 4.3956217e-23
1.3388187e+01 4.3636131e-23
1.3424449e+01 4.3319630e-23
1.3460808e+01 4.3006653e-23
1.3497267e+01 4.2697136e-23
1.3533823e+01 4.2391022e-23
1.3570479e+01 4.2088251e-23
1.3607235e+01 4.1788767e-23
1.3644090e+01 4.1492514e-23
1.3681044e+01 4.1199437e-23
1.3718099e+01 4.0909483e-23
1.3755254e+01 4.0622602e-23
1.3792510e+01 4.0338741e-23
1.3829866e+01 4.0057853e-23
1.3867324e+01 3.9779887e-23
1.3904883e+01 3.9504798e-23
1.3942544e+01 3.9232539e-23
1.3980307e+01 3.8963064e-23
1.4018173e+01 3.8696331e-23
1.4056141e+01 3.8432295e-23
1.4094211e+01 3.8170914e-23
1.4132385e+01 3.7912147e-23
1.4170662e+01 3.7655955e-23
1.4209043e+01 3.7402296e-23
1.4247528e+01 3.7151134e-23
1.4286117e+01 3.6902429e-23
1.4324810e+01 3.6656145e-23
1.4363609e+01 3.6412246e-23
1.4402512e+01 3.6170696e-23
1.4441521e+01 3.5931461e-23
1.4480635e+01 3.5694507e-23
1.4519856e+01 3.5459800e-23
1.4559182e+01 3.5227308e-23
1.4598616e+01 3.4996999e-23
1.4638156e+01 3.4768842e-23
1.4677803e+01 3.4542807e-23
1.4717557e+01 3.4318863e-23
1.4757419e+01 3.4096981e-23
1.4797389e+01 3.3877133e-23
1.4837467e+01 3.3659290e-23
1.4877654e+01 3.3443425e-23
1.4917950e+01 3.3229511e-23
1.4958355e+01 3.3017522e-23
1.4998869e+01 3.2807430e-23
1.5039493e+01 3.2599212e-23
1.5080227e+01 3.2392842e-23
1.5121072e+01 3.2188296e-23
1.5162027e+01 3.1985549e-23
1.5203093e+01 3.1784579e-23
1.5244270e+01 3.1585363e-23
1.5285558e+01 3.1387877e-23
1.5326959e+01 3.1192100e-23
1.5368472e+01 3.0998010e-23
1.5410097e+01 3.0805585e-23
1.5451834e+01 3.0614806e-23
1.5493685e+01 3.0425650e-23
1.5535650e+01 3.0238100e-23
1.5577727e+01 3.0052133e-23
1.5619919e+01 2.9867732e-23
1.5662225e+01 2.9684877e-23
1.5704646e+01 2.9503550e-23
1.5747182e+01 2.9323732e-23
1.5789833e+01 2.9145406e-23
1.5832599e+01 2.8968553e-23
1.5875481e+01 2.8793157e-23
1.5918479e+01 2.8619200e-23
1.5961594e+01 2.8446666e-23
1.6004826e+01 2.8275539e-23
1.6048174e+01 2.8105801e-23
1.6091640e+01 2.7937438e-23
1.6135224e+01 2.7770435e-23
1.6178926e+01 2.7604774e-23
1.6222746e+01 2.7440443e-23
1.6266685e+01 2.7277425e-23
1.6310743e+01 2.7115707e-23
1.6354920e+01 2.6955274e-23
1.6399217e+01 2.6796113e-23
1.6443634e+01 2.6638209e-23
1.6488171e+01 2.6481549e-23
1.6532828e+01 2.6326119e-23
1.6577607e+01 2.6171908e-23
1.6622507e+01 2.6018901e-23
1.6667529e+01 2.5867086e-23
1.6712672e+01 2.5716450e-23
1.6757938e+01 2.5566982e-23
1.6803327e+01 2.5418670e-23
1.6848838e+01 2.5271501e-23
1.6894472e+01 2.5125464e-23
1.6940231e+01 2.4980547e-23
1.6986113e+01 2.4836740e-23
1.7032119e+01 2.4694030e-23
1.7078250e+01 2.4552408e-23
1.7124506e+01 2.4411862e-23
1.7170887e+01 2.4272381e-23
1.7217394e+01 2.4133956e-23
1.7264027e+01 2.3996575e-23
1.7310786e+01 2.3860230e-23
1.7357672e+01 2.3724909e-23
1.7404685e+01 2.3590604e-23
1.7451825e+01 2.3457304e-23
1.7499093e+01 2.3324999e-23
1.7546489e+01 2.3193681e-23
1.7594013e+01 2.3063340e-23
1.7641666e+01 2.2933967e-23
1.7689448e+01 2.2805553e-23
1.7737359e+01 2.2678089e-23
1.7785400e+01 2.2551567e-23
1.7833571e+01 2.2425978e-23
1.7881873e+01 2.2301312e-23
1.7930306e+01 2.2177563e-23
1.7978869e+01 2.2054721e-23
1.8027565e+01 2.1932779e-23
1.8076392e+01 2.1811728e-23
1.8125351e+01 2.1691561e-23
1.8174443e+01 2.1572269e-23
1.8223668e+01 2.1453846e-23
1.8273027e+01 2.1336283e-23
1.8322519e+01 2.1219572e-23
1.8372145e+01 2.1103707e-23
1.8421905e+01 2.0988681e-23
1.8471800e+01 2.0874485e-23
1.8521831e+01 2.0761113e-23
1.8571996e+01 2.0648557e-23
1.8622298e+01 2.0536812e-23
1.8672736e+01 2.0425869e-23
1.8723311e+01 2.0315723e-23
1.8774022e+01 2.0206366e-23
1.8824871e+01 2.0097791e-23
1.8875858e+01 1.9989994e-23
1.8926983e+01 1.9882966e-23
1.8978246e+01 1.9776701e-23
1.9029648e+01 1.9671194e-23
1.9081189e+01 1.9566438e-23
1.9132870e+01 1.9462427e-23
1.9184691e+01 1.9359155e-23
1.9236652e+01 1.9256615e-23
1.9288754e+01 1.9154803e-23
1.9340997e+01 1.9053711e-23
1.9393382e+01 1.8953335e-23
1.9445908e+01 1.8853669e-23
1.9498577e+01 1.8754706e-23
1.9551388e+01 1.8656442e-23
1.9604343e+01 1.8558871e-23
1.9657440e+01 1.8461987e-23
1.9710682e+01 1.8365785e-23
1.9764068e+01 1.8270260e-23
1.9817598e+01 1.8175406e-23
1.9871274e+01 1.8081218e-23
1.9925094e+01 1.7987691e-23
1.9979061e+01 1.7894820e-23
2.0033174e+01 1.7802600e-23
2.0087433e+01 1.7711026e-23
2.0141839e+01 1.7620093e-23
2.0196393e+01 1.7529796e-23
2.0251094e+01 1.7440130e-23
2.0305944e+01 1.7351091e-23
2.0360942e+01 1.7262673e-23
2.0416089e+01 1.7174872e-23
2.0471385e+01 1.7087684e-23
2.0526832e+01 1.7001103e-23
2.0582428e+01 1.6915125e-23
2.0638175e+01 1.6829747e-23
2.0694073e+01 1.6744962e-23
2.0750122e+01 1.6660768e-23
2.0806323e+01 1.6577159e-23
2.0862677e+01 1.6494132e-23
2.0919183e+01 1.6411681e-23
2.0975842e+01 1.6329803e-23
2.1032654e+01 1.6248494e-23
2.1089620e+01 1.6167749e-23
2.1146741e+01 1.6087564e-23
2.1204016e+01 1.6007936e-23
2.1261447e+01 1.5928860e-23
2.1319033e+01 1.5850332e-23
2.1376775e+01 1.5772349e-23
2.1434673e+01 1.5694905e-23
2.1492729e+01 1.5617999e-23
2.1550941e+01 1.5541625e-23
2.1609311e+01 1.5465780e-23
2.1667839e+01 1.5390460e-23
2.1726526e+01 1.5315661e-23
2.1785372e+01 1.5241380e-23
2.1844377e+01 1.5167613e-23
2.1903542e+01 1.5094357e-23
2.1962867e+01 1.5021607e-23
2.2022353e+01 1.4949361e-23
2.2082000e+01 1.4877614e-23
2.2141808e+01 1.4806364e-23
2.2201779e+01 1.4735606e-23
2.2261911e+01 1.4665338e-23
2.2322207e+01 1.4595556e-23
2.2382666e+01 1.4526256e-23
2.2443289e+01 1.4457435e-23
2.2504076e+01 1.4389090e-23
2.2565028e+01 1.4321218e-23
2.2626145e+01 1.4253815e-23
2.2687427e+01 1.4186879e-23
2.2748875e+01 1.4120405e-23
2.2810490e+01 1.4054391e-23
2.2872271e+01 1.3988833e-23
2.2934220e+01 1.3923729e-23
2.2996337e+01 1.3859076e-23
2.3058622e+01 1.3794869e-23
2.3121076e+01 1.3731107e-23
2.3183698e+01 1.3667787e-23
2.3246491e+01 1.3604904e-23
2.3309453e+01 1.3542457e-23
2.3372586e+01 1.3480442e-23
2.3435890e+01 1.3418856e-23
2.3499366e+01 1.3357697e-23
2.3563013e+01 1.3296962e-23
2.3626833e+01 1.3236647e-23
2.3690826e+01 1.3176750e-23
2.3754991e+01 1.3117269e-23
2.3819331e+01 1.3058200e-23
2.3883845e+01 1.2999540e-23
2.3948534e+01 1.2941287e-23
2.4013398e+01 1.2883439e-23
2.4078438e+01 1.2825992e-23
2.4143653e+01 1.2768943e-23
2.4209046e+01 1.2712291e-23
2.4274615e+01 1.2656032e-23
2.4340362e+01 1.2600165e-23
2.4406288e+01 1.2544685e-23
2.4472391e+01 1.2489591e-23
2.4538674e+01 1.2434880e-23
2.4605136e+01 1.2380550e-23
2.4671779e+01 1.2326598e-23
2.4738602e+01 1.2273022e-23
2.4805605e+01 1.2219818e-23
2.4872791e+01 1.2166986e-23
2.4940158e+01 1.2114521e-23
2.5007708e+01 1.2062422e-23
2.5075440e+01 1.2010687e-23
2.5143357e+01 1.1959313e-23
2.5211457e+01 1.1908297e-23
2.5279741e+01 1.1857637e-23
2.5348211e+01 1.1807331e-23
2.5416866e+01 1.1757377e-23
2.5485706e+01 1.1707772e-23
2.5554734e+01 1.1658515e-23
2.5623948e+01 1.1609601e-23
2.5693350e+01 1.1561031e-23
2.5762939e+01 1.1512800e-23
2.5832718e+01 1.1464907e-23
2.5902685e+01 1.1417351e-23
2.5972842e+01 1.1370127e-23
2.6043188e+01 1.1323235e-23
2.6113726e+01 1.1276673e-23
2.6184454e+01 1.1230437e-23
2.6255374e+01 1.1184526e-23
2.6326486e+01 1.1138938e-23
2.6397790e+01 1.1093671e-23
2.6469288e+01 1.1048722e-23
2.6540979e+01 1.1004090e-23
2.6612865e+01 1.0959772e-23
2.6684945e+01 1.0915767e-23
2.6757220e+01 1.0872072e-23
2.6829692e+01 1.0828685e-23
2.6902359e+01 1.0785605e-23
2.6975223e+01 1.0742829e-23
2.7048285e+01 1.0700355e-23
2.7121545e+01 1.0658182e-23
2.7195003e+01 1.0616307e-23
2.7268659e+01 1.0574728e-23
2.7342516e+01 1.0533444e-23
2.7416572e+01 1.0492452e-23
2.7490829e+01 1.0451751e-23
2.7565287e+01 1.0411339e-23
2.7639947e+01 1.0371214e-23
2.7714809e+01 1.0331374e-23
2.7789874e+01 1.0291816e-23
2.7865142e+01 1.0252541e-23
2.7940614e+01 1.0213544e-23
2.8016291e+01 1.0174825e-23
2.8092172e+01 1.0136382e-23
2.8168259e+01 1.0098213e-23
2.8244552e+01 1.0060316e-23
2.8321051e+01 1.0022690e-23
2.8397758e+01 9.9853317e-24
2.8474673e+01 9.9482406e-24
2.8551795e+01 9.9114147e-24
2.8629127e+01 9.8748520e-24
2.8706668e+01 9.8385511e-24
2.8784420e+01 9.8025100e-24
2.8862381e+01 9.7667271e-24
2.8940554e+01 9.7312007e-24
2.9018939e+01 9.6959291e-24
2.9097536e+01 9.6609106e-24
2.9176346e+01 9.6261436e-24
2.9255369e+01 9.5916264e-24
2.9334607e+01 9.5573573e-24
2.9414059e+01 9.5233347e-24
2.9493726e+01 9.4895569e-24
2.9573609e+01 9.4560224e-24
2.9653708e+01 9.4227296e-24
2.9734024e+01 9.3896767e-24
2.9814558e+01 9.3568623e-24
2.9895310e+01 9.3242847e-24
2.9976281e+01 9.2919424e-24
3.0057470e+01 9.2598338e-24
3.0138880e+01 9.2279574e-24
3.0220511e+01 9.1963115e-24
3.0302362e+01 9.1648947e-24
3.0384435e+01 9.1337054e-24
3.0466731e+01 9.1027422e-24
3.0549249e+01 9.0720034e-24
3.0631991e+01 9.0414876e-24
3.0714956e+01 9.0111933e-24
3.0798147e+01 8.9811190e-24
3.0881563e+01 8.9512632e-24
3.0965205e+01 8.9216245e-24
3.1049073e+01 8.8922014e-24
3.1133169e+01 8.8629924e-24
3.1217492e+01 8.8339961e-24
3.1302044e+01 8.8052110e-24
3.1386825e+01 8.7766358e-24
3.1471835e+01 8.7482689e-24
3.1557076e+01 8.7201091e-24
3.1642547e+01 8.6921548e-24
3.1728250e+01 8.6644047e-24
3.1814185e+01 8.6368574e-24
3.1900353e+01 8.6095116e-24
3.1986754e+01 8.5823657e-24
3.2073389e+01 8.5554186e-24
3.2160259e+01 8.5286687e-24
3.2247364e+01 8.5021148e-24
3.2334705e+01 8.4757555e-24
3.2422283e+01 8.4495895e-24
3.2510098e+01 8.4236154e-24
3.2598151e+01 8.3978320e-24
3.2686442e+01 8.3722379e-24
3.2774972e+01 8.3468318e-24
3.2863742e+01 8.3216124e-24
3.2952753e+01 8.2965784e-24
3.3042004e+01 8.2717285e-24
3.3131498e+01 8.2470615e-24
3.3221234e+01 8.2225761e-24
3.3311212e+01 8.1982710e-24
3.3401435e+01 8.1741450e-24
3.3491902e+01 8.1501968e-24
3.3582614e+01 8.1264251e-24
3.3673571e+01 8.1028288e-24
3.3764775e+01 8.0794066e-24
3.3856226e+01 8.0561573e-24
3.3947925e+01 8.0330796e-24
3.4039872e+01 8.0101724e-24
3.4132068e+01 7.9874345e-24
3.4224514e+01 7.9648647e-24
3.4317210e+01 7.9424617e-24
3.4410157e+01 7.9202244e-24
3.4503356e+01 7.8981516e-24
3.4596807e+01 7.8762422e-24
3.4690512e+01 7.8544950e-24
3.4784470e+01 7.8329088e-24
3.4878683e+01 7.8114825e-24
3.4973151e+01 7.7902150e-24
3.5067875e+01 7.7691051e-24
3.5162855e+01 7.7481517e-24
3.5258093e+01 7.7273536e-24
3.5353588e+01 7.7067098e-24
3.5449342e+01 7.6862191e-24
3.5545356e+01 7.6658805e-24
3.5641629e+01 7.6456928e-24
3.5738164e+01 7.6256549e-24
3.5834960e+01 7.6057658e-24
3.5932018e+01 7.5860244e-24
3.6029339e+01 7.5664296e-24
3.6126923e+01 7.5469804e-24
3.6224772e+01 7.5276756e-24
3.6322886e+01 7.5085143e-24
3.6421265e+01 7.4894954e-24
3.6519911e+01 7.4706178e-24
3.6618824e+01 7.4518805e-24
3.6718005e+01 7.4332826e-24
3.6817455e+01 7.4148228e-24
3.6917174e+01 7.3965003e-24
3.7017163e+01 7.3783141e-24
3.7117423e+01 7.3602631e-24
3.7217955e+01 7.3423463e-24
3.7318758e+01 7.3245627e-24
3.7419835e+01 7.3069114e-24
3.7521186e+01 7.2893914e-24
3.7622811e+01 7.2720017e-24
3.7724711e+01 7.2547412e-24
3.7826888e+01 7.2376092e-24
3.7929341e+01 7.2206045e-24
3.8032071e+01 7.2037263e-24
3.8135080e+01 7.1869735e-24
3.8238368e+01 7.1703454e-24
3.8341935e+01 7.1538408e-24
3.8445784e+01 7.1374590e-24
3.8549913e+01 7.1211989e-24
3.8654324e+01 7.1050597e-24
3.8759018e+01 7.0890404e-24
3.8863996e+01 7.0731401e-24
3.8969258e+01 7.0573580e-24
3.9074805e+01 7.0416931e-24
3.9180638e+01 7.0261445e-24
3.9286758e+01 7.0107115e-24
3.9393165e+01 6.9953929e-24
3.9499860e+01 6.9801881e-24
3.9606845e+01 6.9650961e-24
3.9714119e+01 6.9501161e-24
3.9821683e+01 6.9352473e-24
3.9929539e+01 6.9204886e-24
4.0037687e+01 6.9058394e-24
4.0146128e+01 6.8912988e-24
4.0254863e+01 6.8768659e-24
4.0363892e+01 6.8625399e-24
4.0473217e+01 6.8483200e-24
4.0582837e+01 6.8342053e-24
4.0692755e+01 6.8201951e-24
4.0802970e+01 6.8062886e-24
4.0913484e+01 6.7924848e-24
4.1024297e+01 6.7787831e-24
4.1135410e+01 6.7651826e-24
4.1246824e+01 6.7516826e-24
4.1358540e+01 6.7382823e-24
4.1470558e+01 6.7249808e-24
4.1582880e+01 6.7117774e-24
4.1695506e+01 6.6986714e-24
4.1808437e+01 6.6856620e-24
4.1921674e+01 6.6727483e-24
4.2035218e+01 6.6599298e-24
4.2149069e+01 6.6472055e-24
4.2263229e+01 6.6345749e-24
4.2377698e+01 6.6220371e-24
4.2492476e+01 6.6095913e-24
4.2607566e+01 6.5972370e-24
4.2722967e+01 6.5849733e-24
4.2838681e+01 6.5727995e-24
4.2954709e+01 6.5607149e-24
4.3071050e+01 6.5487189e-24
4.3187707e+01 6.5368106e-24
4.3304680e+01 6.5249895e-24
4.3421969e+01 6.5132548e-24
4.3539577e+01 6.5016057e-24
4.3657502e+01 6.4900417e-24
4.3775748e+01 6.4785621e-24
4.3894313e+01 6.4671662e-24
4.4013199e+01 6.4558532e-24
4.4132408e+01 6.4446226e-24
4.4251939e+01 6.4334737e-24
4.4371795e+01 6.4224057e-24
4.4491974e+01 6.4114182e-24
4.4612480e+01 6.4005104e-24
4.4733311e+01 6.3896816e-24
4.4854470e+01 6.3789313e-24
4.4975957e+01 6.3682588e-24
4.5097773e+01 6.3576635e-24
4.5219919e+01 6.3471447e-24
4.5342396e+01 6.3367018e-24
4.5465205e+01 6.3263342e-24
4.5588346e+01 6.3160414e-24
4.5711821e+01 6.3058226e-24
4.5835630e+01 6.2956774e-24
4.5959775e+01 6.2856050e-24
4.6084256e+01 6.2756049e-24
4.6209073e+01 6.2656765e-24
4.6334229e+01 6.2558192e-24
4.6459724e+01 6.2460325e-24
4.6585559e+01 6.2363157e-24
4.6711735e+01 6.2266684e-24
4.6838252e+01 6.2170898e-24
4.6965113e+01 6.2075795e-24
4.7092316e+01 6.1981369e-24
4.7219864e+01 6.1887614e-24
4.7347758e+01 6.1794525e-24
4.7475998e+01 6.1702096e-24
4.7604586e+01 6.1610323e-24
4.7733521e+01 6.1519199e-24
4.7862806e+01 6.1428719e-24
4.7992441e+01 6.1338878e-24
4.8122428e+01 6.1249670e-24
4.8252766e+01 6.1161091e-24
4.8383457e+01 6.1073135e-24
4.8514502e+01 6.0985798e-24
4.8645903e+01 6.0899073e-24
4.8777659e+01 6.0812955e-24
4.8909772e+01 6.0727441e-24
4.9042242e+01 6.0642524e-24
4.9175072e+01 6.0558200e-24
4.9308261e+01 6.0474464e-24
4.9441811e+01 6.0391311e-24
4.9575723e+01 6.0308737e-24
4.9709998e+01 6.0226735e-24
4.9844636e+01 6.0145302e-24
4.9979638e+01 6.0064433e-24
5.0115007e+01 5.9984123e-24
5.0250742e+01 5.9904367e-24
5.0386845e+01 5.9825162e-24
5.0523316e+01 5.9746501e-24
5.0660157e+01 5.9668382e-24
5.0797369e+01 5.9590798e-24
5.0934952e+01 5.9513746e-24
5.1072908e+01 5.9437222e-24
5.1211238e+01 5.9361220e-24
5.1349942e+01 5.9285737e-24
5.1489022e+01 5.9210768e-24
5.1628478e+01 5.9136309e-24
5.1768313e+01 5.9062355e-24
5.1908526e+01 5.8988903e-24
5.2049118e+01 5.8915948e-24
5.2190092e+01 5.8843485e-24
5.2331447e+01 5.8771512e-24
5.2473186e+01 5.8700023e-24
5.2615308e+01 5.8629015e-24
5.2757815e+01 5.8558484e-24
5.2900708e+01 5.8488425e-24
5.3043988e+01 5.8418835e-24
5.3187656e+01 5.8349710e-24
5.3331714e+01 5.8281045e-24
5.3476161e+01 5.8212838e-24
5.3621000e+01 5.8145083e-24
5.3766231e+01 5.8077778e-24
5.3911855e+01 5.8010918e-24
5.4057874e+01 5.7944500e-24
5.4204288e+01 5.7878521e-24
5.4351099e+01 5.7812975e-24
5.4498307e+01 5.7747861e-24
5.4645914e+01 5.7683173e-24
5.4793921e+01 5.7618909e-24
5.4942329e+01 5.7555065e-24
5.5091139e+01 5.7491637e-24
5.5240352e+01 5.7428622e-24
5.5389969e+01 5.7366017e-24
5.5539991e+01 5.7303818e-24
5.5690420e+01 5.7242021e-24
5.5841255e+01 5.7180624e-24
5.5992500e+01 5.7119622e-24
5.6144154e+01 5.7059013e-24
5.6296219e+01 5.6998793e-24
5.6448696e+01 5.6938959e-24
5.6601585e+01 5.6879507e-24
5.6754889e+01 5.6820436e-24
5.6908608e+01 5.6761740e-24
5.7062744e+01 5.6703418e-24
5.7217297e+01 5.6645465e-24
5.7372268e+01 5.6587880e-24
5.7527659e+01 5.6530658e-24
5.7683471e+01 5.6473797e-24
5.7839705e+01 5.6417294e-24
5.7996363e+01 5.6361145e-24
5.8153444e+01 5.6305348e-24
5.8310951e+01 5.6249900e-24
5.8468885e+01 5.6194798e-24
5.8627246e+01 5.6140039e-24
5.8786036e+01 5.6085620e-24
5.8945257e+01 5.6031538e-24
5.9104908e+01 5.5977790e-24
5.9264992e+01 5.5924374e-24
5.9425510e+01 5.5871287e-24
5.9586462e+01 5.5818526e-24
5.9747851e+01 5.5766089e-24
5.9909676e+01 5.5713972e-24
6.0071940e+01 5.5662173e-24
6.0234643e+01 5.5610689e-24
6.0397787e+01 5.5559518e-24
6.0561372e+01 5.5508657e-24
6.0725401e+01 5.5458104e-24
6.0889874e+01 5.5407855e-24
6.1054793e+01 5.5357909e-24
6.1220158e+01 5.5308263e-24
6.1385971e+01 5.5258914e-24
6.1552233e+01 5.5209860e-24
6.1718946e+01 5.5161098e-24
6.1886110e+01 5.5112627e-24
6.2053727e+01 5.5064443e-24
6.2221797e+01 5.5016544e-24
6.2390323e+01 5.4968928e-24
6.2559306e+01 5.4921593e-24
6.2728746e+01 5.4874535e-24
6.2898645e+01 5.4827754e-24
6.3069004e+01 5.4781246e-24
6.3239825e+01 5.4735010e-24
6.3411108e+01 5.4689042e-24
6.3582856e+01 5.4643342e-24
6.3755068e+01 5.4597906e-24
6.3927747e+01 5.4552732e-24
6.4100893e+01 5.4507819e-24
6.4274509e+01 5.4463164e-24
6.4448595e+01 5.4418765e-24
6.4623152e+01 5.4374620e-24
6.4798182e+01 5.4330727e-24
6.4973686e+01 5.4287084e-24
6.5149665e+01 5.4243688e-24
6.5326121e+01 5.4200538e-24
6.5503055e+01 5.4157632e-24
6.5680469e+01 5.4114967e-24
6.5858362e+01 5.4072543e-24
6.6036738e+01 5.4030356e-24
6.6215597e+01 5.3988405e-24
6.6394940e+01 5.3946687e-24
6.6574768e+01 5.3905202e-24
6.6755084e+01 5.3863947e-24
6.6935889e+01 5.3822920e-24
6.7117183e+01 5.3782120e-24
6.7298968e+01 5.3741544e-24
6.7481245e+01 5.3701191e-24
6.7664016e+01 5.3661058e-24
6.7847282e+01 5.3621145e-24
6.8031045e+01 5.3581450e-24
6.8215305e+01 5.3541970e-24
6.8400064e+01 5.3502704e-24
6.8585324e+01 5.3463650e-24
6.8771085e+01 5.3424807e-24
6.8957350e+01 5.3386172e-24
6.9144119e+01 5.3347745e-24
6.9331394e+01 5.3309523e-24
6.9519176e+01 5.3271504e-24
6.9707467e+01 5.3233688e-24
6.9896268e+01 5.3196073e-24
7.0085580e+01 5.3158656e-24
7.0275405e+01 5.3121437e-24
7.0465744e+01 5.3084414e-24
7.0656598e+01 5.3047585e-24
7.0847969e+01 5.3010949e-24
7.1039859e+01 5.2974504e-24
7.1232269e+01 5.2938249e-24
7.1425199e+01 5.2902182e-24
7.1618653e+01 5.2866302e-24
7.1812630e+01 5.2830607e-24
7.2007132e+01 5.2795095e-24
7.2202162e+01 5.2759767e-24
7.2397719e+01 5.2724619e-24
7.2593806e+01 5.2689650e-24
7.2790425e+01 5.2654860e-24
7.2987575e+01 5.2620246e-24
7.3185260e+01 5.2585808e-24
7.3383481e+01 5.2551544e-24
7.3582238e+01 5.2517452e-24
7.3781533e+01 5.2483532e-24
7.3981368e+01 5.2449782e-24
7.4181745e+01 5.2416200e-24
7.4382664e+01 5.2382786e-24
7.4584127e+01 5.2349537e-24
7.4786136e+01 5.2316454e-24
7.4988693e+01 5.2283534e-24
7.5191797e+01 5.2250776e-24
7.5395452e+01 5.2218180e-24
7.5599659e+01 5.2185743e-24
7.5804418e+01 5.2153465e-24
7.6009733e+01 5.2121344e-24
7.6215603e+01 5.2089380e-24
7.6422031e+01 5.2057570e-24
7.6629018e+01 5.2025914e-24
7.6836565e+01 5.1994411e-24
7.7044675e+01 5.1963060e-24
7.7253348e+01 5.1931859e-24
7.7462587e+01 5.1900807e-24
7.7672392e+01 5.1869903e-24
7.7882766e+01 5.1839147e-24
7.8093709e+01 5.1808536e-24
7.8305224e+01 5.1778070e-24
7.8517311e+01 5.1747748e-24
7.8729973e+01 5.1717568e-24
7.8943211e+01 5.1687531e-24
7.9157026e+01 5.1657633e-24
7.9371421e+01 5.1627876e-24
7.9586396e+01 5.1598257e-24
7.9801954e+01 5.1568775e-24
8.0018095e+01 5.1539430e-24
8.0234822e+01 5.1510221e-24
8.0452136e+01 5.1481146e-24
8.0670038e+01 5.1452204e-24
8.0888531e+01 5.1423395e-24
8.1107615e+01 5.1394718e-24
8.1327293e+01 5.1366171e-24
8.1547566e+01 5.1337755e-24
8.1768435e+01 5.1309466e-24
8.1989902e+01 5.1281306e-24
8.2211970e+01 5.1253273e-24
8.2434639e+01 5.1225366e-24
8.2657911e+01 5.1197584e-24
8.2881787e+01 5.1169926e-24
8.3106270e+01 5.1142391e-24
8.3331361e+01 5.1114979e-24
8.3557062e+01 5.1087689e-24
8.3783374e+01 5.1060519e-24
8.4010299e+01 5.1033469e-24
8.4237838e+01 5.1006539e-24
8.4465994e+01 5.0979726e-24
8.4694768e+01 5.0953031e-24
8.4924162e+01 5.0926453e-24
8.5154176e+01 5.0899991e-24
8.5384814e+01 5.0873643e-24
8.5616076e+01 5.0847410e-24
8.5847965e+01 5.0821290e-24
8.6080482e+01 5.0795282e-24
8.6313629e+01 5.0769387e-24
8.6547407e+01 5.0743602e-24
8.6781818e+01 5.0717928e-24
8.7016864e+01 5.0692364e-24
8.7252547e+01 5.0666908e-24
8.7488868e+01 5.0641560e-24
8.7725829e+01 5.0616320e-24
8.7963432e+01 5.0591187e-24
8.8201679e+01 5.0566159e-24
8.8440570e+01 5.0541237e-24
8.8680109e+01 5.0516419e-24
8.8920297e+01 5.0491705e-24
8.9161135e+01 5.0467094e-24
8.9402625e+01 5.0442585e-24
8.9644770e+01 5.0418179e-24
8.9887570e+01 5.0393873e-24
9.0131028e+01 5.0369668e-24
9.0375146e+01 5.0345563e-24
9.0619924e+01 5.0321557e-24
9.0865366e+01 5.0297649e-24
9.1111472e+01 5.0273839e-24
9.1358245e+01 5.0250127e-24
9.1605686e+01 5.0226511e-24
9.1853798e+01 5.0202990e-24
9.2102581e+01 5.0179566e-24
9.2352039e+01 5.0156236e-24
9.2602172e+01 5.0133000e-24
9.2852982e+01 5.0109858e-24
9.3104472e+01 5.0086809e-24
9.3356643e+01 5.0063852e-24
9.3609496e+01 5.0040987e-24
9.3863035e+01 5.0018213e-24
9.4117261e+01 4.9995530e-24
9.4372175e+01 4.9972936e-24
9.4627779e+01 4.9950433e-24
9.4884076e+01 4.9928018e-24
9.5141067e+01 4.9905692e-24
9.5398754e+01 4.9883454e-24
9.5657138e+01 4.9861303e-24
9.5916223e+01 4.9839238e-24
9.6176010e+01 4.9817261e-24
9.6436500e+01 4.9795368e-24
9.6697695e+01 4.9773562e-24
9.6959598e+01 4.9751839e-24
9.7222211e+01 4.9730201e-24
9.7485534e+01 4.9708647e-24
9.7749571e+01 4.9687176e-24
9.8014323e+01 4.9665788e-24
9.8279792e+01 4.9644482e-24
9.8545980e+01 4.9623258e-24
9.8812889e+01 4.9602115e-24
9.9080521e+01 4.9581052e-24
9.9348878e+01 4.9560070e-24
9.9617962e+01 4.9539168e-24
9.9887774e+01 4.9518346e-24
1.0015832e+02 4.9497602e-24
1.0042959e+02 4.9476937e-24
1.0070160e+02 4.9456350e-24
1.0097435e+02 4.9435840e-24
1.0124784e+02 4.9415408e-24
1.0152207e+02 4.9395052e-24
1.0179703e+02 4.9374772e-24
1.0207275e+02 4.9354569e-24
1.0234921e+02 4.9334440e-24
1.0262642e+02 4.9314387e-24
1.0290438e+02 4.9294409e-24
1.0318309e+02 4.9274504e-24
1.0346256e+02 4.9254674e-24
1.0374279e+02 4.9234916e-24
1.0402377e+02 4.9215232e-24
1.0430552e+02 4.9195620e-24
1.0458803e+02 4.9176081e-24
1.0487130e+02 4.9156613e-24
1.0515534e+02 4.9137216e-24
1.0544015e+02 4.9117891e-24
1.0572573e+02 4.9098636e-24
1.0601209e+02 4.9079452e-24
1.0629922e+02 4.9060337e-24
1.0658713e+02 4.9041292e-24
1.0687582e+02 4.9022316e-24
1.0716529e+02 4.9003409e-24
1.0745554e+02 4.8984570e-24
1.0774658e+02 4.8965799e-24
1.0803841e+02 4.8947096e-24
1.0833103e+02 4.8928461e-24
1.0862444e+02 4.8909892e-24
1.0891865e+02 4.8891390e-24
1.0921365e+02 4.8872955e-24
1.0950945e+02 4.8854585e-24
1.0980606e+02 4.8836282e-24
1.1010346e+02 4.8818043e-24
1.1040167e+02 4.8799870e-24
1.1070069e+02 4.8781761e-24
1.1100052e+02 4.8763717e-24
1.1130117e+02 4.8745737e-24
1.1160262e+02 4.8727820e-24
1.1190490e+02 4.8709967e-24
1.1220799e+02 4.8692177e-24
1.1251190e+02 4.8674450e-24
1.1281663e+02 4.8656786e-24
1.1312219e+02 4.8639184e-24
1.1342858e+02 4.8621643e-24
1.1373580e+02 4.8604164e-24
1.1404385e+02 4.8586747e-24
1.1435274e+02 4.8569391e-24
1.1466246e+02 4.8552095e-24
1.1497302e+02 4.8534860e-24
1.1528442e+02 4.8517686e-24
1.1559666e+02 4.8500571e-24
1.1590975e+02 4.8483515e-24
1.1622369e+02 4.8466520e-24
1.1653848e+02 4.8449583e-24
1.1685412e+02 4.8432705e-24
1.1717062e+02 4.8415886e-24
1.1748797e+02 4.8399125e-24
1.1780618e+02 4.8382422e-24
1.1812526e+02 4.8365777e-24
1.1844520e+02 4.8349189e-24
1.1876600e+02 4.8332659e-24
1.1908768e+02 4.8316186e-24
1.1941022e+02 4.8299770e-24
1.1973364e+02 4.8283410e-24
1.2005794e+02 4.8267106e-24
1.2038311e+02 4.8250859e-24
1.2070917e+02 4.8234667e-24
1.2103610e+02 4.8218531e-24
1.2136393e+02 4.8202450e-24
1.2169264e+02 4.8186425e-24
1.2202224e+02 4.8170454e-24
1.2235273e+02 4.8154538e-24
1.2268412e+02 4.8138677e-24
1.2301641e+02 4.8122869e-24
1.2334959e+02 4.8107116e-24
1.2368368e+02 4.8091416e-24
1.2401868e+02 4.8075770e-24
1.2435458e+02 4.8060178e-24
1.2469139e+02 4.8044638e-24
1.2502911e+02 4.8029152e-24
1.2536775e+02 4.8013718e-24
1.2570731e+02 4.7998336e-24
1.2604778e+02 4.7983007e-24
1.2638918e+02 4.7967730e-24
1.2673150e+02 4.7952505e-24
1.2707475e+02 4.7937331e-24
1.2741893e+02 4.7922210e-24
1.2776404e+02 4.7907139e-24
1.2811008e+02 4.7892119e-24
1.2845706e+02 4.7877151e-24
1.2880499e+02 4.7862233e-24
1.2915385e+02 4.7847365e-24
1.2950366e+02 4.7832548e-24
1.2985442e+02 4.7817781e-24
1.3020613e+02 4.7803064e-24
1.3055878e+02 4.7788397e-24
1.3091240e+02 4.7773780e-24
1.3126697e+02 4.7759212e-24
1.3162251e+02 4.7744693e-24
1.3197900e+02 4.7730223e-24
1.3233646e+02 4.7715802e-24
1.3269489e+02 4.7701430e-24
1.3305429e+02 4.7687107e-24
1.3341467e+02 4.7672831e-24
1.3377602e+02 4.7658604e-24
1.3413835e+02 4.7644426e-24
1.3450166e+02 4.7630295e-24
1.3486595e+02 4.7616211e-24
1.3523123e+02 4.7602176e-24
1.3559750e+02 4.7588188e-24
1.3596476e+02 4.7574247e-24
1.3633302e+02 4.7560353e-24
1.3670227e+02 4.7546506e-24
1.3707253e+02 4.7532706e-24
1.3744378e+02 4.7518952e-24
1.3781605e+02 4.7505245e-24
1.3818932e+02 4.7491585e-24
1.3856360e+02 4.7477970e-24
1.3893890e+02 4.7464402e-24
1.3931521e+02 4.7450879e-24
1.3969254e+02 4.7437403e-24
1.4007089e+02 4.7423972e-24
1.4045027e+02 4.7410586e-24
1.4083068e+02 4.7397246e-24
1.4121211e+02 4.7383951e-24
1.4159458e+02 4.7370701e-24
1.4197809e+02 4.7357496e-24
1.4236263e+02 4.7344336e-24
1.4274822e+02 4.7331220e-24
1.4313484e+02 4.7318149e-24
1.4352252e+02 4.7305122e-24
1.4391125e+02 4.7292140e-24
1.4430103e+02 4.7279202e-24
1.4469186e+02 4.7266308e-24
1.4508376e+02 4.7253457e-24
1.4547671e+02 4.7240651e-24
1.4587073e+02 4.7227888e-24
1.4626582e+02 4.7215169e-24
1.4666198e+02 4.7202493e-24
1.4705921e+02 4.7189860e-24
1.4745751e+02 4.7177271e-24
1.4785690e+02 4.7164724e-24
1.4825736e+02 4.7152221e-24
1.4865891e+02 4.7139760e-24
1.4906155e+02 4.7127342e-24
1.4946528e+02 4.7114967e-24
1.4987010e+02 4.7102634e-24
1.5027602e+02 4.7090344e-24
1.5068304e+02 4.7078096e-24
1.5109116e+02 4.7065890e-24
1.5150039e+02 4.7053726e-24
1.5191072e+02 4.7041604e-24
1.5232217e+02 4.7029524e-24
1.5273473e+02 4.7017486e-24
1.5314841e+02 4.7005489e-24
1.5356321e+02 4.6993534e-24
1.5397913e+02 4.6981620e-24
1.5439618e+02 4.6969748e-24
1.5481435e+02 4.6957917e-24
1.5523366e+02 4.6946127e-24
1.5565411e+02 4.6934378e-24
1.5607569e+02 4.6922670e-24
1.5649842e+02 4.6911003e-24
1.5692229e+02 4.6899377e-24
1.5734731e+02 4.6887791e-24
1.5777348e+02 4.6876246e-24
1.5820081e+02 4.6864742e-24
1.5862929e+02 4.6853278e-24
1.5905893e+02 4.6841854e-24
1.5948974e+02 4.6830470e-24
1.5992171e+02 4.6819127e-24
1.6035486e+02 4.6807824e-24
1.6078917e+02 4.6796561e-24
1.6122467e+02 4.6785337e-24
1.6166134e+02 4.6774154e-24
1.6209919e+02 4.6763010e-24
1.6253824e+02 4.6751906e-24
1.6297847e+02 4.6740841e-24
1.6341989e+02 4.6729816e-24
1.6386251e+02 4.6718830e-24
1.6430632e+02 4.6707884e-24
1.6475134e+02 4.6696977e-24
1.6519757e+02 4.6686109e-24
1.6564500e+02 4.6675280e-24
1.6609365e+02 4.6664490e-24
1.6654351e+02 4.6653740e-24
1.6699458e+02 4.6643028e-24
1.6744688e+02 4.6632355e-24
1.6790041e+02 4.6621721e-24
1.6835516e+02 4.6611125e-24
1.6881115e+02 4.6600568e-24
1.6926837e+02 4.6590050e-24
1.6972683e+02 4.6579570e-24
1.7018653e+02 4.6569128e-24
1.7064747e+02 4.6558725e-24
1.7110967e+02 4.6548361e-24
1.7157311e+02 4.6538034e-24
1.7203781e+02 4.6527746e-24
1.7250377e+02 4.6517495e-24
1.7297100e+02 4.6507283e-24
1.7343948e+02 4.6497109e-24
1.7390924e+02 4.6486972e-24
1.7438027e+02 4.6476874e-24
1.7485257e+02 4.6466813e-24
1.7532615e+02 4.6456790e-24
1.7580102e+02 4.6446805e-24
1.7627717e+02 4.6436858e-24
1.7675461e+02 4.6426948e-24
1.7723335e+02 4.6417075e-24
1.7771338e+02 4.6407240e-24
1.7819471e+02 4.6397442e-24
1.7867735e+02 4.6387682e-24
1.7916129e+02 4.6377959e-24
1.7964654e+02 4.6368274e-24
1.8013311e+02 4.6358625e-24
1.8062100e+02 4.6349014e-24
1.8111020e+02 4.6339440e-24
1.8160074e+02 4.6329903e-24
1.8209260e+02 4.6320403e-24
1.8258579e+02 4.6310940e-24
1.8308032e+02 4.6301514e-24
1.8357619e+02 4.6292125e-24
1.8407340e+02 4.6282773e-24
1.8457196e+02 4.6273457e-24
1.8507186e+02 4.6264179e-24
1.8557313e+02 4.6254937e-24
1.8607574e+02 4.6245731e-24
1.8657973e+02 4.6236563e-24
1.8708507e+02 4.6227431e-24
1.8759179e+02 4.6218335e-24
1.8809987e+02 4.6209276e-24
1.8860934e+02 4.6200254e-24
1.8912018e+02 4.6191268e-24
1.8963241e+02 4.6182318e-24
1.9014602e+02 4.6173405e-24
1.9066103e+02 4.6164528e-24
1.9117743e+02 4.6155687e-24
1.9169523e+02 4.6146883e-24
1.9221443e+02 4.6138115e-24
1.9273503e+02 4.6129383e-24
1.9325705e+02 4.6120688e-24
1.9378048e+02 4.6112028e-24
1.9430533e+02 4.6103405e-24
1.9483160e+02 4.6094817e-24
1.9535930e+02 4.6086266e-24
1.9588842e+02 4.6077751e-24
1.9641898e+02 4.6069272e-24
1.9695098e+02 4.6060829e-24
1.9748441e+02 4.6052421e-24
1.9801929e+02 4.6044050e-24
1.9855562e+02 4.6035714e-24
1.9909341e+02 4.6027415e-24
1.9963265e+02 4.6019151e-24
2.0017335e+02 4.6010923e-24
2.0071551e+02 4.6002731e-24
2.0125914e+02 4.5994575e-24
2.0180425e+02 4.5986455e-24
2.0235083e+02 4.5978370e-24
2.0289889e+02 4.5970321e-24
2.0344844e+02 4.5962307e-24
2.0399947e+02 4.5954330e-24
2.0455200e+02 4.5946388e-24
2.0510602e+02 4.5938482e-24
2.0566154e+02 4.5930611e-24
2.0621857e+02 4.5922776e-24
2.0677711e+02 4.5914976e-24
2.0733716e+02 4.5907213e-24
2.0789873e+02 4.5899484e-24
2.0846181e+02 4.5891792e-24
2.0902643e+02 4.5884134e-24
2.0959257e+02 4.5876513e-24
2.1016025e+02 4.5868927e-24
2.1072946e+02 4.5861376e-24
2.1130021e+02 4.5853861e-24
2.1187251e+02 4.5846381e-24
2.1244637e+02 4.5838937e-24
2.1302177e+02 4.5831529e-24
2.1359873e+02 4.5824155e-24
2.1417726e+02 4.5816818e-24
2.1475735e+02 4.5809515e-24
2.1533902e+02 4.5802249e-24
2.1592226e+02 4.5795017e-24
2.1650708e+02 4.5787821e-24
2.1709348e+02 4.5780661e-24
2.1768147e+02 4.5773536e-24
2.1827106e+02 4.5766446e-24
2.1886224e+02 4.5759392e-24
2.1945502e+02 4.5752373e-24
2.2004941e+02 4.5745389e-24
2.2064541e+02 4.5738441e-24
2.2124302e+02 4.5731529e-24
2.2184225e+02 4.5724652e-24
2.2244310e+02 4.5717810e-24
2.2304558e+02 4.5711004e-24
2.2364970e+02 4.5704233e-24
2.2425544e+02 4.5697497e-24
2.2486283e+02 4.5690797e-24
2.2547187e+02 4.5684133e-24
2.2608255e+02 4.5677503e-24
2.2669489e+02 4.5670910e-24
2.2730889e+02 4.5664351e-24
2.2792455e+02 4.5657829e-24
2.2854188e+02 4.5651341e-24
2.2916087e+02 4.5644889e-24
2.2978155e+02 4.5638473e-24
2.3040391e+02 4.5632092e-24
2.3102795e+02 4.5625747e-24
2.3165368e+02 4.5619437e-24
2.3228111e+02 4.5613162e-24
2.3291024e+02 4.5606923e-24
2.3354107e+02 4.5600720e-24
2.3417361e+02 4.5594552e-24
2.3480786e+02 4.5588420e-24
2.3544383e+02 4.5582323e-24
2.3608152e+02 4.5576262e-24
2.3672094e+02 4.5570237e-24
2.3736210e+02 4.5564247e-24
2.3800498e+02 4.5558293e-24
2.3864961e+02 4.5552374e-24
2.3929599e+02 4.5546491e-24
2.3994412e+02 4.5540644e-24
2.4059400e+02 4.5534833e-24
2.4124564e+02 4.5529057e-24
2.4189905e+02 4.5523317e-24
2.4255423e+02 4.5517613e-24
2.4321118e+02 4.5511944e-24
2.4386991e+02 4.5506312e-24
2.4453042e+02 4.5500715e-24
2.4519273e+02 4.5495154e-24
2.4585682e+02 4.5489629e-24
2.4652272e+02 4.5484140e-24
2.4719042e+02 4.5478687e-24
2.4785993e+02 4.5473269e-24
2.4853125e+02 4.5467888e-24
2.4920439e+02 4.5462543e-24
2.4987935e+02 4.5457233e-24
2.5055614e+02 4.5451960e-24
2.5123477e+02 4.5446723e-24
2.5191523e+02 4.5441522e-24
2.5259754e+02 4.5436357e-24
2.5328169e+02 4.5431229e-24
2.5396770e+02 4.5426136e-24
2.5465556e+02 4.5421080e-24
2.5534529e+02 4.5416060e-24
2.5603688e+02 4.5411077e-24
2.5673035e+02 4.5406129e-24
2.5742570e+02 4.5401218e-24
2.5812293e+02 4.5396344e-24
2.5882205e+02 4.5391506e-24
2.5952306e+02 4.5386704e-24
2.6022597e+02 4.5381939e-24
2.6093079e+02 4.5377211e-24
2.6163751e+02 4.5372519e-24
2.6234615e+02 4.5367863e-24
2.6305671e+02 4.5363245e-24
2.6376919e+02 4.5358663e-24
2.6448360e+02 4.5354118e-24
2.6519995e+02 4.5349609e-24
2.6591823e+02 4.5345138e-24
2.6663847e+02 4.5340703e-24
2.6736065e+02 4.5336305e-24
2.6808479e+02 4.5331944e-24
2.6881089e+02 4.5327621e-24
2.6953895e+02 4.5323334e-24
2.7026899e+02 4.5319084e-24
2.7100101e+02 4.5314872e-24
2.7173501e+02 4.5310696e-24
2.7247099e+02 4.5306558e-24
2.7320897e+02 4.5302457e-24
2.7394895e+02 4.5298394e-24
2.7469094e+02 4.5294368e-24
2.7543493e+02 4.5290379e-24
2.7618094e+02 4.5286428e-24
2.7692897e+02 4.5282514e-24
2.7767902e+02 4.5278638e-24
2.7843111e+02 4.5274799e-24
2.7918523e+02 4.5270999e-24
2.7994139e+02 4.5267236e-24
2.8069961e+02 4.5263510e-24
2.8145988e+02 4.5259823e-24
2.8222220e+02 4.5256174e-24
2.8298659e+02 4.5252562e-24
2.8375305e+02 4.5248989e-24
2.8452159e+02 4.5245453e-24
2.8529221e+02 4.5241956e-24
2.8606492e+02 4.5238497e-24
2.8683971e+02 4.5235076e-24
2.8761661e+02 4.5231693e-24
2.8839561e+02 4.5228349e-24
2.8917673e+02 4.5225044e-24
2.8995995e+02 4.5221776e-24
2.9074530e+02 4.5218548e-24
2.9153278e+02 4.5215358e-24
2.9232239e+02 4.5212207e-24
2.9311413e+02 4.5209094e-24
2.9390802e+02 4.5206021e-24
2.9470407e+02 4.5202986e-24
2.9550226e+02 4.5199990e-24
2.9630262e+02 4.5197033e-24
2.9710515e+02 4.5194116e-24
2.9790985e+02 4.5191237e-24
2.9871673e+02 4.5188398e-24
2.9952580e+02 4.5185598e-24
3.0033706e+02 4.5182838e-24
3.0115051e+02 4.5180117e-24
3.0196617e+02 4.5177435e-24
3.0278403e+02 4.5174793e-24
3.0360412e+02 4.5172191e-24
3.0442642e+02 4.5169629e-24
3.0525095e+02 4.5167106e-24
3.0607771e+02 4.5164623e-24
3.0690672e+02 4.5162181e-24
3.0773797e+02 4.5159778e-24
3.0857147e+02 4.5157415e-24
3.0940722e+02 4.5155093e-24
3.1024524e+02 4.5152811e-24
3.1108553e+02 4.5150570e-24
3.1192810e+02 4.5148369e-24
3.1277295e+02 4.5146208e-24
3.1362009e+02 4.5144088e-24
3.1446952e+02 4.5142009e-24
3.1532125e+02 4.5139971e-24
3.1617529e+02 4.5137974e-24
3.1703164e+02 4.5136017e-24
3.1789031e+02 4.5134102e-24
3.1875131e+02 4.5132228e-24
3.1961464e+02 4.5130395e-24
3.2048031e+02 4.5128604e-24
3.2134832e+02 4.5126853e-24
3.2221868e+02 4.5125145e-24
3.2309140e+02 4.5123478e-24
3.2396648e+02 4.5121853e-24
3.2484394e+02 4.5120269e-24
3.2572377e+02 4.5118728e-24
3.2660598e+02 4.5117228e-24
3.2749059e+02 4.5115771e-24
3.2837759e+02 4.5114356e-24
3.2926699e+02 4.5112983e-24
3.3015880e+02 4.5111653e-24
3.3105302e+02 4.5110365e-24
3.3194967e+02 4.5109119e-24
3.3284875e+02 4.5107917e-24
3.3375026e+02 4.5106757e-24
3.3465421e+02 4.5105640e-24
3.3556062e+02 4.5104566e-24
3.3646947e+02 4.5103535e-24
3.3738079e+02 4.5102547e-24
3.3829458e+02 4.5101603e-24
3.3921084e+02 4.5100702e-24
3.4012958e+02 4.5099845e-24
3.4105081e+02 4.5099031e-24
3.4197454e+02 4.5098262e-24
3.4290077e+02 4.5097536e-24
3.4382951e+02 4.5096854e-24
3.4476076e+02 4.5096216e-24
3.4569453e+02 4.5095622e-24
3.4663084e+02 4.5095073e-24
3.4756968e+02 4.5094568e-24
3.4851106e+02 4.5094108e-24
3.4945499e+02 4.5093692e-24
3.5040148e+02 4.5093321e-24
3.5135053e+02 4.5092995e-24
3.5230216e+02 4.5092715e-24
3.5325636e+02 4.5092479e-24
3.5421314e+02 4.5092289e-24
3.5517252e+02 4.5092144e-24
3.5613449e+02 4.5092044e-24
3.5709907e+02 4.5091991e-24
3.5806627e+02 4.5091983e-24
3.5903608e+02 4.5092021e-24
3.6000852e+02 4.5092105e-24
3.6098359e+02 4.5092235e-24
3.6196131e+02 4.5092412e-24
3.6294167e+02 4.5092635e-24
3.6392469e+02 4.5092904e-24
3.6491037e+02 4.5093221e-24
3.6589872e+02 4.5093584e-24
3.6688974e+02 4.5093994e-24
3.6788345e+02 4.5094452e-24
3.6887986e+02 4.5094956e-24
3.6987896e+02 4.5095508e-24
3.7088076e+02 4.5096108e-24
3.7188528e+02 4.5096755e-24
3.7289252e+02 4.5097450e-24
3.7390249e+02 4.5098193e-24
3.7491520e+02 4.5098985e-24
3.7593065e+02 4.5099824e-24
3.7694884e+02 4.5100712e-24
3.7796980e+02 4.5101649e-24
3.7899352e+02 4.5102634e-24
3.8002001e+02 4.5103668e-24
3.8104929e+02 4.5104752e-24
3.8208135e+02 4.5105884e-24
3.8311620e+02 4.5107066e-24
3.8415386e+02 4.5108297e-24
3.8519433e+02 4.5109578e-24
3.8623762e+02 4.5110909e-24
3.8728374e+02 4.5112290e-24
3.8833268e+02 4.5113721e-24
3.8938447e+02 4.5115203e-24
3.9043911e+02 4.5116735e-24
3.9149660e+02 4.5118318e-24
3.9255696e+02 4.5119951e-24
3.9362019e+02 4.5121636e-24
3.9468630e+02 4.5123372e-24
3.9575530e+02 4.5125160e-24
3.9682719e+02 4.5126999e-24
3.9790198e+02 4.5128890e-24
3.9897969e+02 4.5130833e-24
4.0006032e+02 4.5132828e-24
4.0114387e+02 4.5134875e-24
4.0223035e+02 4.5136976e-24
4.0331978e+02 4.5139129e-24
4.0441216e+02 4.5141335e-24
4.0550750e+02 4.5143594e-24
4.0660581e+02 4.5145907e-24
4.0770709e+02 4.5148273e-24
4.0881135e+02 4.5150694e-24
4.0991861e+02 4.5153169e-24
4.1102886e+02 4.5155698e-24
4.1214212e+02 4.5158282e-24
4.1325840e+02 4.5160921e-24
4.1437770e+02 4.5163615e-24
4.1550003e+02 4.5166364e-24
4.1662540e+02 4.5169170e-24
4.1775381e+02 4.5172031e-24
4.1888529e+02 4.5174949e-24
4.2001983e+02 4.5177924e-24
4.2115744e+02 4.5180956e-24
4.2229813e+02 4.5184046e-24
4.2344192e+02 4.5187193e-24
4.2458880e+02 4.5190399e-24
4.2573878e+02 4.5193663e-24
4.2689189e+02 4.5196987e-24
4.2804811e+02 4.5200370e-24
4.2920747e+02 4.5203814e-24
4.3036996e+02 4.5207319e-24
4.3153561e+02 4.5210885e-24
4.3270441e+02 4.5214513e-24
4.3387638e+02 4.5218204e-24
4.3505152e+02 4.5221959e-24
4.3622985e+02 4.5225779e-24
4.3741136e+02 4.5229665e-24
4.3859608e+02 4.5233617e-24
4.3978400e+02 4.5237638e-24
4.4097515e+02 4.5241728e-24
4.4216952e+02 4.5245890e-24
4.4336712e+02 4.5250125e-24
4.4456797e+02 4.5254436e-24
4.4577207e+02 4.5258825e-24
4.4697943e+02 4.5263296e-24
4.4819006e+02 4.5267851e-24
4.4940397e+02 4.5272496e-24
4.5062117e+02 4.5277235e-24
4.5184166e+02 4.5282075e-24
4.5306546e+02 4.5287024e-24
4.5429258e+02 4.5292091e-24
4.5552302e+02 4.5297288e-24
4.5675679e+02 4.5302630e-24
4.5799390e+02 4.5308137e-24
4.5923437e+02 4.5313834e-24
4.6047819e+02 4.5319755e-24
4.6172538e+02 4.5325945e-24
4.6297595e+02 4.5332465e-24
4.6422991e+02 4.5339403e-24
4.6548726e+02 4.5346885e-24
4.6674802e+02 4.5355096e-24
4.6801220e+02 4.5364322e-24
4.6927980e+02 4.5375024e-24
4.7055083e+02 4.5387977e-24
4.7182530e+02 4.5404574e-24
4.7310323e+02 4.5427538e-24
4.7438461e+02 4.5462781e-24
4.7566947e+02 4.5525261e-24
4.7695781e+02 4.5662644e-24
4.7824964e+02 4.6102588e-24
4.7954496e+02 4.9778630e-24
4.8084380e+02 5.8979796e-24
4.8214615e+02 4.6428656e-24
4.8345203e+02 4.5745794e-24
4.8476144e+02 4.5579115e-24
4.8607441e+02 4.5517459e-24
4.8739093e+02 4.5490392e-24
4.8871101e+02 4.5477970e-24
4.9003467e+02 4.5472805e-24
4.9136192e+02 4.5471654e-24
4.9269276e+02 4.5472912e-24
4.9402720e+02 4.5475715e-24
4.9536526e+02 4.5479561e-24
4.9670694e+02 4.5484145e-24
4.9805226e+02 4.5489271e-24
4.9940122e+02 4.5494812e-24
5.0075384e+02 4.5500679e-24
5.0211011e+02 4.5506811e-24
5.0347006e+02 4.5513162e-24
5.0483370e+02 4.5519702e-24
5.0620103e+02 4.5526406e-24
5.0757206e+02 4.5533256e-24
5.0894680e+02 4.5540238e-24
5.1032527e+02 4.5547342e-24
5.1170747e+02 4.5554558e-24
5.1309342e+02 4.5561880e-24
5.1448312e+02 4.5569304e-24
5.1587658e+02 4.5576824e-24
5.1727382e+02 4.5584438e-24
5.1867484e+02 4.5592142e-24
5.2007966e+02 4.5599935e-24
5.2148828e+02 4.5607814e-24
5.2290072e+02 4.5615779e-24
5.2431698e+02 4.5623827e-24
5.2573708e+02 4.5631958e-24
5.2716102e+02 4.5640172e-24
5.2858882e+02 4.5648466e-24
5.3002049e+02 4.5656842e-24
5.3145603e+02 4.5665298e-24
5.3289547e+02 4.5673835e-24
5.3433880e+02 4.5682451e-24
5.3578604e+02 4.5691148e-24
5.3723720e+02 4.5699924e-24
5.3869230e+02 4.5708780e-24
5.4015133e+02 4.5717715e-24
5.4161431e+02 4.5726731e-24
5.4308126e+02 4.5735826e-24
5.4455218e+02 4.5745001e-24
5.4602709e+02 4.5754256e-24
5.4750599e+02 4.5763591e-24
5.4898889e+02 4.5773006e-24
5.5047581e+02 4.5782501e-24
5.5196676e+02 4.5792078e-24
5.5346175e+02 4.5801735e-24
5.5496078e+02 4.5811473e-24
5.5646388e+02 4.5821292e-24
5.5797105e+02 4.5831193e-24
5.5948230e+02 4.5841176e-24
5.6099764e+02 4.5851240e-24
5.6251708e+02 4.5861387e-24
5.6404065e+02 4.5871616e-24
5.6556833e+02 4.5881928e-24
5.6710016e+02 4.5892323e-24
5.6863614e+02 4.5902802e-24
5.7017627e+02 4.5913364e-24
5.7172058e+02 4.5924009e-24
5.7326907e+02 4.5934740e-24
5.7482175e+02 4.5945554e-24
5.7637864e+02 4.5956454e-24
5.7793974e+02 4.5967438e-24
5.7950508e+02 4.5978508e-24
5.8107465e+02 4.5989664e-24
5.8264848e+02 4.6000906e-24
5.8422656e+02 4.6012234e-24
5.8580893e+02 4.6023649e-24
5.8739557e+02 4.6035151e-24
5.8898652e+02 4.6046740e-24
5.9058177e+02 4.6058417e-24
5.9218134e+02 4.6070182e-24
5.9378525e+02 4.6082036e-24
5.9539350e+02 4.6093978e-24
5.9700611e+02 4.6106010e-24
5.9862308e+02 4.6118130e-24
6.0024444e+02 4.6130341e-24
6.0187018e+02 4.6142642e-24
6.0350033e+02 4.6155033e-24
6.0513490e+02 4.6167515e-24
6.0677389e+02 4.6180088e-24
6.0841732e+02 4.6192753e-24
6.1006520e+02 4.6205509e-24
6.1171754e+02 4.6218358e-24
6.1337436e+02 4.6231300e-24
6.1503567e+02 4.6244335e-24
6.1670148e+02 4.6257463e-24
6.1837180e+02 4.6270685e-24
6.2004664e+02 4.6284001e-24
6.2172602e+02 4.6297411e-24
6.2340995e+02 4.6310916e-24
6.2509843e+02 4.6324517e-24
6.2679150e+02 4.6338213e-24
6.2848914e+02 4.6352005e-24
6.3019139e+02 4.6365894e-24
6.3189825e+02 4.6379880e-24
6.3360972e+02 4.6393962e-24
6.3532584e+02 4.6408143e-24
6.3704660e+02 4.6422421e-24
6.3877202e+02 4.6436798e-24
6.4050212e+02 4.6451273e-24
6.4223690e+02 4.6465848e-24
6.4397638e+02 4.6480522e-24
6.4572058e+02 4.6495296e-24
6.4746949e+02 4.6510170e-24
6.4922315e+02 4.6525146e-24
6.5098155e+02 4.6540222e-24
6.5274471e+02 4.6555400e-24
6.5451265e+02 4.6570680e-24
6.5628538e+02 4.6586063e-24
6.5806291e+02 4.6601548e-24
6.5984526e+02 4.6617137e-24
6.6163243e+02 4.6632829e-24
6.6342445e+02 4.6648626e-24
6.6522131e+02 4.6664526e-24
6.6702305e+02 4.6680532e-24
6.6882966e+02 4.6696643e-24
6.7064117e+02 4.6712860e-24
6.7245758e+02 4.6729184e-24
6.7427891e+02 4.6745614e-24
6.7610518e+02 4.6762150e-24
6.7793639e+02 4.6778795e-24
6.7977256e+02 4.6795547e-24
6.8161371e+02 4.6812408e-24
6.8345984e+02 4.6829378e-24
6.8531097e+02 4.6846457e-24
6.8716712e+02 4.6863645e-24
6.8902829e+02 4.6880944e-24
6.9089450e+02 4.6898354e-24
6.9276577e+02 4.6915874e-24
6.9464211e+02 4.6933506e-24
6.9652353e+02 4.6951250e-24
6.9841004e+02 4.6969107e-24
7.0030167e+02 4.6987076e-24
7.0219841e+02 4.7005158e-24
7.0410030e+02 4.7023355e-24
7.0600733e+02 4.7041666e-24
7.0791954e+02 4.7060091e-24
7.0983692e+02 4.7078632e-24
7.1175949e+02 4.7097288e-24
7.1368727e+02 4.7116060e-24
7.1562027e+02 4.7134949e-24
7.1755851e+02 4.7153955e-24
7.1950200e+02 4.7173079e-24
7.2145075e+02 4.7192321e-24
7.2340478e+02 4.7211681e-24
7.2536410e+02 4.7231160e-24
7.2732873e+02 4.7250758e-24
7.2929868e+02 4.7270477e-24
7.3127396e+02 4.7290316e-24
7.3325460e+02 4.7310276e-24
7.3524060e+02 4.7330357e-24
7.3723198e+02 4.7350561e-24
7.3922875e+02 4.7370886e-24
7.4123093e+02 4.7391335e-24
7.4323853e+02 4.7411907e-24
7.4525157e+02 4.7432603e-24
7.4727007e+02 4.7453423e-24
7.4929403e+02 4.7474368e-24
7.5132347e+02 4.7495439e-24
7.5335841e+02 4.7516635e-24
7.5539886e+02 4.7537958e-24
7.5744484e+02 4.7559408e-24
7.5949635e+02 4.7580985e-24
7.6155343e+02 4.7602691e-24
7.6361608e+02 4.7624524e-24
7.6568431e+02 4.7646487e-24
7.6775814e+02 4.7668579e-24
7.6983760e+02 4.7690802e-24
7.7192268e+02 4.7713155e-24
7.7401341e+02 4.7735639e-24
7.7610980e+02 4.7758254e-24
7.7821188e+02 4.7781002e-24
7.8031964e+02 4.7803883e-24
7.8243312e+02 4.7826896e-24
7.8455231e+02 4.7850044e-24
7.8667725e+02 4.7873326e-24
7.8880795e+02 4.7896742e-24
7.9094441e+02 4.7920294e-24
7.9308666e+02 4.7943982e-24
7.9523471e+02 4.7967807e-24
7.9738859e+02 4.7991768e-24
7.9954829e+02 4.8015867e-24
8.0171384e+02 4.8040104e-24
8.0388526e+02 4.8064480e-24
8.0606257e+02 4.8088995e-24
8.0824576e+02 4.8113650e-24
8.1043487e+02 4.8138445e-24
8.1262991e+02 4.8163381e-24
8.1483090e+02 4.8188458e-24
8.1703785e+02 4.8213678e-24
8.1925077e+02 4.8239040e-24
8.2146969e+02 4.8264546e-24
8.2369462e+02 4.8290195e-24
8.2592557e+02 4.8315988e-24
8.2816257e+02 4.8341927e-24
8.3040562e+02 4.8368011e-24
8.3265475e+02 4.8394241e-24
8.3490998e+02 4.8420617e-24
8.3717131e+02 4.8447141e-24
8.3943876e+02 4.8473813e-24
8.4171236e+02 4.8500633e-24
8.4399211e+02 4.8527602e-24
8.4627804e+02 4.8554720e-24
8.4857016e+02 4.8581989e-24
8.5086849e+02 4.8609409e-24
8.5317305e+02 4.8636980e-24
8.5548384e+02 4.8664703e-24
8.5780090e+02 4.8692579e-24
8.6012423e+02 4.8720607e-24
8.6245385e+02 4.8748790e-24
8.6478978e+02 4.8777127e-24
8.6713204e+02 4.8805619e-24
8.6948064e+02 4.8834267e-24
8.7183561e+02 4.8863071e-24
8.7419695e+02 4.8892032e-24
8.7656469e+02 4.8921151e-24
8.7893884e+02 4.8950428e-24
8.8131942e+02 4.8979864e-24
8.8370645e+02 4.9009459e-24
8.8609994e+02 4.9039214e-24
8.8849992e+02 4.9069130e-24
8.9090640e+02 4.9099208e-24
8.9331939e+02 4.9129447e-24
8.9573892e+02 4.9159850e-24
8.9816501e+02 4.9190416e-24
9.0059766e+02 4.9221146e-24
9.0303691e+02 4.9252041e-24
9.0548276e+02 4.9283102e-24
9.0793523e+02 4.9314330e-24
9.1039435e+02 4.9345724e-24
9.1286013e+02 4.9377287e-24
9.1533258e+02 4.9409019e-24
9.1781174e+02 4.9440922e-24
9.2029760e+02 4.9472995e-24
9.2279021e+02 4.9505241e-24
9.2528956e+02 4.9537662e-24
9.2779568e+02 4.9570258e-24
9.3030859e+02 4.9603033e-24
9.3282830e+02 4.9635990e-24
9.3535484e+02 4.9669133e-24
9.3788822e+02 4.9702471e-24
9.4042847e+02 4.9736013e-24
9.4297559e+02 4.9769780e-24
9.4552962e+02 4.9803810e-24
9.4809056e+02 4.9838177e-24
9.5065843e+02 4.9873068e-24
9.5323327e+02 4.9909032e-24
9.5581507e+02 4.9948371e-24
9.5840387e+02 5.0011710e-24
9.6099968e+02 5.3933935e-24
9.6360252e+02 5.0069929e-24
9.6621241e+02 5.0086375e-24
9.6882937e+02 5.0118003e-24
9.7145342e+02 5.0152227e-24
9.7408457e+02 5.0187354e-24
9.7672285e+02 5.0222951e-24
9.7936828e+02 5.0258870e-24
9.8202087e+02 5.0295047e-24
9.8468065e+02 5.0331453e-24
9.8734763e+02 5.0368071e-24
9.9002183e+02 5.0404894e-24
9.9270328e+02 5.0441917e-24
9.9539199e+02 5.0479136e-24
9.9808798e+02 5.0516551e-24
1.0007913e+03 5.0554161e-24
1.0035019e+03 5.0591964e-24
1.0062198e+03 5.0629962e-24
1.0089452e+03 5.0668154e-24
1.0116779e+03 5.0706540e-24
1.0144180e+03 5.0745121e-24
1.0171655e+03 5.0783898e-24
1.0199205e+03 5.0822871e-24
1.0226829e+03 5.0862040e-24
1.0254528e+03 5.0901407e-24
1.0282302e+03 5.0940971e-24
1.0310151e+03 5.0980734e-24
1.0338076e+03 5.1020696e-24
1.0366076e+03 5.1060858e-24
1.0394153e+03 5.1101221e-24
1.0422305e+03 5.1141784e-24
1.0450534e+03 5.1182550e-24
1.0478838e+03 5.1223519e-24
1.0507220e+03 5.1264690e-24
1.0535679e+03 5.1306066e-24
1.0564214e+03 5.1347647e-24
1.0592827e+03 5.1389434e-24
1.0621517e+03 5.1431427e-24
1.0650286e+03 5.1473627e-24
1.0679132e+03 5.1516035e-24
1.0708056e+03 5.1558652e-24
1.0737058e+03 5.1601478e-24
1.0766139e+03 5.1644514e-24
1.0795299e+03 5.1687761e-24
1.0824538e+03 5.1731220e-24
1.0853856e+03 5.1774892e-24
1.0883253e+03 5.1818777e-24
1.0912730e+03 5.1862875e-24
1.0942287e+03 5.1907189e-24
1.0971924e+03 5.1951718e-24
1.1001641e+03 5.1996463e-24
1.1031439e+03 5.2041426e-24
1.1061317e+03 5.2086607e-24
1.1091276e+03 5.2132006e-24
1.1121317e+03 5.2177625e-24
1.1151438e+03 5.2223464e-24
1.1181642e+03 5.2269524e-24
1.1211927e+03 5.2315806e-24
1.1242294e+03 5.2362311e-24
1.1272744e+03 5.2409039e-24
1.1303275e+03 5.2455992e-24
1.1333890e+03 5.2503170e-24
1.1364588e+03 5.2550573e-24
1.1395368e+03 5.2598204e-24
1.1426232e+03 5.2646062e-24
1.1457180e+03 5.2694148e-24
1.1488211e+03 5.2742463e-24
1.1519327e+03 5.2791009e-24
1.1550527e+03 5.2839785e-24
1.1581811e+03 5.2888792e-24
1.1613180e+03 5.2938033e-24
1.1644634e+03 5.2987506e-24
1.1676173e+03 5.3037214e-24
1.1707798e+03 5.3087156e-24
1.1739508e+03 5.3137334e-24
1.1771304e+03 5.3187749e-24
1.1803186e+03 5.3238401e-24
1.1835155e+03 5.3289292e-24
1.1867210e+03 5.3340421e-24
1.1899352e+03 5.3391791e-24
1.1931581e+03 5.3443401e-24
1.1963898e+03 5.3495253e-24
1.1996301e+03 5.3547347e-24
1.2028793e+03 5.3599684e-24
1.2061373e+03 5.3652266e-24
1.2094041e+03 5.3705093e-24
1.2126797e+03 5.3758165e-24
1.2159642e+03 5.3811485e-24
1.2192576e+03 5.3865051e-24
1.2225599e+03 5.3918867e-24
1.2258712e+03 5.3972931e-24
1.2291914e+03 5.4027246e-24
1.2325207e+03 5.4081811e-24
1.2358589e+03 5.4136629e-24
1.2392062e+03 5.4191699e-24
1.2425626e+03 5.4247023e-24
1.2459280e+03 5.4302602e-24
1.2493026e+03 5.4358435e-24
1.2526863e+03 5.4414525e-24
1.2560791e+03 5.4470872e-24
1.2594812e+03 5.4527477e-24
1.2628925e+03 5.4584341e-24
1.2663130e+03 5.4641465e-24
1.2697428e+03 5.4698849e-24
1.2731818e+03 5.4756495e-24
1.2766302e+03 5.4814404e-24
1.2800879e+03 5.4872575e-24
1.2835550e+03 5.4931011e-24
1.2870315e+03 5.4989712e-24
1.2905174e+03 5.5048679e-24
1.2940127e+03 5.5107913e-24
1.2975175e+03 5.5167414e-24
1.3010318e+03 5.5227185e-24
1.3045556e+03 5.5287225e-24
1.3080889e+03 5.5347535e-24
1.3116319e+03 5.5408117e-24
1.3151844e+03 5.5468971e-24
1.3187465e+03 5.5530098e-24
1.3223183e+03 5.5591500e-24
1.3258998e+03 5.5653176e-24
1.3294909e+03 5.5715129e-24
1.3330918e+03 5.5777358e-24
1.3367025e+03 5.5839866e-24
1.3403229e+03 5.5902652e-24
1.3439531e+03 5.5965718e-24
1.3475932e+03 5.6029064e-24
1.3512431e+03 5.6092692e-24
1.3549029e+03 5.6156602e-24
1.3585726e+03 5.6220796e-24
1.3622523e+03 5.6285274e-24
1.3659419e+03 5.6350038e-24
1.3696415e+03 5.6415087e-24
1.3733511e+03 5.6480424e-24
1.3770708e+03 5.6546050e-24
1.3808006e+03 5.6611964e-24
1.3845404e+03 5.6678169e-24
1.3882904e+03 5.6744665e-24
1.3920506e+03 5.6811453e-24
1.3958209e+03 5.6878534e-24
1.3996015e+03 5.6945910e-24
1.4033922e+03 5.7013582e-24
1.4071933e+03 5.7081551e-24
1.4110046e+03 5.7149820e-24
1.4148263e+03 5.7218390e-24
1.4186583e+03 5.7287267e-24
1.4225007e+03 5.7356457e-24
1.4263535e+03 5.7425980e-24
1.4302168e+03 5.7495886e-24
1.4340905e+03 5.7566402e-24
1.4379747e+03 5.7639828e-24
1.4418694e+03 5.7783637e-24
1.4457746e+03 5.7779408e-24
1.4496905e+03 5.7849408e-24
1.4536169e+03 5.7920714e-24
1.4575540e+03 5.7992504e-24
1.4615017e+03 5.8064658e-24
1.4654602e+03 5.8137143e-24
1.4694293e+03 5.8209951e-24
1.4734092e+03 5.8283076e-24
1.4773999e+03 5.8356517e-24
1.4814014e+03 5.8430275e-24
1.4854138e+03 5.8504350e-24
1.4894370e+03 5.8578741e-24
1.4934711e+03 5.8653450e-24
1.4975161e+03 5.8728478e-24
1.5015721e+03 5.8803825e-24
1.5056390e+03 5.8879493e-24
1.5097170e+03 5.8955481e-24
1.5138060e+03 5.9031792e-24
1.5179061e+03 5.9108427e-24
1.5220174e+03 5.9185385e-24
1.5261397e+03 5.9262669e-24
1.5302732e+03 5.9340278e-24
1.5344179e+03 5.9418215e-24
1.5385738e+03 5.9496480e-24
1.5427410e+03 5.9575075e-24
1.5469195e+03 5.9653999e-24
1.5511093e+03 5.9733255e-24
1.5553104e+03 5.9812843e-24
1.5595229e+03 5.9892764e-24
1.5637469e+03 5.9973019e-24
1.5679822e+03 6.0053610e-24
1.5722291e+03 6.0134537e-24
1.5764874e+03 6.0215801e-24
1.5807573e+03 6.0297404e-24
1.5850387e+03 6.0379346e-24
1.5893317e+03 6.0461629e-24
1.5936364e+03 6.0544253e-24
1.5979527e+03 6.0627219e-24
1.6022807e+03 6.0710529e-24
1.6066205e+03 6.0794184e-24
1.6109719e+03 6.0878184e-24
1.6153352e+03 6.0962531e-24
1.6197103e+03 6.1047226e-24
1.6240973e+03 6.1132270e-24
1.6284961e+03 6.1217663e-24
1.6329068e+03 6.1303407e-24
1.6373295e+03 6.1389503e-24
1.6417642e+03 6.1475952e-24
1.6462108e+03 6.1562755e-24
1.6506695e+03 6.1649914e-24
1.6551403e+03 6.1737428e-24
1.6596232e+03 6.1825300e-24
1.6641183e+03 6.1913530e-24
1.6686255e+03 6.2002119e-24
1.6731449e+03 6.2091069e-24
1.6776766e+03 6.2180380e-24
1.6822205e+03 6.2270054e-24
1.6867768e+03 6.2360091e-24
1.6913454e+03 6.2450493e-24
1.6959263e+03 6.2541261e-24
1.7005197e+03 6.2632396e-24
1.7051255e+03 6.2723899e-24
1.7097438e+03 6.2815771e-24
1.7143746e+03 6.2908013e-24
1.7190179e+03 6.3000626e-24
1.7236738e+03 6.3093611e-24
1.7283424e+03 6.3186970e-24
1.7330235e+03 6.3280704e-24
1.7377174e+03 6.3374813e-24
1.7424239e+03 6.3469298e-24
1.7471432e+03 6.3564162e-24
1.7518753e+03 6.3659404e-24
1.7566202e+03 6.3755026e-24
1.7613780e+03 6.3851030e-24
1.7661486e+03 6.3947415e-24
1.7709322e+03 6.4044184e-24
1.7757287e+03 6.4141338e-24
1.7805382e+03 6.4238876e-24
1.7853608e+03 6.4336802e-24
1.7901964e+03 6.4435115e-24
1.7950451e+03 6.4533817e-24
1.7999069e+03 6.4632909e-24
1.8047819e+03 6.4732392e-24
1.8096701e+03 6.4832267e-24
1.8145715e+03 6.4932536e-24
1.8194863e+03 6.5033199e-24
1.8244143e+03 6.5134258e-24
1.8293557e+03 6.5235714e-24
1.8343104e+03 6.5337567e-24
1.8392786e+03 6.5439819e-24
1.8442602e+03 6.5542472e-24
1.8492554e+03 6.5645526e-24
1.8542640e+03 6.5748982e-24
1.8592862e+03 6.5852842e-24
1.8643221e+03 6.5957107e-24
1.8693715e+03 6.6061778e-24
1.8744347e+03 6.6166856e-24
1.8795115e+03 6.6272343e-24
1.8846021e+03 6.6378239e-24
1.8897065e+03 6.6484547e-24
1.8948247e+03 6.6591268e-24
1.8999568e+03 6.6698406e-24
1.9051028e+03 6.6805967e-24
1.9102627e+03 6.6913974e-24
1.9154366e+03 6.7022566e-24
1.9206245e+03 6.7144464e-24
1.9258265e+03 6.7240875e-24
1.9310425e+03 6.7350012e-24
1.9362727e+03 6.7459990e-24
1.9415170e+03 6.7570440e-24
1.9467756e+03 6.7681325e-24
1.9520484e+03 6.7792641e-24
1.9573354e+03 6.7904384e-24
1.9626368e+03 6.8016555e-24
1.9679526e+03 6.8129154e-24
1.9732827e+03 6.8242183e-24
1.9786273e+03 6.8355643e-24
1.9839864e+03 6.8469535e-24
1.9893599e+03 6.8583859e-24
1.9947481e+03 6.8698617e-24
2.0001508e+03 6.8813811e-24
2.0055681e+03 6.8929440e-24
2.0110002e+03 6.9045508e-24
2.0164469e+03 6.9162014e-24
2.0219084e+03 6.9278960e-24
2.0273847e+03 6.9396347e-24
2.0328758e+03 6.9514176e-24
2.0383818e+03 6.9632449e-24
2.0439027e+03 6.9751166e-24
2.0494385e+03 6.9870330e-24
2.0549894e+03 6.9989941e-24
2.0605553e+03 7.0110000e-24
2.0661362e+03 7.0230508e-24
2.0717323e+03 7.0351468e-24
2.0773435e+03 7.0472880e-24
2.0829699e+03 7.0594744e-24
2.0886116e+03 7.0717064e-24
2.0942686e+03 7.0839839e-24
2.0999408e+03 7.0963071e-24
2.1056285e+03 7.1086761e-24
2.1113315e+03 7.1210911e-24
2.1170500e+03 7.1335521e-24
2.1227839e+03 7.1460593e-24
2.1285334e+03 7.1586128e-24
2.1342985e+03 7.1712128e-24
2.1400792e+03 7.1838593e-24
2.1458756e+03 7.1965526e-24
2.1516876e+03 7.2092926e-24
2.1575154e+03 7.2220796e-24
2.1633590e+03 7.2349137e-24
2.1692184e+03 7.2477949e-24
2.1750936e+03 7.2607235e-24
2.1809848e+03 7.2736995e-24
2.1868919e+03 7.2867230e-24
2.1928151e+03 7.2997943e-24
2.1987543e+03 7.3129134e-24
2.2047095e+03 7.3260805e-24
2.2106809e+03 7.3392956e-24
2.2166685e+03 7.3525589e-24
2.2226723e+03 7.3658706e-24
2.2286923e+03 7.3792308e-24
2.2347287e+03 7.3926395e-24
2.2407814e+03 7.4060969e-24
2.2468505e+03 7.4196032e-24
2.2529360e+03 7.4331585e-24
2.2590380e+03 7.4467629e-24
2.2651565e+03 7.4604166e-24
2.2712917e+03 7.4741196e-24
2.2774434e+03 7.4878721e-24
2.2836118e+03 7.5016742e-24
2.2897969e+03 7.5155261e-24
2.2959987e+03 7.5294278e-24
2.3022174e+03 7.5433797e-24
2.3084529e+03 7.5573816e-24
2.3147053e+03 7.5714338e-24
2.3209746e+03 7.5855365e-24
2.3272609e+03 7.5996897e-24
2.3335642e+03 7.6138936e-24
2.3398846e+03 7.6281483e-24
2.3462221e+03 7.6424540e-24
2.3525768e+03 7.6568108e-24
2.3589487e+03 7.6712188e-24
2.3653378e+03 7.6856781e-24
2.3717443e+03 7.7001890e-24
2.3781681e+03 7.7147517e-24
2.3846093e+03 7.7293665e-24
2.3910679e+03 7.7440348e-24
2.3975441e+03 7.7587718e-24
2.4040377e+03 7.7736169e-24
2.4105490e+03 7.7883475e-24
2.4170779e+03 7.8032185e-24
2.4236245e+03 7.8181450e-24
2.4301888e+03 7.8331248e-24
2.4367709e+03 7.8481576e-24
2.4433708e+03 7.8632434e-24
2.4499886e+03 7.8783824e-24
2.4566244e+03 7.8935747e-24
2.4632781e+03 7.9088204e-24
2.4699498e+03 7.9241196e-24
2.4766396e+03 7.9394725e-24
2.4833475e+03 7.9548791e-24
2.4900736e+03 7.9703397e-24
2.4968179e+03 7.9858544e-24
2.5035804e+03 8.0014233e-24
2.5103613e+03 8.0170465e-24
2.5171606e+03 8.0327243e-24
2.5239782e+03 8.0484567e-24
2.5308143e+03 8.0642438e-24
2.5376690e+03 8.0800859e-24
2.5445422e+03 8.0959830e-24
2.5514340e+03 8.1119354e-24
2.5583445e+03 8.1279430e-24
2.5652737e+03 8.1440062e-24
2.5722217e+03 8.1601249e-24
2.5791885e+03 8.1762995e-24
2.5861741e+03 8.1925299e-24
2.5931787e+03 8.2088164e-24
2.6002023e+03 8.2251591e-24
2.6072448e+03 8.2415581e-24
2.6143065e+03 8.2580136e-24
2.6213873e+03 8.2745258e-24
2.6284872e+03 8.2910947e-24
2.6356064e+03 8.3077205e-24
2.6427449e+03 8.3244034e-24
2.6499027e+03 8.3411435e-24
2.6570799e+03 8.3579409e-24
2.6642765e+03 8.3747958e-24
2.6714926e+03 8.3917084e-24
2.6787283e+03 8.4086788e-24
2.6859835e+03 8.4257071e-24
2.6932584e+03 8.4427935e-24
2.7005531e+03 8.4599381e-24
2.7078674e+03 8.4771411e-24
2.7152016e+03 8.4944027e-24
2.7225557e+03 8.5117229e-24
2.7299296e+03 8.5291019e-24
2.7373236e+03 8.5465400e-24
2.7447375e+03 8.5640371e-24
2.7521716e+03 8.5815935e-24
2.7596258e+03 8.5992094e-24
2.7671001e+03 8.6168848e-24
2.7745947e+03 8.6346199e-24
2.7821096e+03 8.6524149e-24
2.7896449e+03 8.6702700e-24
2.7972006e+03 8.6881852e-24
2.8047767e+03 8.7061608e-24
2.8123734e+03 8.7241968e-24
2.8199906e+03 8.7422935e-24
2.8276285e+03 8.7604510e-24
2.8352870e+03 8.7786694e-24
2.8429663e+03 8.7969490e-24
2.8506664e+03 8.8152898e-24
2.8583874e+03 8.8336922e-24
2.8661293e+03 8.8521563e-24
2.8738921e+03 8.8706838e-24
2.8816759e+03 8.8897391e-24
2.8894809e+03 8.9079214e-24
2.8973070e+03 8.9266300e-24
2.9051542e+03 8.9454034e-24
2.9130228e+03 8.9642396e-24
2.9209126e+03 8.9831386e-24
2.9288238e+03 9.0021004e-24
2.9367565e+03 9.0211252e-24
2.9447106e+03 9.0402131e-24
2.9526862e+03 9.0593643e-24
2.9606835e+03 9.0785790e-24
2.9687024e+03 9.0978573e-24
2.9767431e+03 9.1171993e-24
2.9848055e+03 9.1366053e-24
2.9928898e+03 9.1560753e-24
3.0009959e+03 9.1756096e-24
3.0091241e+03 9.1952083e-24
3.0172742e+03 9.2148716e-24
3.0254464e+03 9.2345996e-24
3.0336407e+03 9.2543926e-24
3.0418573e+03 9.2742505e-24
3.0500960e+03 9.2941737e-24
3.0583571e+03 9.3141623e-24
3.0666406e+03 9.3342164e-24
3.0749465e+03 9.3543362e-24
3.0832749e+03 9.3745219e-24
3.0916259e+03 9.3947737e-24
3.0999995e+03 9.4150916e-24
3.1083957e+03 9.4354760e-24
3.1168148e+03 9.4559268e-24
3.1252566e+03 9.4764444e-24
3.1337212e+03 9.4970289e-24
3.1422088e+03 9.5176804e-24
3.1507194e+03 9.5383990e-24
3.1592530e+03 9.5591851e-24
3.1678098e+03 9.5800387e-24
3.1763897e+03 9.6009601e-24
3.1849929e+03 9.6219493e-24
3.1936193e+03 9.6430065e-24
3.2022692e+03 9.6641320e-24
3.2109424e+03 9.6853259e-24
3.2196392e+03 9.7065884e-24
3.2283595e+03 9.7279195e-24
3.2371034e+03 9.7493196e-24
3.2458710e+03 9.7707888e-24
3.2546624e+03 9.7923272e-24
3.2634775e+03 9.8139351e-24
3.2723166e+03 9.8356125e-24
3.2811795e+03 9.8573597e-24
3.2900665e+03 9.8791769e-24
3.2989776e+03 9.9010642e-24
3.3079128e+03 9.9230218e-24
3.3168722e+03 9.9450499e-24
3.3258558e+03 9.9671486e-24
3.3348638e+03 9.9893182e-24
3.3438962e+03 1.0011559e-23
3.3529530e+03 1.0033871e-23
3.3620344e+03 1.0056473e-23
3.3711404e+03 1.0078709e-23
3.3802710e+03 1.0101235e-23
3.3894264e+03 1.0123833e-23
3.3986066e+03 1.0146503e-23
3.4078116e+03 1.0169245e-23
3.4170416e+03 1.0192060e-23
3.4262965e+03 1.0214948e-23
3.4355766e+03 1.0237908e-23
3.4448817e+03 1.0260942e-23
3.4542121e+03 1.0284048e-23
3.4635677e+03 1.0307228e-23
3.4729487e+03 1.0330481e-23
3.4823551e+03 1.0353808e-23
3.4917870e+03 1.0377209e-23
3.5012444e+03 1.0400684e-23
3.5107274e+03 1.0424234e-23
3.5202361e+03 1.0447857e-23
3.5297706e+03 1.0471556e-23
3.5393308e+03 1.0495329e-23
3.5489170e+03 1.0519177e-23
3.5585292e+03 1.0543101e-23
3.5681673e+03 1.0567100e-23
3.5778316e+03 1.0591174e-23
3.5875221e+03 1.0615324e-23
3.5972388e+03 1.0639550e-23
3.6069818e+03 1.0663852e-23
3.6167512e+03 1.0688231e-23
3.6265471e+03 1.0712686e-23
3.6363695e+03 1.0737218e-23
3.6462185e+03 1.0761826e-23
3.6560942e+03 1.0786512e-23
3.6659966e+03 1.0811275e-23
3.6759259e+03 1.0836115e-23
3.6858820e+03 1.0861034e-23
3.6958651e+03 1.0886030e-23
3.7058753e+03 1.0911104e-23
3.7159125e+03 1.0936256e-23
3.7259770e+03 1.0961487e-23
3.7360687e+03 1.0986796e-23
3.7461877e+03 1.1012185e-23
3.7563342e+03 1.1037652e-23
3.7665081e+03 1.1063199e-23
3.7767096e+03 1.1088825e-23
3.7869387e+03 1.1114530e-23
3.7971955e+03 1.1140316e-23
3.8074801e+03 1.1166181e-23
3.8177926e+03 1.1192127e-23
3.8281329e+03 1.1218153e-23
3.8385013e+03 1.1244262e-23
3.8488978e+03 1.1270449e-23
3.8593224e+03 1.1296716e-23
3.8697753e+03 1.1323066e-23
3.8802565e+03 1.1349497e-23
3.8907661e+03 1.1376010e-23
3.9013041e+03 1.1402605e-23
3.9118707e+03 1.1429282e-23
3.9224658e+03 1.1456041e-23
3.9330897e+03 1.1482883e-23
3.9437424e+03 1.1509807e-23
3.9544239e+03 1.1536814e-23
3.9651344e+03 1.1563905e-23
3.9758738e+03 1.1591078e-23
3.9866424e+03 1.1618335e-23
3.9974401e+03 1.1645676e-23
4.0082670e+03 1.1673101e-23
4.0191233e+03 1.1700610e-23
4.0300090e+03 1.1728203e-23
4.0409242e+03 1.1755880e-23
4.0518689e+03 1.1783643e-23
4.0628433e+03 1.1811490e-23
4.0738474e+03 1.1839423e-23
4.0848813e+03 1.1867441e-23
4.0959451e+03 1.1895545e-23
4.1070388e+03 1.1923734e-23
4.1181626e+03 1.1952010e-23
4.1293165e+03 1.1980372e-23
4.1405007e+03 1.2008820e-23
4.1517151e+03 1.2037355e-23
4.1629599e+03 1.2065977e-23
4.1742352e+03 1.2094686e-23
4.1855410e+03 1.2123483e-23
4.1968774e+03 1.2152367e-23
4.2082445e+03 1.2181339e-23
4.2196424e+03 1.2210398e-23
4.2310712e+03 1.2239547e-23
4.2425310e+03 1.2268783e-23
4.2540217e+03 1.2298108e-23
4.2655436e+03 1.2327522e-23
4.2770968e+03 1.2357026e-23
4.2886811e+03 1.2386618e-23
4.3002969e+03 1.2416300e-23
4.3119442e+03 1.2446072e-23
4.3236229e+03 1.2477542e-23
4.3353334e+03 1.2505887e-23
4.3470755e+03 1.2535929e-23
4.3588494e+03 1.2566063e-23
4.3706552e+03 1.2596287e-23
4.3824930e+03 1.2626602e-23
4.3943629e+03 1.2657009e-23
4.4062649e+03 1.2687508e-23
4.4181992e+03 1.2718098e-23
4.4301657e+03 1.2748781e-23
4.4421647e+03 1.2779555e-23
4.4541962e+03 1.2810423e-23
4.4662603e+03 1.2841383e-23
4.4783570e+03 1.2872436e-23
4.4904865e+03 1.2903582e-23
4.5026489e+03 1.2934822e-23
4.5148442e+03 1.2966156e-23
4.5270725e+03 1.2997583e-23
4.5393339e+03 1.3029105e-23
4.5516286e+03 1.3060721e-23
4.5639566e+03 1.3092432e-23
4.5763179e+03 1.3124237e-23
4.5887127e+03 1.3156138e-23
4.6011411e+03 1.3188135e-23
4.6136032e+03 1.3220227e-23
4.6260990e+03 1.3252414e-23
4.6386287e+03 1.3284698e-23
4.6511923e+03 1.3317078e-23
4.6637899e+03 1.3349555e-23
4.6764216e+03 1.3382129e-23
4.6890876e+03 1.3414800e-23
4.7017879e+03 1.3447568e-23
4.7145225e+03 1.3480433e-23
4.7272917e+03 1.3513397e-23
4.7400954e+03 1.3546458e-23
4.7529338e+03 1.3579619e-23
4.7658070e+03 1.3612877e-23
4.7787151e+03 1.3646234e-23
4.7916581e+03 1.3679691e-23
4.8046362e+03 1.3713281e-23
4.8176494e+03 1.3746901e-23
4.8306979e+03 1.3780656e-23
4.8437817e+03 1.3814512e-23
4.8569009e+03 1.3848467e-23
4.8700557e+03 1.3882523e-23
4.8832461e+03 1.3916680e-23
4.8964723e+03 1.3950938e-23
4.9097342e+03 1.3985297e-23
4.9230321e+03 1.4019758e-23
4.9363660e+03 1.4054321e-23
4.9497360e+03 1.4088986e-23
4.9631422e+03 1.4123754e-23
4.9765848e+03 1.4158624e-23
4.9900637e+03 1.4193596e-23
5.0035791e+03 1.4228672e-23
5.0171312e+03 1.4263852e-23
5.0307200e+03 1.4299135e-23
5.0443455e+03 1.4334522e-23
5.0580080e+03 1.4370014e-23
5.0717075e+03 1.4405610e-23
5.0854441e+03 1.4441310e-23
5.0992178e+03 1.4477116e-23
5.1130289e+03 1.4513027e-23
5.1268774e+03 1.4549043e-23
5.1407634e+03 1.4585165e-23
5.1546870e+03 1.4621394e-23
5.1686484e+03 1.4657728e-23
5.1826475e+03 1.4694170e-23
5.1966846e+03 1.4730718e-23
5.2107596e+03 1.4767373e-23
5.2248728e+03 1.4804136e-23
5.2390243e+03 1.4841007e-23
5.2532140e+03 1.4877985e-23
5.2674422e+03 1.4915072e-23
5.2817089e+03 1.4952270e-23
5.2960143e+03 1.4989572e-23
5.3103584e+03 1.5026985e-23
5.3247414e+03 1.5064508e-23
5.3391633e+03 1.5102140e-23
5.3536242e+03 1.5139883e-23
5.3681244e+03 1.5177735e-23
5.3826638e+03 1.5215698e-23
5.3972426e+03 1.5253772e-23
5.4118609e+03 1.5291957e-23
5.4265188e+03 1.5330253e-23
5.4412163e+03 1.5368661e-23
5.4559537e+03 1.5407181e-23
5.4707310e+03 1.5445813e-23
5.4855483e+03 1.5484557e-23
5.5004058e+03 1.5523414e-23
5.5153035e+03 1.5562385e-23
5.5302415e+03 1.5601468e-23
5.5452200e+03 1.5640666e-23
5.5602391e+03 1.5679977e-23
5.5752989e+03 1.5719403e-23
5.5903994e+03 1.5758943e-23
5.6055409e+03 1.5798597e-23
5.6207233e+03 1.5838367e-23
5.6359469e+03 1.5878253e-23
5.6512117e+03 1.5918254e-23
5.6665178e+03 1.5958371e-23
5.6818654e+03 1.5998604e-23
5.6972546e+03 1.6038954e-23
5.7126855e+03 1.6079421e-23
5.7281581e+03 1.6120005e-23
5.7436727e+03 1.6160706e-23
5.7592293e+03 1.6201526e-23
5.7748280e+03 1.6242463e-23
5.7904689e+03 1.6283519e-23
5.8061523e+03 1.6324693e-23
5.8218781e+03 1.6365987e-23
5.8376465e+03 1.6407400e-23
5.8534576e+03 1.6448932e-23
5.8693115e+03 1.6490584e-23
5.8852084e+03 1.6532357e-23
5.9011483e+03 1.6574250e-23
5.9171314e+03 1.6616264e-23
5.9331578e+03 1.6658399e-23
5.9492276e+03 1.6700656e-23
5.9653409e+03 1.6743034e-23
5.9814978e+03 1.6785535e-23
5.9976986e+03 1.6828158e-23
6.0139432e+03 1.6870904e-23
6.0302317e+03 1.6913772e-23
6.0465645e+03 1.6956764e-23
6.0629414e+03 1.6999880e-23
6.0793627e+03 1.7043120e-23
6.0958285e+03 1.7086484e-23
6.1123389e+03 1.7129973e-23
6.1288940e+03 1.7173587e-23
6.1454939e+03 1.7217326e-23
6.1621388e+03 1.7261190e-23
6.1788288e+03 1.7305181e-23
6.1955640e+03 1.7349297e-23
6.2123445e+03 1.7393541e-23
6.2291705e+03 1.7437911e-23
6.2460420e+03 1.7482415e-23
6.2629592e+03 1.7527034e-23
6.2799223e+03 1.7571787e-23
6.2969313e+03 1.7616668e-23
6.3139864e+03 1.7661678e-23
6.3310876e+03 1.7706816e-23
6.3482352e+03 1.7752084e-23
6.3654292e+03 1.7797482e-23
6.3826698e+03 1.7843009e-23
6.3999571e+03 1.7888666e-23
6.4172912e+03 1.7934455e-23
6.4346722e+03 1.7980374e-23
6.4521004e+03 1.8026424e-23
6.4695757e+03 1.8072606e-23
6.4870984e+03 1.8118919e-23
6.5046685e+03 1.8165365e-23
6.5222862e+03 1.8211944e-23
6.5399516e+03 1.8258656e-23
6.5576649e+03 1.8305500e-23
6.5754262e+03 1.8352479e-23
6.5932355e+03 1.8399591e-23
6.6110931e+03 1.8446838e-23
6.6289991e+03 1.8494220e-23
6.6469536e+03 1.8541736e-23
6.6649566e+03 1.8589388e-23
6.6830085e+03 1.8637176e-23
6.7011092e+03 1.8685099e-23
6.7192590e+03 1.8733160e-23
6.7374579e+03 1.8781356e-23
6.7557061e+03 1.8829690e-23
6.7740038e+03 1.8878162e-23
6.7923510e+03 1.8926771e-23
6.8107479e+03 1.8975519e-23
6.8291946e+03 1.9024405e-23
6.8476913e+03 1.9073430e-23
6.8662381e+03 1.9122595e-23
6.8848351e+03 1.9171899e-23
6.9034825e+03 1.9221343e-23
6.9221804e+03 1.9270927e-23
6.9409289e+03 1.9320652e-23
6.9597282e+03 1.9370519e-23
6.9785784e+03 1.9420526e-23
6.9974797e+03 1.9470676e-23
7.0164322e+03 1.9520968e-23
7.0354360e+03 1.9571402e-23
7.0544913e+03 1.9621980e-23
7.0735982e+03 1.9672701e-23
7.0927568e+03 1.9723565e-23
7.1119674e+03 1.9774573e-23
7.1312299e+03 1.9825726e-23
7.1505447e+03 1.9877024e-23
7.1699117e+03 1.9928467e-23
7.1893312e+03 1.9980056e-23
7.2088033e+03 2.0031791e-23
7.2283282e+03 2.0083671e-23
7.2479059e+03 2.0135699e-23
7.2675367e+03 2.0187874e-23
7.2872206e+03 2.0240196e-23
7.3069578e+03 2.0292666e-23
7.3267485e+03 2.0345284e-23
7.3465928e+03 2.0398051e-23
7.3664909e+03 2.0450967e-23
7.3864428e+03 2.0504033e-23
7.4064488e+03 2.0557248e-23
7.4265089e+03 2.0610613e-23
7.4466234e+03 2.0664129e-23
7.4667924e+03 2.0717796e-23
7.4870160e+03 2.0771615e-23
7.5072944e+03 2.0825585e-23
7.5276277e+03 2.0879708e-23
7.5480160e+03 2.0933983e-23
7.5684596e+03 2.0988410e-23
7.5889586e+03 2.1042992e-23
7.6095131e+03 2.1097727e-23
7.6301232e+03 2.1152616e-23
7.6507892e+03 2.1207660e-23
7.6715112e+03 2.1262859e-23
7.6922892e+03 2.1318213e-23
7.7131236e+03 2.1373723e-23
7.7340144e+03 2.1429389e-23
7.7549617e+03 2.1485212e-23
7.7759658e+03 2.1541192e-23
7.7970268e+03 2.1597329e-23
7.8181449e+03 2.1653625e-23
7.8393201e+03 2.1710078e-23
7.8605527e+03 2.1766690e-23
7.8818428e+03 2.1823461e-23
7.9031905e+03 2.1880392e-23
7.9245961e+03 2.1937483e-23
7.9460596e+03 2.1994734e-23
7.9675813e+03 2.2052145e-23
7.9891613e+03 2.2109718e-23
8.0107997e+03 2.2167453e-23
8.0324967e+03 2.2225349e-23
8.0542525e+03 2.2283408e-23
8.0760672e+03 2.2341630e-23
8.0979410e+03 2.2400015e-23
8.1198741e+03 2.2458564e-23
8.1418666e+03 2.2517277e-23
8.1639186e+03 2.2576155e-23
8.1860303e+03 2.2635198e-23
8.2082020e+03 2.2694406e-23
8.2304336e+03 2.2753780e-23
8.2527255e+03 2.2813321e-23
8.2750778e+03 2.2873028e-23
8.2974906e+03 2.2932902e-23
8.3199642e+03 2.2992944e-23
8.3424986e+03 2.3053155e-23
8.3650940e+03 2.3113533e-23
8.3877506e+03 2.3174081e-23
8.4104686e+03 2.3234798e-23
8.4332481e+03 2.3295685e-23
8.4560893e+03 2.3356742e-23
8.4789924e+03 2.3417970e-23
8.5019575e+03 2.3479369e-23
8.5249849e+03 2.3540940e-23
8.5480745e+03 2.3602683e-23
8.5712268e+03 2.3664599e-23
8.5944417e+03 2.3726688e-23
8.6177195e+03 2.3788950e-23
8.6410603e+03 2.3851386e-23
8.6644644e+03 2.3913996e-23
8.6879319e+03 2.3976781e-23
8.7114629e+03 2.4039742e-23
8.7350577e+03 2.4102878e-23
8.7587163e+03 2.4166190e-23
8.7824391e+03 2.4229680e-23
8.8062261e+03 2.4293346e-23
8.8300775e+03 2.4357190e-23
8.8539935e+03 2.4421212e-23
8.8779743e+03 2.4485413e-23
8.9020200e+03 2.4549793e-23
8.9261309e+03 2.4614352e-23
8.9503071e+03 2.4679091e-23
8.9745487e+03 2.4744011e-23
8.9988561e+03 2.4809111e-23
9.0232292e+03 2.4874393e-23
9.0476684e+03 2.4939857e-23
9.0721737e+03 2.5005503e-23
9.0967455e+03 2.5071332e-23
9.1213838e+03 2.5137345e-23
9.1460888e+03 2.5203541e-23
9.1708607e+03 2.5269922e-23
9.1956997e+03 2.5336487e-23
9.2206060e+03 2.5403238e-23
9.2455798e+03 2.5470174e-23
9.2706212e+03 2.5537297e-23
9.2957304e+03 2.5604606e-23
9.3209076e+03 2.5672103e-23
9.3461530e+03 2.5739787e-23
9.3714668e+03 2.5807660e-23
9.3968492e+03 2.5875721e-23
9.4223003e+03 2.5943971e-23
9.4478203e+03 2.6012412e-23
9.4734095e+03 2.6081042e-23
9.4990680e+03 2.6149863e-23
9.5247959e+03 2.6218876e-23
9.5505936e+03 2.6288080e-23
9.5764611e+03 2.6357477e-23
9.6023987e+03 2.6427066e-23
9.6284065e+03 2.6496848e-23
9.6544848e+03 2.6566825e-23
9.6806337e+03 2.6636995e-23
9.7068534e+03 2.6707361e-23
9.7331441e+03 2.6777921e-23
9.7595061e+03 2.6848678e-23
9.7859394e+03 2.6919631e-23
9.8124444e+03 2.6990785e-23
9.8390211e+03 2.7062138e-23
9.8656698e+03 2.7133689e-23
9.8923907e+03 2.7205439e-23
9.9191840e+03 2.7277388e-23
9.9460498e+03 2.7349536e-23
9.9729884e+03 2.7421884e-23
1.0000000e+04 2.7494433e-23
