5	2.6549e-20
5.0115	2.8639e-20
5.0231	3.1261e-20
5.0347	3.4637e-20
5.0463	3.9126e-20
5.0579	4.5365e-20
5.0696	5.4591e-20
5.0813	6.9567e-20
5.093	9.7993e-20
5.1047	1.7241e-19
5.1165	8.6803e-19
5.1283	2.6675e-19
5.1401	1.1222e-19
5.152	6.9714e-20
5.1639	4.9854e-20
5.1758	3.8368e-20
5.1877	3.0893e-20
5.1997	2.5649e-20
5.2117	2.1772e-20
5.2237	1.8795e-20
5.2357	1.644e-20
5.2478	1.4534e-20
5.2599	1.2961e-20
5.272	1.1643e-20
5.2842	1.0524e-20
5.2964	9.5643e-21
5.3086	8.7324e-21
5.3208	8.0055e-21
5.3331	7.3657e-21
5.3454	6.7989e-21
5.3577	6.2939e-21
5.3701	5.8417e-21
5.3825	5.4349e-21
5.3949	5.0674e-21
5.4073	4.7341e-21
5.4198	4.4308e-21
5.4323	4.1538e-21
5.4448	3.9003e-21
5.4574	3.6675e-21
5.4699	3.4533e-21
5.4826	3.2557e-21
5.4952	3.0729e-21
5.5079	2.9037e-21
5.5206	2.7466e-21
5.5333	2.6006e-21
5.5461	2.4645e-21
5.5589	2.3377e-21
5.5717	2.2192e-21
5.5845	2.1083e-21
5.5974	2.0045e-21
5.6103	1.9072e-21
5.6232	1.8158e-21
5.6362	1.7299e-21
5.6492	1.6491e-21
5.6622	1.5729e-21
5.6753	1.5012e-21
5.6884	1.4335e-21
5.7015	1.3695e-21
5.7146	1.3091e-21
5.7278	1.2519e-21
5.741	1.1977e-21
5.7543	1.1465e-21
5.7675	1.0978e-21
5.7808	1.0517e-21
5.7942	1.0079e-21
5.8075	9.6634e-22
5.8209	9.2681e-22
5.8343	8.8922e-22
5.8478	8.5344e-22
5.8613	8.1939e-22
5.8748	7.8694e-22
5.8884	7.5603e-22
5.9019	7.2655e-22
5.9155	6.9842e-22
5.9292	6.7158e-22
5.9429	6.4596e-22
5.9566	6.2148e-22
5.9703	5.9809e-22
5.9841	5.7573e-22
5.9979	5.5434e-22
6.0117	5.3388e-22
6.0256	5.143e-22
6.0394	4.9555e-22
6.0534	4.776e-22
6.0673	4.604e-22
6.0813	4.4391e-22
6.0954	4.2811e-22
6.1094	4.1295e-22
6.1235	3.9841e-22
6.1376	3.8446e-22
6.1518	3.7107e-22
6.166	3.5822e-22
6.1802	3.4587e-22
6.1944	3.3401e-22
6.2087	3.2262e-22
6.223	3.1167e-22
6.2374	3.0114e-22
6.2518	2.9101e-22
6.2662	2.8127e-22
6.2806	2.7191e-22
6.2951	2.6289e-22
6.3096	2.5422e-22
6.3242	2.4587e-22
6.3388	2.3782e-22
6.3534	2.3008e-22
6.368	2.2262e-22
6.3827	2.1543e-22
6.3974	2.085e-22
6.4122	2.0183e-22
6.427	1.9539e-22
6.4418	1.8919e-22
6.4566	1.832e-22
6.4715	1.7743e-22
6.4865	1.7186e-22
6.5014	1.6649e-22
6.5164	1.613e-22
6.5314	1.563e-22
6.5465	1.5147e-22
6.5616	1.468e-22
6.5767	1.423e-22
6.5919	1.3795e-22
6.6071	1.3375e-22
6.6223	1.2969e-22
6.6376	1.2576e-22
6.6529	1.2197e-22
6.6682	1.1831e-22
6.6836	1.1477e-22
6.699	1.1134e-22
6.7145	1.0803e-22
6.73	1.0483e-22
6.7455	1.0173e-22
6.761	9.8739e-23
6.7766	9.5841e-23
6.7923	9.3038e-23
6.8079	9.0325e-23
6.8236	8.77e-23
6.8394	8.5159e-23
6.8551	8.2699e-23
6.8709	8.0318e-23
6.8868	7.8013e-23
6.9027	7.578e-23
6.9186	7.3618e-23
6.9345	7.1524e-23
6.9505	6.9496e-23
6.9666	6.7531e-23
6.9826	6.5628e-23
6.9987	6.3783e-23
7.0149	6.1996e-23
7.031	6.0263e-23
7.0473	5.8584e-23
7.0635	5.6957e-23
7.0798	5.5379e-23
7.0961	5.385e-23
7.1125	5.2367e-23
7.1289	5.0928e-23
7.1453	4.9534e-23
7.1618	4.8181e-23
7.1783	4.6869e-23
7.1949	4.5596e-23
7.2115	4.4362e-23
7.2281	4.3164e-23
7.2448	4.2001e-23
7.2615	4.0873e-23
7.2782	3.9779e-23
7.295	3.8716e-23
7.3118	3.7685e-23
7.3287	3.6684e-23
7.3456	3.5712e-23
7.3625	3.4769e-23
7.3795	3.3853e-23
7.3965	3.2964e-23
7.4136	3.21e-23
7.4307	3.1261e-23
7.4478	3.0447e-23
7.465	2.9656e-23
7.4822	2.8887e-23
7.4994	2.814e-23
7.5167	2.7415e-23
7.5341	2.671e-23
7.5514	2.6026e-23
7.5689	2.536e-23
7.5863	2.4714e-23
7.6038	2.4085e-23
7.6213	2.3475e-23
7.6389	2.2881e-23
7.6565	2.2304e-23
7.6742	2.1743e-23
7.6919	2.1198e-23
7.7096	2.0668e-23
7.7274	2.0153e-23
7.7452	1.9651e-23
7.7631	1.9164e-23
7.781	1.869e-23
7.7989	1.8229e-23
7.8169	1.7781e-23
7.8349	1.7345e-23
7.853	1.6921e-23
7.8711	1.6509e-23
7.8893	1.6107e-23
7.9074	1.5717e-23
7.9257	1.5337e-23
7.944	1.4967e-23
7.9623	1.4608e-23
7.9806	1.4258e-23
7.999	1.3917e-23
8.0175	1.3586e-23
8.036	1.3264e-23
8.0545	1.295e-23
8.0731	1.2644e-23
8.0917	1.2347e-23
8.1104	1.2057e-23
8.1291	1.1775e-23
8.1478	1.1501e-23
8.1666	1.1234e-23
8.1854	1.0974e-23
8.2043	1.0721e-23
8.2232	1.0474e-23
8.2422	1.0234e-23
8.2612	9.9999e-24
8.2802	9.7722e-24
8.2993	9.5504e-24
8.3185	9.3343e-24
8.3377	9.1239e-24
8.3569	8.9189e-24
8.3762	8.7192e-24
8.3955	8.5247e-24
8.4148	8.3352e-24
8.4342	8.1506e-24
8.4537	7.9707e-24
8.4732	7.7954e-24
8.4927	7.6246e-24
8.5123	7.4582e-24
8.5319	7.296e-24
8.5516	7.138e-24
8.5713	6.984e-24
8.5911	6.8339e-24
8.6109	6.6876e-24
8.6308	6.545e-24
8.6507	6.406e-24
8.6706	6.2705e-24
8.6906	6.1384e-24
8.7106	6.0096e-24
8.7307	5.8841e-24
8.7509	5.7617e-24
8.771	5.6423e-24
8.7913	5.526e-24
8.8115	5.4125e-24
8.8319	5.3019e-24
8.8522	5.194e-24
8.8726	5.0887e-24
8.8931	4.9861e-24
8.9136	4.886e-24
8.9342	4.7884e-24
8.9548	4.6932e-24
8.9754	4.6003e-24
8.9961	4.5097e-24
9.0169	4.4213e-24
9.0377	4.3351e-24
9.0585	4.251e-24
9.0794	4.1689e-24
9.1003	4.0888e-24
9.1213	4.0107e-24
9.1423	3.9345e-24
9.1634	3.8601e-24
9.1846	3.7874e-24
9.2057	3.7166e-24
9.227	3.6474e-24
9.2482	3.5799e-24
9.2696	3.514e-24
9.2909	3.4497e-24
9.3124	3.387e-24
9.3338	3.3257e-24
9.3554	3.2659e-24
9.3769	3.2074e-24
9.3986	3.1504e-24
9.4202	3.0947e-24
9.442	3.0404e-24
9.4637	2.9873e-24
9.4856	2.9354e-24
9.5074	2.8848e-24
9.5294	2.8353e-24
9.5513	2.787e-24
9.5734	2.7398e-24
9.5954	2.6938e-24
9.6176	2.6487e-24
9.6397	2.6048e-24
9.662	2.5618e-24
9.6842	2.5198e-24
9.7066	2.4788e-24
9.729	2.4387e-24
9.7514	2.3995e-24
9.7739	2.3613e-24
9.7964	2.3239e-24
9.819	2.2873e-24
9.8417	2.2516e-24
9.8643	2.2166e-24
9.8871	2.1825e-24
9.9099	2.1491e-24
9.9327	2.1164e-24
9.9557	2.0845e-24
9.9786	2.0533e-24
10.002	2.0228e-24
10.025	1.993e-24
10.048	1.9638e-24
10.071	1.9353e-24
10.094	1.9074e-24
10.117	1.8802e-24
10.141	1.8535e-24
10.164	1.8275e-24
10.188	1.802e-24
10.211	1.7771e-24
10.235	1.7527e-24
10.258	1.7288e-24
10.282	1.7055e-24
10.306	1.6827e-24
10.329	1.6603e-24
10.353	1.6384e-24
10.377	1.617e-24
10.401	1.5961e-24
10.425	1.5756e-24
10.449	1.5555e-24
10.473	1.5358e-24
10.497	1.5166e-24
10.522	1.4977e-24
10.546	1.4792e-24
10.57	1.4611e-24
10.594	1.4434e-24
10.619	1.426e-24
10.643	1.409e-24
10.668	1.3923e-24
10.693	1.376e-24
10.717	1.36e-24
10.742	1.3443e-24
10.767	1.3289e-24
10.791	1.3138e-24
10.816	1.299e-24
10.841	1.2845e-24
10.866	1.2702e-24
10.891	1.2563e-24
10.916	1.2426e-24
10.942	1.2292e-24
10.967	1.216e-24
10.992	1.2031e-24
11.018	1.1904e-24
11.043	1.178e-24
11.068	1.1657e-24
11.094	1.1538e-24
11.12	1.142e-24
11.145	1.1304e-24
11.171	1.1191e-24
11.197	1.108e-24
11.222	1.097e-24
11.248	1.0863e-24
11.274	1.0758e-24
11.3	1.0654e-24
11.326	1.0553e-24
11.352	1.0453e-24
11.379	1.0355e-24
11.405	1.0258e-24
11.431	1.0164e-24
11.458	1.0071e-24
11.484	9.9795e-25
11.51	9.8897e-25
11.537	9.8015e-25
11.564	9.7148e-25
11.59	9.6296e-25
11.617	9.5459e-25
11.644	9.4636e-25
11.671	9.3827e-25
11.697	9.3032e-25
11.724	9.225e-25
11.752	9.1481e-25
11.779	9.0726e-25
11.806	8.9983e-25
11.833	8.9252e-25
11.86	8.8534e-25
11.888	8.7827e-25
11.915	8.7132e-25
11.943	8.6449e-25
11.97	8.5777e-25
11.998	8.5116e-25
12.025	8.4466e-25
12.053	8.3827e-25
12.081	8.3198e-25
12.109	8.2579e-25
12.137	8.197e-25
12.165	8.1371e-25
12.193	8.0782e-25
12.221	8.0202e-25
12.249	7.9632e-25
12.277	7.907e-25
12.306	7.8518e-25
12.334	7.7975e-25
12.362	7.744e-25
12.391	7.6914e-25
12.419	7.6396e-25
12.448	7.5886e-25
12.477	7.5385e-25
12.506	7.4891e-25
12.534	7.4405e-25
12.563	7.3927e-25
12.592	7.3456e-25
12.621	7.2993e-25
12.65	7.2537e-25
12.68	7.2088e-25
12.709	7.1646e-25
12.738	7.1211e-25
12.767	7.0783e-25
12.797	7.0361e-25
12.826	6.9946e-25
12.856	6.9538e-25
12.886	6.9135e-25
12.915	6.8739e-25
12.945	6.8349e-25
12.975	6.7965e-25
13.005	6.7587e-25
13.035	6.7215e-25
13.065	6.6849e-25
13.095	6.6488e-25
13.125	6.6132e-25
13.156	6.5783e-25
13.186	6.5438e-25
13.216	6.5099e-25
13.247	6.4764e-25
13.277	6.4435e-25
13.308	6.4111e-25
13.339	6.3792e-25
13.369	6.3478e-25
13.4	6.3168e-25
13.431	6.2864e-25
13.462	6.2563e-25
13.493	6.2268e-25
13.524	6.1976e-25
13.555	6.1689e-25
13.587	6.1407e-25
13.618	6.1129e-25
13.649	6.0854e-25
13.681	6.0584e-25
13.712	6.0318e-25
13.744	6.0056e-25
13.776	5.9798e-25
13.808	5.9544e-25
13.839	5.9293e-25
13.871	5.9047e-25
13.903	5.8804e-25
13.935	5.8564e-25
13.968	5.8328e-25
14	5.8096e-25
14.032	5.7867e-25
14.064	5.7641e-25
14.097	5.7419e-25
14.129	5.72e-25
14.162	5.6984e-25
14.195	5.6771e-25
14.227	5.6562e-25
14.26	5.6355e-25
14.293	5.6152e-25
14.326	5.5951e-25
14.359	5.5754e-25
14.392	5.5559e-25
14.425	5.5367e-25
14.459	5.5178e-25
14.492	5.4992e-25
14.525	5.4808e-25
14.559	5.4627e-25
14.592	5.4449e-25
14.626	5.4273e-25
14.66	5.41e-25
14.694	5.3929e-25
14.727	5.3761e-25
14.761	5.3595e-25
14.795	5.3431e-25
14.83	5.327e-25
14.864	5.3111e-25
14.898	5.2954e-25
14.932	5.28e-25
14.967	5.2648e-25
15.001	5.2498e-25
15.036	5.235e-25
15.071	5.2204e-25
15.105	5.206e-25
15.14	5.1918e-25
15.175	5.1778e-25
15.21	5.1641e-25
15.245	5.1505e-25
15.28	5.1371e-25
15.316	5.1238e-25
15.351	5.1108e-25
15.386	5.098e-25
15.422	5.0853e-25
15.457	5.0728e-25
15.493	5.0605e-25
15.529	5.0483e-25
15.564	5.0363e-25
15.6	5.0245e-25
15.636	5.0128e-25
15.672	5.0013e-25
15.709	4.99e-25
15.745	4.9788e-25
15.781	4.9677e-25
15.817	4.9568e-25
15.854	4.9461e-25
15.89	4.9355e-25
15.927	4.925e-25
15.964	4.9147e-25
16.001	4.9045e-25
16.038	4.8945e-25
16.075	4.8845e-25
16.112	4.8748e-25
16.149	4.8651e-25
16.186	4.8556e-25
16.223	4.8462e-25
16.261	4.8369e-25
16.298	4.8277e-25
16.336	4.8187e-25
16.374	4.8098e-25
16.411	4.801e-25
16.449	4.7923e-25
16.487	4.7837e-25
16.525	4.7753e-25
16.563	4.7669e-25
16.601	4.7586e-25
16.64	4.7505e-25
16.678	4.7425e-25
16.716	4.7345e-25
16.755	4.7267e-25
16.794	4.7189e-25
16.832	4.7113e-25
16.871	4.7038e-25
16.91	4.6963e-25
16.949	4.689e-25
16.988	4.6817e-25
17.027	4.6745e-25
17.067	4.6674e-25
17.106	4.6604e-25
17.145	4.6535e-25
17.185	4.6467e-25
17.225	4.6399e-25
17.264	4.6333e-25
17.304	4.6267e-25
17.344	4.6202e-25
17.384	4.6138e-25
17.424	4.6074e-25
17.464	4.6012e-25
17.505	4.595e-25
17.545	4.5889e-25
17.585	4.5828e-25
17.626	4.5768e-25
17.667	4.5709e-25
17.707	4.5651e-25
17.748	4.5593e-25
17.789	4.5536e-25
17.83	4.548e-25
17.871	4.5424e-25
17.912	4.5369e-25
17.954	4.5315e-25
17.995	4.5261e-25
18.037	4.5208e-25
18.078	4.5155e-25
18.12	4.5103e-25
18.162	4.5052e-25
18.204	4.5001e-25
18.246	4.4951e-25
18.288	4.4902e-25
18.33	4.4852e-25
18.372	4.4804e-25
18.414	4.4756e-25
18.457	4.4709e-25
18.499	4.4662e-25
18.542	4.4615e-25
18.585	4.4569e-25
18.628	4.4524e-25
18.671	4.4479e-25
18.714	4.4435e-25
18.757	4.4391e-25
18.8	4.4347e-25
18.844	4.4304e-25
18.887	4.4262e-25
18.931	4.4219e-25
18.974	4.4178e-25
19.018	4.4137e-25
19.062	4.4096e-25
19.106	4.4056e-25
19.15	4.4016e-25
19.194	4.3976e-25
19.238	4.3937e-25
19.283	4.3898e-25
19.327	4.386e-25
19.372	4.3822e-25
19.416	4.3785e-25
19.461	4.3747e-25
19.506	4.3711e-25
19.551	4.3674e-25
19.596	4.3638e-25
19.641	4.3603e-25
19.686	4.3567e-25
19.732	4.3532e-25
19.777	4.3498e-25
19.823	4.3464e-25
19.869	4.343e-25
19.915	4.3396e-25
19.96	4.3363e-25
20.006	4.333e-25
20.053	4.3297e-25
20.099	4.3265e-25
20.145	4.3233e-25
20.192	4.3201e-25
20.238	4.317e-25
20.285	4.3139e-25
20.332	4.3108e-25
20.379	4.3077e-25
20.426	4.3047e-25
20.473	4.3017e-25
20.52	4.2988e-25
20.567	4.2958e-25
20.615	4.2929e-25
20.662	4.29e-25
20.71	4.2872e-25
20.758	4.2843e-25
20.805	4.2815e-25
20.853	4.2787e-25
20.901	4.276e-25
20.95	4.2732e-25
20.998	4.2705e-25
21.046	4.2679e-25
21.095	4.2652e-25
21.144	4.2626e-25
21.192	4.2599e-25
21.241	4.2574e-25
21.29	4.2548e-25
21.339	4.2522e-25
21.389	4.2497e-25
21.438	4.2472e-25
21.487	4.2447e-25
21.537	4.2423e-25
21.586	4.2398e-25
21.636	4.2374e-25
21.686	4.235e-25
21.736	4.2326e-25
21.786	4.2303e-25
21.837	4.2279e-25
21.887	4.2256e-25
21.937	4.2233e-25
21.988	4.221e-25
22.039	4.2188e-25
22.089	4.2165e-25
22.14	4.2143e-25
22.191	4.2121e-25
22.243	4.2099e-25
22.294	4.2077e-25
22.345	4.2056e-25
22.397	4.2035e-25
22.449	4.2013e-25
22.5	4.1992e-25
22.552	4.1971e-25
22.604	4.1951e-25
22.656	4.193e-25
22.709	4.191e-25
22.761	4.189e-25
22.813	4.1869e-25
22.866	4.185e-25
22.919	4.183e-25
22.972	4.181e-25
23.025	4.1791e-25
23.078	4.1771e-25
23.131	4.1752e-25
23.184	4.1733e-25
23.238	4.1714e-25
23.291	4.1695e-25
23.345	4.1677e-25
23.399	4.1658e-25
23.453	4.164e-25
23.507	4.1622e-25
23.561	4.1604e-25
23.615	4.1586e-25
23.67	4.1568e-25
23.724	4.155e-25
23.779	4.1533e-25
23.834	4.1515e-25
23.889	4.1498e-25
23.944	4.1481e-25
23.999	4.1463e-25
24.055	4.1447e-25
24.11	4.143e-25
24.166	4.1413e-25
24.221	4.1396e-25
24.277	4.138e-25
24.333	4.1363e-25
24.389	4.1347e-25
24.446	4.1331e-25
24.502	4.1315e-25
24.558	4.1299e-25
24.615	4.1283e-25
24.672	4.1267e-25
24.729	4.1252e-25
24.786	4.1236e-25
24.843	4.1221e-25
24.9	4.1205e-25
24.958	4.119e-25
25.015	4.1175e-25
25.073	4.116e-25
25.131	4.1145e-25
25.189	4.113e-25
25.247	4.1116e-25
25.305	4.1101e-25
25.363	4.1086e-25
25.422	4.1072e-25
25.48	4.1057e-25
25.539	4.1043e-25
25.598	4.1029e-25
25.657	4.1015e-25
25.716	4.1001e-25
25.776	4.0987e-25
25.835	4.0973e-25
25.895	4.0959e-25
25.954	4.0946e-25
26.014	4.0932e-25
26.074	4.0918e-25
26.134	4.0905e-25
26.194	4.0892e-25
26.255	4.0878e-25
26.315	4.0865e-25
26.376	4.0852e-25
26.437	4.0839e-25
26.498	4.0826e-25
26.559	4.0813e-25
26.62	4.08e-25
26.682	4.0788e-25
26.743	4.0775e-25
26.805	4.0762e-25
26.867	4.075e-25
26.929	4.0737e-25
26.991	4.0725e-25
27.053	4.0713e-25
27.115	4.07e-25
27.178	4.0688e-25
27.241	4.0676e-25
27.303	4.0664e-25
27.366	4.0652e-25
27.429	4.064e-25
27.493	4.0628e-25
27.556	4.0617e-25
27.62	4.0605e-25
27.683	4.0593e-25
27.747	4.0582e-25
27.811	4.057e-25
27.875	4.0559e-25
27.94	4.0547e-25
28.004	4.0536e-25
28.069	4.0525e-25
28.133	4.0514e-25
28.198	4.0502e-25
28.263	4.0491e-25
28.328	4.048e-25
28.394	4.0469e-25
28.459	4.0458e-25
28.525	4.0447e-25
28.591	4.0437e-25
28.656	4.0426e-25
28.723	4.0415e-25
28.789	4.0405e-25
28.855	4.0394e-25
28.922	4.0383e-25
28.988	4.0373e-25
29.055	4.0362e-25
29.122	4.0352e-25
29.189	4.0342e-25
29.257	4.0331e-25
29.324	4.0321e-25
29.392	4.0311e-25
29.46	4.0301e-25
29.528	4.0291e-25
29.596	4.0281e-25
29.664	4.0271e-25
29.732	4.0261e-25
29.801	4.0251e-25
29.87	4.0241e-25
29.938	4.0231e-25
30.007	4.0222e-25
30.077	4.0212e-25
30.146	4.0202e-25
30.216	4.0193e-25
30.285	4.0183e-25
30.355	4.0174e-25
30.425	4.0164e-25
30.495	4.0155e-25
30.566	4.0145e-25
30.636	4.0136e-25
30.707	4.0127e-25
30.777	4.0117e-25
30.848	4.0108e-25
30.92	4.0099e-25
30.991	4.009e-25
31.062	4.0081e-25
31.134	4.0072e-25
31.206	4.0063e-25
31.278	4.0054e-25
31.35	4.0045e-25
31.422	4.0036e-25
31.495	4.0027e-25
31.567	4.0018e-25
31.64	4.001e-25
31.713	4.0001e-25
31.786	3.9992e-25
31.859	3.9984e-25
31.933	3.9975e-25
32.007	3.9966e-25
32.08	3.9958e-25
32.154	3.9949e-25
32.228	3.9941e-25
32.303	3.9932e-25
32.377	3.9924e-25
32.452	3.9916e-25
32.527	3.9907e-25
32.602	3.9899e-25
32.677	3.9891e-25
32.752	3.9883e-25
32.828	3.9874e-25
32.904	3.9866e-25
32.979	3.9858e-25
33.055	3.985e-25
33.132	3.9842e-25
33.208	3.9834e-25
33.285	3.9826e-25
33.361	3.9818e-25
33.438	3.981e-25
33.515	3.9802e-25
33.593	3.9794e-25
33.67	3.9786e-25
33.748	3.9779e-25
33.826	3.9771e-25
33.904	3.9763e-25
33.982	3.9755e-25
34.06	3.9748e-25
34.139	3.974e-25
34.218	3.9733e-25
34.296	3.9725e-25
34.376	3.9717e-25
34.455	3.971e-25
34.534	3.9702e-25
34.614	3.9695e-25
34.694	3.9687e-25
34.774	3.968e-25
34.854	3.9673e-25
34.934	3.9665e-25
35.015	3.9658e-25
35.096	3.9651e-25
35.176	3.9643e-25
35.258	3.9636e-25
35.339	3.9629e-25
35.42	3.9622e-25
35.502	3.9615e-25
35.584	3.9608e-25
35.666	3.96e-25
35.748	3.9593e-25
35.831	3.9586e-25
35.913	3.9579e-25
35.996	3.9572e-25
36.079	3.9565e-25
36.162	3.9558e-25
36.246	3.9551e-25
36.329	3.9545e-25
36.413	3.9538e-25
36.497	3.9531e-25
36.581	3.9524e-25
36.666	3.9517e-25
36.75	3.951e-25
36.835	3.9504e-25
36.92	3.9497e-25
37.005	3.949e-25
37.09	3.9484e-25
37.176	3.9477e-25
37.262	3.947e-25
37.347	3.9464e-25
37.434	3.9457e-25
37.52	3.9451e-25
37.606	3.9444e-25
37.693	3.9438e-25
37.78	3.9431e-25
37.867	3.9425e-25
37.955	3.9418e-25
38.042	3.9412e-25
38.13	3.9405e-25
38.218	3.9399e-25
38.306	3.9393e-25
38.394	3.9386e-25
38.483	3.938e-25
38.571	3.9374e-25
38.66	3.9367e-25
38.75	3.9361e-25
38.839	3.9355e-25
38.928	3.9349e-25
39.018	3.9343e-25
39.108	3.9336e-25
39.198	3.933e-25
39.289	3.9324e-25
39.379	3.9318e-25
39.47	3.9312e-25
39.561	3.9306e-25
39.652	3.93e-25
39.744	3.9294e-25
39.836	3.9288e-25
39.927	3.9282e-25
40.019	3.9276e-25
40.112	3.927e-25
40.204	3.9264e-25
40.297	3.9258e-25
40.39	3.9252e-25
40.483	3.9246e-25
40.576	3.9241e-25
40.67	3.9235e-25
40.764	3.9229e-25
40.858	3.9223e-25
40.952	3.9217e-25
41.046	3.9212e-25
41.141	3.9206e-25
41.236	3.92e-25
41.331	3.9195e-25
41.426	3.9189e-25
41.522	3.9183e-25
41.618	3.9178e-25
41.714	3.9172e-25
41.81	3.9166e-25
41.906	3.9161e-25
42.003	3.9155e-25
42.1	3.915e-25
42.197	3.9144e-25
42.294	3.9139e-25
42.392	3.9133e-25
42.489	3.9128e-25
42.587	3.9122e-25
42.686	3.9117e-25
42.784	3.9111e-25
42.883	3.9106e-25
42.981	3.91e-25
43.081	3.9095e-25
43.18	3.909e-25
43.28	3.9084e-25
43.379	3.9079e-25
43.479	3.9074e-25
43.58	3.9068e-25
43.68	3.9063e-25
43.781	3.9058e-25
43.882	3.9053e-25
43.983	3.9047e-25
44.084	3.9042e-25
44.186	3.9037e-25
44.288	3.9032e-25
44.39	3.9027e-25
44.492	3.9021e-25
44.595	3.9016e-25
44.698	3.9011e-25
44.801	3.9006e-25
44.904	3.9001e-25
45.008	3.8996e-25
45.112	3.8991e-25
45.216	3.8986e-25
45.32	3.8981e-25
45.424	3.8976e-25
45.529	3.8971e-25
45.634	3.8966e-25
45.739	3.8961e-25
45.845	3.8956e-25
45.951	3.8951e-25
46.057	3.8946e-25
46.163	3.8941e-25
46.269	3.8936e-25
46.376	3.8931e-25
46.483	3.8926e-25
46.59	3.8922e-25
46.697	3.8917e-25
46.805	3.8912e-25
46.913	3.8907e-25
47.021	3.8902e-25
47.13	3.8897e-25
47.238	3.8893e-25
47.347	3.8888e-25
47.457	3.8883e-25
47.566	3.8878e-25
47.676	3.8874e-25
47.786	3.8869e-25
47.896	3.8864e-25
48.006	3.886e-25
48.117	3.8855e-25
48.228	3.885e-25
48.339	3.8846e-25
48.451	3.8841e-25
48.562	3.8836e-25
48.674	3.8832e-25
48.787	3.8827e-25
48.899	3.8823e-25
49.012	3.8818e-25
49.125	3.8814e-25
49.238	3.8809e-25
49.352	3.8805e-25
49.465	3.88e-25
49.579	3.8796e-25
49.694	3.8791e-25
49.808	3.8787e-25
49.923	3.8782e-25
50.038	3.8778e-25
50.154	3.8773e-25
50.269	3.8769e-25
50.385	3.8764e-25
50.502	3.876e-25
50.618	3.8756e-25
50.735	3.8751e-25
50.852	3.8747e-25
50.969	3.8743e-25
51.087	3.8738e-25
51.204	3.8734e-25
51.322	3.873e-25
51.441	3.8725e-25
51.559	3.8721e-25
51.678	3.8717e-25
51.797	3.8712e-25
51.917	3.8708e-25
52.037	3.8704e-25
52.157	3.87e-25
52.277	3.8696e-25
52.397	3.8691e-25
52.518	3.8687e-25
52.639	3.8683e-25
52.761	3.8679e-25
52.882	3.8675e-25
53.004	3.8671e-25
53.127	3.8666e-25
53.249	3.8662e-25
53.372	3.8658e-25
53.495	3.8654e-25
53.618	3.865e-25
53.742	3.8646e-25
53.866	3.8642e-25
53.99	3.8638e-25
54.115	3.8634e-25
54.239	3.863e-25
54.365	3.8626e-25
54.49	3.8622e-25
54.616	3.8618e-25
54.741	3.8614e-25
54.868	3.861e-25
54.994	3.8606e-25
55.121	3.8602e-25
55.248	3.8598e-25
55.376	3.8594e-25
55.503	3.859e-25
55.631	3.8586e-25
55.76	3.8582e-25
55.888	3.8578e-25
56.017	3.8574e-25
56.146	3.857e-25
56.276	3.8567e-25
56.405	3.8563e-25
56.535	3.8559e-25
56.666	3.8555e-25
56.797	3.8551e-25
56.928	3.8547e-25
57.059	3.8544e-25
57.19	3.854e-25
57.322	3.8536e-25
57.454	3.8532e-25
57.587	3.8529e-25
57.72	3.8525e-25
57.853	3.8521e-25
57.986	3.8517e-25
58.12	3.8514e-25
58.254	3.851e-25
58.388	3.8506e-25
58.523	3.8503e-25
58.658	3.8499e-25
58.793	3.8495e-25
58.929	3.8492e-25
59.065	3.8488e-25
59.201	3.8484e-25
59.337	3.8481e-25
59.474	3.8477e-25
59.611	3.8473e-25
59.749	3.847e-25
59.887	3.8466e-25
60.025	3.8463e-25
60.163	3.8459e-25
60.302	3.8455e-25
60.441	3.8452e-25
60.58	3.8448e-25
60.72	3.8445e-25
60.86	3.8441e-25
61	3.8438e-25
61.141	3.8434e-25
61.282	3.8431e-25
61.423	3.8427e-25
61.565	3.8424e-25
61.707	3.842e-25
61.849	3.8417e-25
61.992	3.8413e-25
62.135	3.841e-25
62.278	3.8407e-25
62.422	3.8403e-25
62.566	3.84e-25
62.71	3.8396e-25
62.855	3.8393e-25
62.999	3.839e-25
63.145	3.8386e-25
63.29	3.8383e-25
63.436	3.8379e-25
63.583	3.8376e-25
63.729	3.8373e-25
63.876	3.8369e-25
64.023	3.8366e-25
64.171	3.8363e-25
64.319	3.8359e-25
64.467	3.8356e-25
64.616	3.8353e-25
64.765	3.835e-25
64.914	3.8346e-25
65.064	3.8343e-25
65.214	3.834e-25
65.365	3.8337e-25
65.515	3.8333e-25
65.666	3.833e-25
65.818	3.8327e-25
65.97	3.8324e-25
66.122	3.8321e-25
66.274	3.8317e-25
66.427	3.8314e-25
66.58	3.8311e-25
66.734	3.8308e-25
66.888	3.8305e-25
67.042	3.8301e-25
67.196	3.8298e-25
67.351	3.8295e-25
67.507	3.8292e-25
67.662	3.8289e-25
67.818	3.8286e-25
67.975	3.8283e-25
68.132	3.828e-25
68.289	3.8277e-25
68.446	3.8274e-25
68.604	3.827e-25
68.762	3.8267e-25
68.921	3.8264e-25
69.08	3.8261e-25
69.239	3.8258e-25
69.399	3.8255e-25
69.559	3.8252e-25
69.719	3.8249e-25
69.88	3.8246e-25
70.041	3.8243e-25
70.202	3.824e-25
70.364	3.8237e-25
70.527	3.8234e-25
70.689	3.8231e-25
70.852	3.8228e-25
71.016	3.8225e-25
71.179	3.8222e-25
71.344	3.822e-25
71.508	3.8217e-25
71.673	3.8214e-25
71.838	3.8211e-25
72.004	3.8208e-25
72.17	3.8205e-25
72.336	3.8202e-25
72.503	3.8199e-25
72.67	3.8196e-25
72.838	3.8194e-25
73.006	3.8191e-25
73.174	3.8188e-25
73.343	3.8185e-25
73.512	3.8182e-25
73.682	3.8179e-25
73.852	3.8177e-25
74.022	3.8174e-25
74.193	3.8171e-25
74.364	3.8168e-25
74.535	3.8165e-25
74.707	3.8163e-25
74.879	3.816e-25
75.052	3.8157e-25
75.225	3.8154e-25
75.399	3.8152e-25
75.572	3.8149e-25
75.747	3.8146e-25
75.921	3.8143e-25
76.096	3.8141e-25
76.272	3.8138e-25
76.448	3.8135e-25
76.624	3.8133e-25
76.801	3.813e-25
76.978	3.8127e-25
77.155	3.8125e-25
77.333	3.8122e-25
77.512	3.8119e-25
77.69	3.8117e-25
77.87	3.8114e-25
78.049	3.8111e-25
78.229	3.8109e-25
78.409	3.8106e-25
78.59	3.8104e-25
78.772	3.8101e-25
78.953	3.8098e-25
79.135	3.8096e-25
79.318	3.8093e-25
79.501	3.8091e-25
79.684	3.8088e-25
79.868	3.8085e-25
80.052	3.8083e-25
80.236	3.808e-25
80.421	3.8078e-25
80.607	3.8075e-25
80.793	3.8073e-25
80.979	3.807e-25
81.166	3.8068e-25
81.353	3.8065e-25
81.541	3.8063e-25
81.729	3.806e-25
81.917	3.8058e-25
82.106	3.8055e-25
82.295	3.8053e-25
82.485	3.805e-25
82.675	3.8048e-25
82.866	3.8046e-25
83.057	3.8043e-25
83.249	3.8041e-25
83.441	3.8038e-25
83.633	3.8036e-25
83.826	3.8033e-25
84.019	3.8031e-25
84.213	3.8029e-25
84.407	3.8026e-25
84.602	3.8024e-25
84.797	3.8022e-25
84.992	3.8019e-25
85.188	3.8017e-25
85.385	3.8014e-25
85.582	3.8012e-25
85.779	3.801e-25
85.977	3.8007e-25
86.175	3.8005e-25
86.374	3.8003e-25
86.573	3.8001e-25
86.773	3.7998e-25
86.973	3.7996e-25
87.173	3.7994e-25
87.374	3.7991e-25
87.576	3.7989e-25
87.778	3.7987e-25
87.98	3.7985e-25
88.183	3.7982e-25
88.386	3.798e-25
88.59	3.7978e-25
88.795	3.7976e-25
88.999	3.7973e-25
89.205	3.7971e-25
89.41	3.7969e-25
89.616	3.7967e-25
89.823	3.7965e-25
90.03	3.7962e-25
90.238	3.796e-25
90.446	3.7958e-25
90.655	3.7956e-25
90.864	3.7954e-25
91.073	3.7951e-25
91.283	3.7949e-25
91.494	3.7947e-25
91.705	3.7945e-25
91.916	3.7943e-25
92.128	3.7941e-25
92.34	3.7939e-25
92.553	3.7937e-25
92.767	3.7934e-25
92.981	3.7932e-25
93.195	3.793e-25
93.41	3.7928e-25
93.625	3.7926e-25
93.841	3.7924e-25
94.058	3.7922e-25
94.275	3.792e-25
94.492	3.7918e-25
94.71	3.7916e-25
94.928	3.7914e-25
95.147	3.7912e-25
95.367	3.791e-25
95.587	3.7908e-25
95.807	3.7906e-25
96.028	3.7904e-25
96.249	3.7902e-25
96.471	3.79e-25
96.694	3.7898e-25
96.917	3.7896e-25
97.14	3.7894e-25
97.364	3.7892e-25
97.589	3.789e-25
97.814	3.7888e-25
98.039	3.7886e-25
98.266	3.7884e-25
98.492	3.7882e-25
98.719	3.788e-25
98.947	3.7878e-25
99.175	3.7876e-25
99.404	3.7875e-25
99.633	3.7873e-25
99.863	3.7871e-25
100.09	3.7869e-25
100.32	3.7867e-25
100.56	3.7865e-25
100.79	3.7863e-25
101.02	3.7861e-25
101.25	3.786e-25
101.49	3.7858e-25
101.72	3.7856e-25
101.95	3.7854e-25
102.19	3.7852e-25
102.43	3.785e-25
102.66	3.7849e-25
102.9	3.7847e-25
103.14	3.7845e-25
103.37	3.7843e-25
103.61	3.7841e-25
103.85	3.784e-25
104.09	3.7838e-25
104.33	3.7836e-25
104.57	3.7834e-25
104.81	3.7833e-25
105.05	3.7831e-25
105.3	3.7829e-25
105.54	3.7827e-25
105.78	3.7826e-25
106.03	3.7824e-25
106.27	3.7822e-25
106.52	3.7821e-25
106.76	3.7819e-25
107.01	3.7817e-25
107.25	3.7815e-25
107.5	3.7814e-25
107.75	3.7812e-25
108	3.781e-25
108.25	3.7809e-25
108.5	3.7807e-25
108.75	3.7805e-25
109	3.7804e-25
109.25	3.7802e-25
109.5	3.7801e-25
109.75	3.7799e-25
110.01	3.7797e-25
110.26	3.7796e-25
110.51	3.7794e-25
110.77	3.7793e-25
111.02	3.7791e-25
111.28	3.7789e-25
111.54	3.7788e-25
111.79	3.7786e-25
112.05	3.7785e-25
112.31	3.7783e-25
112.57	3.7782e-25
112.83	3.778e-25
113.09	3.7778e-25
113.35	3.7777e-25
113.61	3.7775e-25
113.87	3.7774e-25
114.14	3.7772e-25
114.4	3.7771e-25
114.66	3.7769e-25
114.93	3.7768e-25
115.19	3.7766e-25
115.46	3.7765e-25
115.72	3.7763e-25
115.99	3.7762e-25
116.26	3.7761e-25
116.53	3.7759e-25
116.8	3.7758e-25
117.06	3.7756e-25
117.33	3.7755e-25
117.61	3.7753e-25
117.88	3.7752e-25
118.15	3.7751e-25
118.42	3.7749e-25
118.69	3.7748e-25
118.97	3.7746e-25
119.24	3.7745e-25
119.52	3.7744e-25
119.79	3.7742e-25
120.07	3.7741e-25
120.35	3.774e-25
120.62	3.7738e-25
120.9	3.7737e-25
121.18	3.7735e-25
121.46	3.7734e-25
121.74	3.7733e-25
122.02	3.7732e-25
122.3	3.773e-25
122.58	3.7729e-25
122.87	3.7728e-25
123.15	3.7726e-25
123.43	3.7725e-25
123.72	3.7724e-25
124	3.7722e-25
124.29	3.7721e-25
124.58	3.772e-25
124.86	3.7719e-25
125.15	3.7717e-25
125.44	3.7716e-25
125.73	3.7715e-25
126.02	3.7714e-25
126.31	3.7713e-25
126.6	3.7711e-25
126.89	3.771e-25
127.19	3.7709e-25
127.48	3.7708e-25
127.77	3.7707e-25
128.07	3.7705e-25
128.36	3.7704e-25
128.66	3.7703e-25
128.96	3.7702e-25
129.25	3.7701e-25
129.55	3.77e-25
129.85	3.7699e-25
130.15	3.7697e-25
130.45	3.7696e-25
130.75	3.7695e-25
131.05	3.7694e-25
131.35	3.7693e-25
131.66	3.7692e-25
131.96	3.7691e-25
132.26	3.769e-25
132.57	3.7689e-25
132.88	3.7688e-25
133.18	3.7686e-25
133.49	3.7685e-25
133.8	3.7684e-25
134.11	3.7683e-25
134.41	3.7682e-25
134.72	3.7681e-25
135.04	3.768e-25
135.35	3.7679e-25
135.66	3.7678e-25
135.97	3.7677e-25
136.29	3.7676e-25
136.6	3.7675e-25
136.91	3.7674e-25
137.23	3.7673e-25
137.55	3.7672e-25
137.86	3.7671e-25
138.18	3.767e-25
138.5	3.767e-25
138.82	3.7669e-25
139.14	3.7668e-25
139.46	3.7667e-25
139.78	3.7666e-25
140.1	3.7665e-25
140.43	3.7664e-25
140.75	3.7663e-25
141.08	3.7662e-25
141.4	3.7661e-25
141.73	3.7661e-25
142.05	3.766e-25
142.38	3.7659e-25
142.71	3.7658e-25
143.04	3.7657e-25
143.37	3.7656e-25
143.7	3.7655e-25
144.03	3.7655e-25
144.36	3.7654e-25
144.7	3.7653e-25
145.03	3.7652e-25
145.36	3.7651e-25
145.7	3.7651e-25
146.04	3.765e-25
146.37	3.7649e-25
146.71	3.7648e-25
147.05	3.7648e-25
147.39	3.7647e-25
147.73	3.7646e-25
148.07	3.7645e-25
148.41	3.7645e-25
148.75	3.7644e-25
149.09	3.7643e-25
149.44	3.7643e-25
149.78	3.7642e-25
150.13	3.7641e-25
150.47	3.764e-25
150.82	3.764e-25
151.17	3.7639e-25
151.52	3.7638e-25
151.87	3.7638e-25
152.22	3.7637e-25
152.57	3.7637e-25
152.92	3.7636e-25
153.27	3.7635e-25
153.63	3.7635e-25
153.98	3.7634e-25
154.34	3.7634e-25
154.69	3.7633e-25
155.05	3.7632e-25
155.41	3.7632e-25
155.76	3.7631e-25
156.12	3.7631e-25
156.48	3.763e-25
156.84	3.763e-25
157.21	3.7629e-25
157.57	3.7629e-25
157.93	3.7628e-25
158.3	3.7627e-25
158.66	3.7627e-25
159.03	3.7626e-25
159.39	3.7626e-25
159.76	3.7626e-25
160.13	3.7625e-25
160.5	3.7625e-25
160.87	3.7624e-25
161.24	3.7624e-25
161.61	3.7623e-25
161.98	3.7623e-25
162.36	3.7622e-25
162.73	3.7622e-25
163.11	3.7622e-25
163.48	3.7621e-25
163.86	3.7621e-25
164.24	3.762e-25
164.62	3.762e-25
165	3.762e-25
165.38	3.7619e-25
165.76	3.7619e-25
166.14	3.7619e-25
166.52	3.7618e-25
166.91	3.7618e-25
167.29	3.7618e-25
167.68	3.7617e-25
168.07	3.7617e-25
168.45	3.7617e-25
168.84	3.7616e-25
169.23	3.7616e-25
169.62	3.7616e-25
170.01	3.7616e-25
170.4	3.7615e-25
170.8	3.7615e-25
171.19	3.7615e-25
171.59	3.7615e-25
171.98	3.7614e-25
172.38	3.7614e-25
172.78	3.7614e-25
173.17	3.7614e-25
173.57	3.7614e-25
173.97	3.7614e-25
174.37	3.7613e-25
174.78	3.7613e-25
175.18	3.7613e-25
175.58	3.7613e-25
175.99	3.7613e-25
176.39	3.7613e-25
176.8	3.7613e-25
177.21	3.7612e-25
177.62	3.7612e-25
178.03	3.7612e-25
178.44	3.7612e-25
178.85	3.7612e-25
179.26	3.7612e-25
179.68	3.7612e-25
180.09	3.7612e-25
180.5	3.7612e-25
180.92	3.7612e-25
181.34	3.7612e-25
181.76	3.7612e-25
182.18	3.7612e-25
182.6	3.7612e-25
183.02	3.7612e-25
183.44	3.7612e-25
183.86	3.7612e-25
184.29	3.7612e-25
184.71	3.7612e-25
185.14	3.7612e-25
185.56	3.7612e-25
185.99	3.7612e-25
186.42	3.7612e-25
186.85	3.7613e-25
187.28	3.7613e-25
187.71	3.7613e-25
188.15	3.7613e-25
188.58	3.7613e-25
189.01	3.7613e-25
189.45	3.7613e-25
189.89	3.7614e-25
190.33	3.7614e-25
190.76	3.7614e-25
191.2	3.7614e-25
191.65	3.7614e-25
192.09	3.7615e-25
192.53	3.7615e-25
192.97	3.7615e-25
193.42	3.7615e-25
193.87	3.7616e-25
194.31	3.7616e-25
194.76	3.7616e-25
195.21	3.7616e-25
195.66	3.7617e-25
196.11	3.7617e-25
196.56	3.7617e-25
197.02	3.7618e-25
197.47	3.7618e-25
197.93	3.7618e-25
198.38	3.7619e-25
198.84	3.7619e-25
199.3	3.7619e-25
199.76	3.762e-25
200.22	3.762e-25
200.68	3.7621e-25
201.14	3.7621e-25
201.61	3.7622e-25
202.07	3.7622e-25
202.54	3.7622e-25
203	3.7623e-25
203.47	3.7623e-25
203.94	3.7624e-25
204.41	3.7624e-25
204.88	3.7625e-25
205.36	3.7625e-25
205.83	3.7626e-25
206.3	3.7626e-25
206.78	3.7627e-25
207.26	3.7628e-25
207.73	3.7628e-25
208.21	3.7629e-25
208.69	3.7629e-25
209.18	3.763e-25
209.66	3.7631e-25
210.14	3.7631e-25
210.63	3.7632e-25
211.11	3.7632e-25
211.6	3.7633e-25
212.09	3.7634e-25
212.58	3.7634e-25
213.07	3.7635e-25
213.56	3.7636e-25
214.05	3.7637e-25
214.54	3.7637e-25
215.04	3.7638e-25
215.53	3.7639e-25
216.03	3.764e-25
216.53	3.764e-25
217.03	3.7641e-25
217.53	3.7642e-25
218.03	3.7643e-25
218.53	3.7644e-25
219.04	3.7644e-25
219.54	3.7645e-25
220.05	3.7646e-25
220.56	3.7647e-25
221.06	3.7648e-25
221.57	3.7649e-25
222.08	3.765e-25
222.6	3.7651e-25
223.11	3.7652e-25
223.62	3.7652e-25
224.14	3.7653e-25
224.66	3.7654e-25
225.18	3.7655e-25
225.69	3.7656e-25
226.22	3.7657e-25
226.74	3.7658e-25
227.26	3.7659e-25
227.78	3.766e-25
228.31	3.7661e-25
228.84	3.7663e-25
229.36	3.7664e-25
229.89	3.7665e-25
230.42	3.7666e-25
230.95	3.7667e-25
231.49	3.7668e-25
232.02	3.7669e-25
232.56	3.767e-25
233.09	3.7672e-25
233.63	3.7673e-25
234.17	3.7674e-25
234.71	3.7675e-25
235.25	3.7676e-25
235.79	3.7678e-25
236.34	3.7679e-25
236.88	3.768e-25
237.43	3.7681e-25
237.97	3.7683e-25
238.52	3.7684e-25
239.07	3.7685e-25
239.62	3.7687e-25
240.18	3.7688e-25
240.73	3.7689e-25
241.29	3.7691e-25
241.84	3.7692e-25
242.4	3.7694e-25
242.96	3.7695e-25
243.52	3.7696e-25
244.08	3.7698e-25
244.64	3.7699e-25
245.21	3.7701e-25
245.77	3.7702e-25
246.34	3.7704e-25
246.91	3.7705e-25
247.48	3.7707e-25
248.05	3.7708e-25
248.62	3.771e-25
249.19	3.7711e-25
249.77	3.7713e-25
250.34	3.7715e-25
250.92	3.7716e-25
251.5	3.7718e-25
252.08	3.772e-25
252.66	3.7721e-25
253.24	3.7723e-25
253.83	3.7725e-25
254.41	3.7726e-25
255	3.7728e-25
255.59	3.773e-25
256.18	3.7731e-25
256.77	3.7733e-25
257.36	3.7735e-25
257.95	3.7737e-25
258.55	3.7739e-25
259.14	3.774e-25
259.74	3.7742e-25
260.34	3.7744e-25
260.94	3.7746e-25
261.54	3.7748e-25
262.15	3.775e-25
262.75	3.7752e-25
263.36	3.7754e-25
263.96	3.7756e-25
264.57	3.7758e-25
265.18	3.776e-25
265.79	3.7762e-25
266.41	3.7764e-25
267.02	3.7766e-25
267.64	3.7768e-25
268.25	3.777e-25
268.87	3.7772e-25
269.49	3.7774e-25
270.11	3.7776e-25
270.74	3.7778e-25
271.36	3.7781e-25
271.99	3.7783e-25
272.61	3.7785e-25
273.24	3.7787e-25
273.87	3.7789e-25
274.5	3.7792e-25
275.14	3.7794e-25
275.77	3.7796e-25
276.41	3.7798e-25
277.05	3.7801e-25
277.68	3.7803e-25
278.32	3.7805e-25
278.97	3.7808e-25
279.61	3.781e-25
280.25	3.7813e-25
280.9	3.7815e-25
281.55	3.7818e-25
282.2	3.782e-25
282.85	3.7822e-25
283.5	3.7825e-25
284.15	3.7827e-25
284.81	3.783e-25
285.47	3.7833e-25
286.13	3.7835e-25
286.78	3.7838e-25
287.45	3.784e-25
288.11	3.7843e-25
288.77	3.7846e-25
289.44	3.7848e-25
290.11	3.7851e-25
290.78	3.7854e-25
291.45	3.7856e-25
292.12	3.7859e-25
292.79	3.7862e-25
293.47	3.7865e-25
294.14	3.7868e-25
294.82	3.787e-25
295.5	3.7873e-25
296.18	3.7876e-25
296.87	3.7879e-25
297.55	3.7882e-25
298.24	3.7885e-25
298.92	3.7888e-25
299.61	3.7891e-25
300.31	3.7894e-25
301	3.7897e-25
301.69	3.79e-25
302.39	3.7903e-25
303.08	3.7906e-25
303.78	3.7909e-25
304.48	3.7912e-25
305.19	3.7915e-25
305.89	3.7919e-25
306.6	3.7922e-25
307.3	3.7925e-25
308.01	3.7928e-25
308.72	3.7931e-25
309.43	3.7935e-25
310.15	3.7938e-25
310.86	3.7941e-25
311.58	3.7945e-25
312.3	3.7948e-25
313.02	3.7951e-25
313.74	3.7955e-25
314.46	3.7958e-25
315.19	3.7962e-25
315.91	3.7965e-25
316.64	3.7969e-25
317.37	3.7972e-25
318.11	3.7976e-25
318.84	3.7979e-25
319.57	3.7983e-25
320.31	3.7987e-25
321.05	3.799e-25
321.79	3.7994e-25
322.53	3.7998e-25
323.28	3.8001e-25
324.02	3.8005e-25
324.77	3.8009e-25
325.52	3.8013e-25
326.27	3.8017e-25
327.02	3.802e-25
327.77	3.8024e-25
328.53	3.8028e-25
329.29	3.8032e-25
330.05	3.8036e-25
330.81	3.804e-25
331.57	3.8044e-25
332.34	3.8049e-25
333.1	3.8053e-25
333.87	3.8057e-25
334.64	3.8062e-25
335.41	3.8066e-25
336.19	3.8071e-25
336.96	3.8077e-25
337.74	3.8083e-25
338.52	3.8092e-25
339.3	3.8109e-25
340.08	3.8164e-25
340.86	3.9409e-25
341.65	3.8357e-25
342.44	3.8145e-25
343.23	3.8123e-25
344.02	3.812e-25
344.81	3.8121e-25
345.61	3.8123e-25
346.4	3.8127e-25
347.2	3.8131e-25
348	3.8135e-25
348.81	3.8139e-25
349.61	3.8144e-25
350.42	3.8148e-25
351.23	3.8152e-25
352.04	3.8157e-25
352.85	3.8162e-25
353.66	3.8166e-25
354.48	3.8171e-25
355.29	3.8176e-25
356.11	3.8181e-25
356.93	3.8186e-25
357.76	3.819e-25
358.58	3.8195e-25
359.41	3.82e-25
360.24	3.8205e-25
361.07	3.821e-25
361.9	3.8215e-25
362.74	3.822e-25
363.57	3.8225e-25
364.41	3.8231e-25
365.25	3.8236e-25
366.09	3.8241e-25
366.94	3.8246e-25
367.78	3.8251e-25
368.63	3.8257e-25
369.48	3.8262e-25
370.33	3.8267e-25
371.19	3.8273e-25
372.04	3.8278e-25
372.9	3.8284e-25
373.76	3.8289e-25
374.62	3.8295e-25
375.49	3.83e-25
376.35	3.8306e-25
377.22	3.8311e-25
378.09	3.8317e-25
378.96	3.8323e-25
379.84	3.8328e-25
380.71	3.8334e-25
381.59	3.834e-25
382.47	3.8346e-25
383.35	3.8352e-25
384.24	3.8358e-25
385.12	3.8364e-25
386.01	3.8369e-25
386.9	3.8375e-25
387.79	3.8382e-25
388.69	3.8388e-25
389.58	3.8394e-25
390.48	3.84e-25
391.38	3.8406e-25
392.28	3.8412e-25
393.19	3.8419e-25
394.1	3.8425e-25
395	3.8431e-25
395.92	3.8437e-25
396.83	3.8444e-25
397.74	3.845e-25
398.66	3.8457e-25
399.58	3.8463e-25
400.5	3.847e-25
401.43	3.8476e-25
402.35	3.8483e-25
403.28	3.849e-25
404.21	3.8496e-25
405.14	3.8503e-25
406.08	3.851e-25
407.01	3.8517e-25
407.95	3.8524e-25
408.89	3.8531e-25
409.83	3.8538e-25
410.78	3.8545e-25
411.73	3.8552e-25
412.68	3.8559e-25
413.63	3.8566e-25
414.58	3.8573e-25
415.54	3.858e-25
416.5	3.8587e-25
417.46	3.8595e-25
418.42	3.8602e-25
419.38	3.8609e-25
420.35	3.8617e-25
421.32	3.8624e-25
422.29	3.8632e-25
423.27	3.8639e-25
424.24	3.8647e-25
425.22	3.8654e-25
426.2	3.8662e-25
427.18	3.867e-25
428.17	3.8677e-25
429.16	3.8685e-25
430.15	3.8693e-25
431.14	3.8701e-25
432.13	3.8709e-25
433.13	3.8717e-25
434.13	3.8725e-25
435.13	3.8733e-25
436.13	3.8741e-25
437.14	3.8749e-25
438.14	3.8757e-25
439.16	3.8766e-25
440.17	3.8774e-25
441.18	3.8782e-25
442.2	3.8791e-25
443.22	3.8799e-25
444.24	3.8808e-25
445.27	3.8816e-25
446.29	3.8825e-25
447.32	3.8833e-25
448.35	3.8842e-25
449.39	3.8851e-25
450.42	3.886e-25
451.46	3.8869e-25
452.5	3.8877e-25
453.55	3.8886e-25
454.59	3.8895e-25
455.64	3.8904e-25
456.69	3.8913e-25
457.75	3.8923e-25
458.8	3.8932e-25
459.86	3.8941e-25
460.92	3.895e-25
461.98	3.896e-25
463.05	3.8969e-25
464.12	3.8979e-25
465.19	3.8988e-25
466.26	3.8998e-25
467.33	3.9007e-25
468.41	3.9017e-25
469.49	3.9027e-25
470.57	3.9036e-25
471.66	3.9046e-25
472.75	3.9056e-25
473.84	3.9066e-25
474.93	3.9076e-25
476.02	3.9086e-25
477.12	3.9096e-25
478.22	3.9107e-25
479.33	3.9117e-25
480.43	3.9127e-25
481.54	3.9137e-25
482.65	3.9148e-25
483.76	3.9158e-25
484.88	3.9169e-25
486	3.9179e-25
487.12	3.919e-25
488.24	3.9201e-25
489.37	3.9212e-25
490.49	3.9222e-25
491.63	3.9233e-25
492.76	3.9244e-25
493.9	3.9255e-25
495.03	3.9266e-25
496.18	3.9277e-25
497.32	3.9289e-25
498.47	3.93e-25
499.62	3.9311e-25
500.77	3.9323e-25
501.92	3.9334e-25
503.08	3.9346e-25
504.24	3.9357e-25
505.4	3.9369e-25
506.57	3.9381e-25
507.74	3.9392e-25
508.91	3.9404e-25
510.08	3.9416e-25
511.26	3.9428e-25
512.44	3.944e-25
513.62	3.9452e-25
514.8	3.9464e-25
515.99	3.9477e-25
517.18	3.9489e-25
518.37	3.9501e-25
519.57	3.9514e-25
520.77	3.9526e-25
521.97	3.9539e-25
523.17	3.9552e-25
524.38	3.9564e-25
525.59	3.9577e-25
526.8	3.959e-25
528.01	3.9603e-25
529.23	3.9616e-25
530.45	3.9629e-25
531.67	3.9642e-25
532.9	3.9656e-25
534.13	3.9669e-25
535.36	3.9682e-25
536.6	3.9696e-25
537.83	3.9709e-25
539.07	3.9723e-25
540.32	3.9737e-25
541.56	3.975e-25
542.81	3.9764e-25
544.06	3.9778e-25
545.32	3.9792e-25
546.57	3.9806e-25
547.84	3.9821e-25
549.1	3.9835e-25
550.36	3.9849e-25
551.63	3.9864e-25
552.91	3.9878e-25
554.18	3.9893e-25
555.46	3.9907e-25
556.74	3.9922e-25
558.02	3.9937e-25
559.31	3.9952e-25
560.6	3.9967e-25
561.89	3.9982e-25
563.19	3.9997e-25
564.49	4.0012e-25
565.79	4.0028e-25
567.09	4.0043e-25
568.4	4.0058e-25
569.71	4.0074e-25
571.03	4.009e-25
572.34	4.0105e-25
573.66	4.0121e-25
574.99	4.0137e-25
576.31	4.0153e-25
577.64	4.0169e-25
578.97	4.0186e-25
580.31	4.0202e-25
581.65	4.0218e-25
582.99	4.0235e-25
584.33	4.0251e-25
585.68	4.0268e-25
587.03	4.0285e-25
588.38	4.0302e-25
589.74	4.0319e-25
591.1	4.0336e-25
592.46	4.0353e-25
593.83	4.037e-25
595.2	4.0387e-25
596.57	4.0405e-25
597.95	4.0422e-25
599.33	4.044e-25
600.71	4.0458e-25
602.09	4.0476e-25
603.48	4.0494e-25
604.87	4.0512e-25
606.27	4.053e-25
607.67	4.0548e-25
609.07	4.0566e-25
610.47	4.0585e-25
611.88	4.0603e-25
613.29	4.0622e-25
614.7	4.0641e-25
616.12	4.066e-25
617.54	4.0679e-25
618.97	4.0698e-25
620.39	4.0717e-25
621.83	4.0736e-25
623.26	4.0756e-25
624.7	4.0775e-25
626.14	4.0795e-25
627.58	4.0814e-25
629.03	4.0834e-25
630.48	4.0854e-25
631.93	4.0874e-25
633.39	4.0894e-25
634.85	4.0915e-25
636.31	4.0935e-25
637.78	4.0956e-25
639.25	4.0976e-25
640.73	4.0997e-25
642.2	4.1018e-25
643.68	4.1039e-25
645.17	4.106e-25
646.66	4.1081e-25
648.15	4.1103e-25
649.64	4.1124e-25
651.14	4.1146e-25
652.64	4.1167e-25
654.15	4.1189e-25
655.66	4.1211e-25
657.17	4.1233e-25
658.68	4.1255e-25
660.2	4.1278e-25
661.72	4.13e-25
663.25	4.1323e-25
664.78	4.1346e-25
666.31	4.1368e-25
667.85	4.1391e-25
669.39	4.1415e-25
670.93	4.1438e-25
672.48	4.1461e-25
674.03	4.1485e-25
675.59	4.1508e-25
677.14	4.1532e-25
678.7	4.1557e-25
680.27	4.1583e-25
681.84	4.1679e-25
683.41	4.1635e-25
684.99	4.1654e-25
686.57	4.1678e-25
688.15	4.1702e-25
689.74	4.1727e-25
691.33	4.1752e-25
692.92	4.1777e-25
694.52	4.1803e-25
696.12	4.1828e-25
697.73	4.1854e-25
699.33	4.1879e-25
700.95	4.1905e-25
702.56	4.1931e-25
704.18	4.1957e-25
705.81	4.1984e-25
707.44	4.201e-25
709.07	4.2037e-25
710.7	4.2064e-25
712.34	4.209e-25
713.98	4.2118e-25
715.63	4.2145e-25
717.28	4.2172e-25
718.93	4.22e-25
720.59	4.2227e-25
722.25	4.2255e-25
723.92	4.2283e-25
725.59	4.2311e-25
727.26	4.234e-25
728.94	4.2368e-25
730.62	4.2397e-25
732.3	4.2426e-25
733.99	4.2455e-25
735.69	4.2484e-25
737.38	4.2513e-25
739.08	4.2543e-25
740.79	4.2572e-25
742.5	4.2602e-25
744.21	4.2632e-25
745.92	4.2662e-25
747.64	4.2693e-25
749.37	4.2723e-25
751.1	4.2754e-25
752.83	4.2785e-25
754.56	4.2816e-25
756.3	4.2847e-25
758.05	4.2878e-25
759.8	4.291e-25
761.55	4.2942e-25
763.3	4.2974e-25
765.06	4.3006e-25
766.83	4.3038e-25
768.6	4.3071e-25
770.37	4.3103e-25
772.15	4.3136e-25
773.93	4.3169e-25
775.71	4.3202e-25
777.5	4.3236e-25
779.29	4.3269e-25
781.09	4.3303e-25
782.89	4.3337e-25
784.7	4.3371e-25
786.51	4.3406e-25
788.32	4.344e-25
790.14	4.3475e-25
791.96	4.351e-25
793.79	4.3545e-25
795.62	4.3581e-25
797.45	4.3616e-25
799.29	4.3652e-25
801.13	4.3688e-25
802.98	4.3725e-25
804.83	4.3761e-25
806.69	4.3798e-25
808.55	4.3834e-25
810.41	4.3872e-25
812.28	4.3909e-25
814.16	4.3946e-25
816.03	4.3984e-25
817.91	4.4022e-25
819.8	4.406e-25
821.69	4.4098e-25
823.59	4.4137e-25
825.49	4.4176e-25
827.39	4.4215e-25
829.3	4.4254e-25
831.21	4.4294e-25
833.13	4.4333e-25
835.05	4.4373e-25
836.97	4.4414e-25
838.9	4.4454e-25
840.84	4.4495e-25
842.78	4.4535e-25
844.72	4.4577e-25
846.67	4.4618e-25
848.62	4.4659e-25
850.58	4.4701e-25
852.54	4.4743e-25
854.5	4.4786e-25
856.47	4.4828e-25
858.45	4.4871e-25
860.43	4.4914e-25
862.41	4.4957e-25
864.4	4.5001e-25
866.4	4.5045e-25
868.39	4.5089e-25
870.4	4.5133e-25
872.4	4.5178e-25
874.41	4.5223e-25
876.43	4.5268e-25
878.45	4.5313e-25
880.48	4.5359e-25
882.51	4.5405e-25
884.54	4.5451e-25
886.58	4.5497e-25
888.63	4.5544e-25
890.68	4.5591e-25
892.73	4.5638e-25
894.79	4.5685e-25
896.85	4.5733e-25
898.92	4.5781e-25
900.99	4.583e-25
903.07	4.5878e-25
905.15	4.5927e-25
907.24	4.5976e-25
909.33	4.6026e-25
911.43	4.6076e-25
913.53	4.6126e-25
915.64	4.6176e-25
917.75	4.6227e-25
919.87	4.6277e-25
921.99	4.6329e-25
924.11	4.638e-25
926.25	4.6432e-25
928.38	4.6484e-25
930.52	4.6537e-25
932.67	4.6589e-25
934.82	4.6642e-25
936.97	4.6696e-25
939.13	4.6749e-25
941.3	4.6803e-25
943.47	4.6858e-25
945.65	4.6912e-25
947.83	4.6967e-25
950.01	4.7022e-25
952.2	4.7078e-25
954.4	4.7134e-25
956.6	4.719e-25
958.81	4.7247e-25
961.02	4.7303e-25
963.23	4.7361e-25
965.45	4.7418e-25
967.68	4.7476e-25
969.91	4.7534e-25
972.15	4.7593e-25
974.39	4.7652e-25
976.64	4.7711e-25
978.89	4.777e-25
981.15	4.783e-25
983.41	4.7891e-25
985.68	4.7951e-25
987.95	4.8012e-25
990.23	4.8074e-25
992.51	4.8135e-25
994.8	4.8197e-25
997.1	4.826e-25
999.39	4.8323e-25
1001.7	4.8386e-25
1004	4.8449e-25
1006.3	4.8513e-25
1008.6	4.8577e-25
1011	4.8642e-25
1013.3	4.8707e-25
1015.6	4.8773e-25
1018	4.8838e-25
1020.3	4.8905e-25
1022.7	4.8979e-25
1025	4.9039e-25
1027.4	4.9106e-25
1029.8	4.9173e-25
1032.1	4.9241e-25
1034.5	4.931e-25
1036.9	4.9379e-25
1039.3	4.9448e-25
1041.7	4.9518e-25
1044.1	4.9588e-25
1046.5	4.9659e-25
1048.9	4.973e-25
1051.3	4.9801e-25
1053.8	4.9873e-25
1056.2	4.9945e-25
1058.6	5.0018e-25
1061.1	5.0091e-25
1063.5	5.0164e-25
1066	5.0238e-25
1068.4	5.0313e-25
1070.9	5.0388e-25
1073.4	5.0463e-25
1075.8	5.0538e-25
1078.3	5.0615e-25
1080.8	5.0691e-25
1083.3	5.0768e-25
1085.8	5.0846e-25
1088.3	5.0924e-25
1090.8	5.1002e-25
1093.3	5.1081e-25
1095.8	5.116e-25
1098.4	5.124e-25
1100.9	5.132e-25
1103.4	5.1401e-25
1106	5.1482e-25
1108.5	5.1564e-25
1111.1	5.1646e-25
1113.7	5.1729e-25
1116.2	5.1812e-25
1118.8	5.1896e-25
1121.4	5.198e-25
1124	5.2065e-25
1126.6	5.215e-25
1129.2	5.2235e-25
1131.8	5.2321e-25
1134.4	5.2408e-25
1137	5.2495e-25
1139.6	5.2583e-25
1142.2	5.2671e-25
1144.9	5.276e-25
1147.5	5.2849e-25
1150.2	5.2939e-25
1152.8	5.3029e-25
1155.5	5.312e-25
1158.1	5.3211e-25
1160.8	5.3303e-25
1163.5	5.3395e-25
1166.2	5.3488e-25
1168.9	5.3582e-25
1171.5	5.3676e-25
1174.2	5.3771e-25
1177	5.3866e-25
1179.7	5.3961e-25
1182.4	5.4058e-25
1185.1	5.4155e-25
1187.9	5.4252e-25
1190.6	5.435e-25
1193.3	5.4449e-25
1196.1	5.4548e-25
1198.8	5.4648e-25
1201.6	5.4748e-25
1204.4	5.4849e-25
1207.2	5.495e-25
1209.9	5.5052e-25
1212.7	5.5155e-25
1215.5	5.5259e-25
1218.3	5.5362e-25
1221.1	5.5467e-25
1224	5.5572e-25
1226.8	5.5678e-25
1229.6	5.5784e-25
1232.4	5.5891e-25
1235.3	5.5999e-25
1238.1	5.6107e-25
1241	5.6216e-25
1243.9	5.6326e-25
1246.7	5.6436e-25
1249.6	5.6547e-25
1252.5	5.6659e-25
1255.4	5.6771e-25
1258.3	5.6884e-25
1261.2	5.6997e-25
1264.1	5.7112e-25
1267	5.7226e-25
1269.9	5.7342e-25
1272.8	5.7458e-25
1275.8	5.7575e-25
1278.7	5.7693e-25
1281.7	5.7811e-25
1284.6	5.793e-25
1287.6	5.805e-25
1290.5	5.817e-25
1293.5	5.8291e-25
1296.5	5.8413e-25
1299.5	5.8536e-25
1302.5	5.8659e-25
1305.5	5.8783e-25
1308.5	5.8908e-25
1311.5	5.9033e-25
1314.5	5.916e-25
1317.6	5.9287e-25
1320.6	5.9414e-25
1323.7	5.9543e-25
1326.7	5.9672e-25
1329.8	5.9802e-25
1332.8	5.9933e-25
1335.9	6.0064e-25
1339	6.0197e-25
1342.1	6.033e-25
1345.2	6.0464e-25
1348.3	6.0599e-25
1351.4	6.0734e-25
1354.5	6.087e-25
1357.6	6.1008e-25
1360.8	6.1146e-25
1363.9	6.1291e-25
1367	6.1424e-25
1370.2	6.1564e-25
1373.4	6.1705e-25
1376.5	6.1847e-25
1379.7	6.199e-25
1382.9	6.2134e-25
1386.1	6.2279e-25
1389.3	6.2424e-25
1392.5	6.257e-25
1395.7	6.2718e-25
1398.9	6.2866e-25
1402.1	6.3015e-25
1405.4	6.3164e-25
1408.6	6.3315e-25
1411.8	6.3467e-25
1415.1	6.3619e-25
1418.4	6.3773e-25
1421.6	6.3927e-25
1424.9	6.4082e-25
1428.2	6.4238e-25
1431.5	6.4395e-25
1434.8	6.4553e-25
1438.1	6.4712e-25
1441.4	6.4872e-25
1444.7	6.5033e-25
1448.1	6.5195e-25
1451.4	6.5358e-25
1454.8	6.5521e-25
1458.1	6.5686e-25
1461.5	6.5852e-25
1464.8	6.6019e-25
1468.2	6.6186e-25
1471.6	6.6355e-25
1475	6.6525e-25
1478.4	6.6695e-25
1481.8	6.6867e-25
1485.2	6.704e-25
1488.7	6.7213e-25
1492.1	6.7388e-25
1495.5	6.7564e-25
1499	6.7741e-25
1502.4	6.7919e-25
1505.9	6.8098e-25
1509.4	6.8278e-25
1512.9	6.8459e-25
1516.3	6.8641e-25
1519.8	6.8824e-25
1523.3	6.9009e-25
1526.9	6.9194e-25
1530.4	6.9381e-25
1533.9	6.9569e-25
1537.4	6.9757e-25
1541	6.9947e-25
1544.5	7.0138e-25
1548.1	7.0331e-25
1551.7	7.0524e-25
1555.3	7.0719e-25
1558.8	7.0914e-25
1562.4	7.1111e-25
1566	7.1309e-25
1569.6	7.1509e-25
1573.3	7.1709e-25
1576.9	7.1911e-25
1580.5	7.2113e-25
1584.2	7.2317e-25
1587.8	7.2523e-25
1591.5	7.2729e-25
1595.2	7.2937e-25
1598.8	7.3146e-25
1602.5	7.3356e-25
1606.2	7.3568e-25
1609.9	7.3781e-25
1613.6	7.3995e-25
1617.4	7.421e-25
1621.1	7.4427e-25
1624.8	7.4645e-25
1628.6	7.4864e-25
1632.3	7.5085e-25
1636.1	7.5306e-25
1639.9	7.553e-25
1643.6	7.5754e-25
1647.4	7.598e-25
1651.2	7.6208e-25
1655	7.6436e-25
1658.9	7.6666e-25
1662.7	7.6898e-25
1666.5	7.7131e-25
1670.4	7.7365e-25
1674.2	7.7601e-25
1678.1	7.7838e-25
1681.9	7.8076e-25
1685.8	7.8316e-25
1689.7	7.8558e-25
1693.6	7.8801e-25
1697.5	7.9045e-25
1701.4	7.9291e-25
1705.4	7.973e-25
1709.3	7.9787e-25
1713.2	8.0038e-25
1717.2	8.0289e-25
1721.1	8.0543e-25
1725.1	8.0798e-25
1729.1	8.1054e-25
1733.1	8.1312e-25
1737.1	8.1572e-25
1741.1	8.1833e-25
1745.1	8.2096e-25
1749.1	8.2361e-25
1753.1	8.2627e-25
1757.2	8.2894e-25
1761.2	8.3164e-25
1765.3	8.3435e-25
1769.4	8.3707e-25
1773.5	8.3982e-25
1777.5	8.4258e-25
1781.6	8.4535e-25
1785.8	8.4815e-25
1789.9	8.5096e-25
1794	8.5379e-25
1798.1	8.5663e-25
1802.3	8.595e-25
1806.4	8.6238e-25
1810.6	8.6528e-25
1814.8	8.6819e-25
1819	8.7113e-25
1823.2	8.7408e-25
1827.4	8.7705e-25
1831.6	8.8004e-25
1835.8	8.8305e-25
1840	8.8607e-25
1844.3	8.8912e-25
1848.5	8.9218e-25
1852.8	8.9527e-25
1857.1	8.9837e-25
1861.3	9.0149e-25
1865.6	9.0463e-25
1869.9	9.0779e-25
1874.3	9.1097e-25
1878.6	9.1417e-25
1882.9	9.1739e-25
1887.2	9.2063e-25
1891.6	9.239e-25
1896	9.2718e-25
1900.3	9.3048e-25
1904.7	9.338e-25
1909.1	9.3714e-25
1913.5	9.4051e-25
1917.9	9.4389e-25
1922.3	9.473e-25
1926.8	9.5073e-25
1931.2	9.5418e-25
1935.7	9.5765e-25
1940.1	9.6114e-25
1944.6	9.6466e-25
1949.1	9.682e-25
1953.6	9.7176e-25
1958.1	9.7534e-25
1962.6	9.7894e-25
1967.1	9.8257e-25
1971.7	9.8622e-25
1976.2	9.899e-25
1980.8	9.936e-25
1985.3	9.9732e-25
1989.9	1.0011e-24
1994.5	1.0048e-24
1999.1	1.0086e-24
2003.7	1.0124e-24
2008.3	1.0163e-24
2013	1.0202e-24
2017.6	1.024e-24
2022.3	1.028e-24
2026.9	1.0319e-24
2031.6	1.0359e-24
2036.3	1.0399e-24
2041	1.0439e-24
2045.7	1.0479e-24
2050.4	1.052e-24
2055.1	1.0561e-24
2059.9	1.0602e-24
2064.6	1.0644e-24
2069.4	1.0686e-24
2074.2	1.0728e-24
2078.9	1.077e-24
2083.7	1.0813e-24
2088.5	1.0855e-24
2093.4	1.0899e-24
2098.2	1.0942e-24
2103	1.0986e-24
2107.9	1.103e-24
2112.7	1.1074e-24
2117.6	1.1119e-24
2122.5	1.1164e-24
2127.4	1.1209e-24
2132.3	1.1254e-24
2137.2	1.13e-24
2142.1	1.1346e-24
2147.1	1.1393e-24
2152	1.144e-24
2157	1.1487e-24
2162	1.1534e-24
2167	1.1582e-24
2171.9	1.163e-24
2177	1.1678e-24
2182	1.1727e-24
2187	1.1775e-24
2192.1	1.1825e-24
2197.1	1.1874e-24
2202.2	1.1924e-24
2207.3	1.1975e-24
2212.3	1.2025e-24
2217.4	1.2076e-24
2222.6	1.2128e-24
2227.7	1.2179e-24
2232.8	1.2231e-24
2238	1.2284e-24
2243.1	1.2337e-24
2248.3	1.239e-24
2253.5	1.2443e-24
2258.7	1.2497e-24
2263.9	1.2551e-24
2269.1	1.2606e-24
2274.3	1.2661e-24
2279.6	1.2716e-24
2284.8	1.2772e-24
2290.1	1.2828e-24
2295.4	1.2885e-24
2300.7	1.2941e-24
2306	1.2999e-24
2311.3	1.3056e-24
2316.6	1.3115e-24
2322	1.3173e-24
2327.3	1.3232e-24
2332.7	1.3291e-24
2338.1	1.3351e-24
2343.5	1.3411e-24
2348.9	1.3472e-24
2354.3	1.3533e-24
2359.7	1.3594e-24
2365.2	1.3656e-24
2370.6	1.3719e-24
2376.1	1.3782e-24
2381.6	1.3845e-24
2387.1	1.3918e-24
2392.6	1.3973e-24
2398.1	1.4037e-24
2403.6	1.4102e-24
2409.2	1.4168e-24
2414.7	1.4234e-24
2420.3	1.43e-24
2425.9	1.4367e-24
2431.5	1.4435e-24
2437.1	1.4503e-24
2442.7	1.4571e-24
2448.3	1.464e-24
2454	1.471e-24
2459.6	1.478e-24
2465.3	1.485e-24
2471	1.4921e-24
2476.7	1.4992e-24
2482.4	1.5065e-24
2488.1	1.5137e-24
2493.8	1.521e-24
2499.6	1.5284e-24
2505.4	1.5358e-24
2511.1	1.5433e-24
2516.9	1.5508e-24
2522.7	1.5584e-24
2528.5	1.566e-24
2534.4	1.5737e-24
2540.2	1.5815e-24
2546.1	1.5893e-24
2552	1.5971e-24
2557.8	1.6051e-24
2563.7	1.613e-24
2569.6	1.6211e-24
2575.6	1.6292e-24
2581.5	1.6374e-24
2587.5	1.6456e-24
2593.4	1.659e-24
2599.4	1.6622e-24
2605.4	1.6706e-24
2611.4	1.6791e-24
2617.4	1.6877e-24
2623.5	1.6963e-24
2629.5	1.7049e-24
2635.6	1.7136e-24
2641.7	1.7224e-24
2647.8	1.7313e-24
2653.9	1.7402e-24
2660	1.7492e-24
2666.1	1.7583e-24
2672.3	1.7674e-24
2678.4	1.7766e-24
2684.6	1.7859e-24
2690.8	1.7952e-24
2697	1.8046e-24
2703.2	1.8141e-24
2709.5	1.8236e-24
2715.7	1.8332e-24
2722	1.8429e-24
2728.2	1.8527e-24
2734.5	1.8625e-24
2740.8	1.8724e-24
2747.2	1.8824e-24
2753.5	1.8924e-24
2759.8	1.9025e-24
2766.2	1.9127e-24
2772.6	1.923e-24
2779	1.9333e-24
2785.4	1.9437e-24
2791.8	1.9542e-24
2798.2	1.9647e-24
2804.7	1.9753e-24
2811.2	1.986e-24
2817.6	1.9968e-24
2824.1	2.0077e-24
2830.7	2.0186e-24
2837.2	2.0296e-24
2843.7	2.0406e-24
2850.3	2.0518e-24
2856.9	2.063e-24
2863.4	2.0742e-24
2870.1	2.0856e-24
2876.7	2.097e-24
2883.3	2.1085e-24
2890	2.12e-24
2896.6	2.1316e-24
2903.3	2.1433e-24
2910	2.1551e-24
2916.7	2.1669e-24
2923.4	2.1788e-24
2930.2	2.1907e-24
2936.9	2.2027e-24
2943.7	2.2148e-24
2950.5	2.2269e-24
2957.3	2.2391e-24
2964.1	2.2513e-24
2970.9	2.2636e-24
2977.8	2.276e-24
2984.7	2.2883e-24
2991.5	2.3008e-24
2998.4	2.3132e-24
3005.4	2.3257e-24
3012.3	2.3383e-24
3019.2	2.3509e-24
3026.2	2.3635e-24
3033.2	2.3761e-24
3040.2	2.3887e-24
3047.2	2.4014e-24
3054.2	2.4141e-24
3061.3	2.4267e-24
3068.3	2.4395e-24
3075.4	2.4521e-24
3082.5	2.4648e-24
3089.6	2.4774e-24
3096.7	2.4901e-24
3103.9	2.5027e-24
3111	2.5152e-24
3118.2	2.5277e-24
3125.4	2.5402e-24
3132.6	2.5526e-24
3139.8	2.565e-24
3147	2.5772e-24
3154.3	2.5894e-24
3161.6	2.6015e-24
3168.9	2.6134e-24
3176.2	2.6253e-24
3183.5	2.637e-24
3190.8	2.6486e-24
3198.2	2.66e-24
3205.6	2.6712e-24
3213	2.6823e-24
3220.4	2.6932e-24
3227.8	2.7038e-24
3235.2	2.7143e-24
3242.7	2.7245e-24
3250.2	2.7344e-24
3257.7	2.7441e-24
3265.2	2.7534e-24
3272.7	2.7625e-24
3280.3	2.7712e-24
3287.8	2.7796e-24
3295.4	2.7877e-24
3303	2.7953e-24
3310.6	2.8026e-24
3318.3	2.8094e-24
3325.9	2.8158e-24
3333.6	2.8217e-24
3341.3	2.8272e-24
3349	2.8321e-24
3356.7	2.8366e-24
3364.4	2.8404e-24
3372.2	2.8438e-24
3380	2.8465e-24
3387.8	2.8486e-24
3395.6	2.8502e-24
3403.4	2.851e-24
3411.3	2.8513e-24
3419.1	2.8508e-24
3427	2.8496e-24
3434.9	2.8478e-24
3442.8	2.8452e-24
3450.8	2.8418e-24
3458.7	2.8378e-24
3466.7	2.8329e-24
3474.7	2.8273e-24
3482.7	2.8208e-24
3490.7	2.8136e-24
3498.8	2.8056e-24
3506.9	2.7967e-24
3514.9	2.7871e-24
3523.1	2.7766e-24
3531.2	2.7653e-24
3539.3	2.7532e-24
3547.5	2.7403e-24
3555.7	2.7266e-24
3563.9	2.712e-24
3572.1	2.6967e-24
3580.3	2.6806e-24
3588.6	2.6638e-24
3596.8	2.6462e-24
3605.1	2.6278e-24
3613.5	2.6088e-24
3621.8	2.589e-24
3630.1	2.5686e-24
3638.5	2.5475e-24
3646.9	2.5258e-24
3655.3	2.5034e-24
3663.7	2.4805e-24
3672.2	2.4571e-24
3680.7	2.4331e-24
3689.1	2.4086e-24
3697.7	2.3837e-24
3706.2	2.3584e-24
3714.7	2.3326e-24
3723.3	2.3065e-24
3731.9	2.2801e-24
3740.5	2.2533e-24
3749.1	2.2263e-24
3757.8	2.1991e-24
3766.4	2.1717e-24
3775.1	2.1441e-24
3783.8	2.1164e-24
3792.5	2.0885e-24
3801.3	2.0607e-24
3810	2.0327e-24
3818.8	2.0048e-24
3827.6	1.9769e-24
3836.5	1.9491e-24
3845.3	1.9214e-24
3854.2	1.8938e-24
3863.1	1.8663e-24
3872	1.839e-24
3880.9	1.8119e-24
3889.9	1.7851e-24
3898.8	1.7585e-24
3907.8	1.7322e-24
3916.8	1.7062e-24
3925.9	1.6806e-24
3934.9	1.6553e-24
3944	1.6305e-24
3953.1	1.606e-24
3962.2	1.5819e-24
3971.3	1.5583e-24
3980.5	1.5352e-24
3989.7	1.5126e-24
3998.9	1.4905e-24
4008.1	1.469e-24
4017.3	1.448e-24
4026.6	1.4276e-24
4035.9	1.4077e-24
4045.2	1.3885e-24
4054.5	1.3699e-24
4063.9	1.352e-24
4073.2	1.3347e-24
4082.6	1.3181e-24
4092.1	1.3021e-24
4101.5	1.2869e-24
4110.9	1.2724e-24
4120.4	1.2586e-24
4129.9	1.2455e-24
4139.5	1.2332e-24
4149	1.2217e-24
4158.6	1.2109e-24
4168.2	1.2008e-24
4177.8	1.1915e-24
4187.4	1.183e-24
4197.1	1.1753e-24
4206.7	1.1683e-24
4216.4	1.1621e-24
4226.2	1.1567e-24
4235.9	1.152e-24
4245.7	1.1481e-24
4255.5	1.145e-24
4265.3	1.1425e-24
4275.1	1.1409e-24
4285	1.1399e-24
4294.8	1.1397e-24
4304.8	1.1401e-24
4314.7	1.1413e-24
4324.6	1.1431e-24
4334.6	1.1455e-24
4344.6	1.1486e-24
4354.6	1.1524e-24
4364.7	1.1567e-24
4374.7	1.1616e-24
4384.8	1.1671e-24
4394.9	1.1732e-24
4405.1	1.1798e-24
4415.2	1.1869e-24
4425.4	1.1945e-24
4435.6	1.2026e-24
4445.8	1.2111e-24
4456.1	1.2201e-24
4466.4	1.2295e-24
4476.7	1.2394e-24
4487	1.2496e-24
4497.3	1.2602e-24
4507.7	1.2712e-24
4518.1	1.2825e-24
4528.5	1.2942e-24
4539	1.3061e-24
4549.4	1.3184e-24
4559.9	1.331e-24
4570.4	1.3439e-24
4581	1.357e-24
4591.5	1.3704e-24
4602.1	1.384e-24
4612.7	1.3979e-24
4623.4	1.412e-24
4634	1.4263e-24
4644.7	1.4408e-24
4655.4	1.4556e-24
4666.2	1.4705e-24
4676.9	1.4856e-24
4687.7	1.5008e-24
4698.5	1.5163e-24
4709.4	1.5319e-24
4720.2	1.5476e-24
4731.1	1.5635e-24
4742	1.5796e-24
4752.9	1.5957e-24
4763.9	1.6121e-24
4774.9	1.6285e-24
4785.9	1.6451e-24
4796.9	1.6617e-24
4808	1.6785e-24
4819.1	1.6954e-24
4830.2	1.7125e-24
4841.3	1.7296e-24
4852.5	1.7468e-24
4863.7	1.7641e-24
4874.9	1.7815e-24
4886.1	1.799e-24
4897.4	1.8166e-24
4908.7	1.8343e-24
4920	1.8521e-24
4931.4	1.8699e-24
4942.7	1.8879e-24
4954.1	1.9059e-24
4965.6	1.924e-24
4977	1.9422e-24
4988.5	1.9604e-24
5000	1.9787e-24
