5.000000000000000888e+00 7.293870024702440933e-24
5.034693157380139006e+00 7.055354473796216909e-24
5.069627037794075974e+00 6.828651556331583836e-24
5.104803311530234922e+00 6.612918777257797991e-24
5.140223660466546995e+00 6.407383725845899040e-24
5.175889778150882137e+00 6.211338308825459800e-24
5.211803369882009207e+00 6.024133394329772140e-24
5.247966152791137873e+00 5.845173851875159538e-24
5.284379855924021818e+00 5.673913991060860225e-24
5.321046220323622400e+00 5.509853321035191840e-24
5.357966999113356721e+00 5.352532673393474595e-24
5.395143957580921246e+00 5.201530619615004921e-24
5.432578873262690955e+00 5.056460182107190295e-24
5.470273536028714467e+00 4.916965823933392714e-24
5.508229748168283813e+00 4.782720674559207311e-24
5.546449324476114384e+00 4.653424010982216432e-24
5.584934092339116418e+00 4.528798931845094113e-24
5.623685891823758887e+00 4.408590254874165782e-24
5.662706575764059558e+00 4.292562580860085657e-24
5.701998009850164806e+00 4.180498541709763022e-24
5.741562072717556475e+00 4.072197190328587955e-24
5.781400656036880470e+00 3.967472553452920252e-24
5.821515664604382856e+00 3.866152292728983635e-24
5.861909016432995223e+00 3.768076503907542080e-24
5.902582642844026672e+00 3.672078533737914551e-24
5.943538488559517496e+00 3.578118067034623961e-24
5.984778511795218137e+00 3.487130359682216899e-24
6.026304684354212071e+00 3.398988036763377066e-24
6.068118991721204836e+00 3.313571831439962860e-24
6.110223433157442763e+00 3.230769918437250405e-24
6.152620021796308514e+00 3.150477291578344406e-24
6.195310784739581855e+00 3.072595220521217822e-24
6.238297763154347919e+00 2.997030731371058979e-24
6.281583012370603569e+00 2.923696157382889856e-24
6.325168601979518357e+00 2.852508716574093662e-24
6.369056615932393584e+00 2.783390130370426601e-24
6.413249152640303485e+00 2.716266274869050694e-24
6.457748325074419427e+00 2.651066867985929300e-24
6.502556260867045523e+00 2.587725184800379046e-24
6.547675102413337278e+00 2.526177787086218597e-24
6.593107006973743189e+00 2.466364296646874303e-24
6.638854146777149801e+00 2.408227165901585682e-24
6.684918709124731961e+00 2.350867080278697011e-24
6.731302896494550936e+00 2.295087982216876616e-24
6.778008926646843513e+00 2.240861011464137340e-24
6.825039032730071398e+00 2.188137418789336670e-24
6.872395463387687364e+00 2.136870455398008506e-24
6.920080482865659022e+00 2.087015261540516095e-24
6.968096371120712895e+00 2.038528745249228091e-24
7.016445423929364544e+00 1.991369481871409623e-24
7.065129952997670770e+00 1.945497615474460232e-24
7.114152286071764308e+00 1.900874772063215533e-24
7.163514767049155907e+00 1.857463973147043660e-24
7.213219756090789581e+00 1.815229570631847753e-24
7.263269629733905219e+00 1.774137171312718977e-24
7.313666781005652595e+00 1.734153576102971334e-24
7.364413619537513611e+00 1.695246719764077756e-24
7.415512571680523024e+00 1.657385618627387483e-24
7.466966080621261881e+00 1.620540320031808599e-24
7.518776606498691173e+00 1.584681856886997674e-24
7.570946626521762646e+00 1.549782198896256941e-24
7.623478635087869826e+00 1.515814220488619901e-24
7.676375143902114395e+00 1.482751659414208824e-24
7.729638682097387914e+00 1.450569079647246408e-24
7.783271796355308858e+00 1.419241842183431454e-24
7.837277051027977670e+00 1.388746071464976609e-24
7.891657028260587126e+00 1.359058627075219970e-24
7.946414328114890679e+00 1.330157079176613124e-24
8.001551568693503924e+00 1.302019677375984527e-24
8.057071386265098667e+00 1.274625330292502600e-24
8.112976435390438112e+00 1.247953582636636636e-24
8.169269389049306440e+00 1.221984589441765482e-24
8.225952938768314127e+00 1.196699100026092800e-24
8.283029794749570129e+00 1.172078434362963948e-24
8.340502686000293764e+00 1.148104463839843274e-24
8.398374360463268573e+00 1.124759597253340516e-24
8.456647585148241220e+00 1.102026759425245921e-24
8.515325146264222766e+00 1.079889374810627752e-24
8.574409849352699453e+00 1.058331353516984258e-24
8.633904519421777835e+00 1.037337072810364981e-24
8.693812001081255403e+00 1.016891365456586732e-24
8.754135158678622020e+00 9.969795036518931833e-25
8.814876876436029463e+00 9.775871838422240958e-25
8.876040058588174020e+00 9.587005159668500348e-25
8.937627629521175621e+00 9.403060100324283787e-25
8.999642533912386000e+00 9.223905608765866203e-25
9.062087736871186294e+00 9.049414401415806339e-25
9.124966224080763411e+00 8.879462818796131153e-25
9.188281001940856285e+00 8.713930711083559470e-25
9.252035097711509337e+00 8.552701349724417869e-25
9.316231559657802919e+00 8.395661297806652166e-25
9.380873457195605170e+00 8.242700321272213622e-25
9.445963881038332843e+00 8.093711284660644789e-25
9.511505943344722880e+00 7.948590060290120560e-25
9.577502777867637818e+00 7.807235413330856901e-25
9.643957540103892612e+00 7.669548943486714701e-25
9.710873407445131278e+00 7.535434974058257455e-25
9.778253579329746259e+00 7.404800462739009710e-25
9.846101277395861828e+00 7.277554942023316370e-25
9.914419745635354886e+00 7.153610428890135328e-25
9.983212250548969990e+00 7.032881325041474942e-25
1.005248208130249488e+01 6.918457250187851302e-25
1.012223254988401777e+01 6.807890112042719922e-25
1.019246699126231981e+01 6.700061718952820951e-25
1.026318876354625864e+01 6.594904324787224669e-25
1.033440124814541505e+01 6.492351969899491067e-25
1.040610784993169524e+01 6.392340401785823556e-25
1.047831199740216412e+01 6.294807050037137592e-25
1.055101714284298176e+01 6.199690954882568248e-25
1.062422676249441267e+01 6.106932728944481415e-25
1.069794435671711241e+01 6.016474493473518253e-25
1.077217345015942129e+01 5.928259862469427915e-25
1.084691759192592109e+01 5.842233855080342138e-25
1.092218035574714108e+01 5.758342888737057118e-25
1.099796534015037253e+01 5.676534725334137708e-25
1.107427616863180120e+01 5.596758424350107107e-25
1.115111648982969150e+01 5.518964303355215392e-25
1.122848997769887447e+01 5.443103921697779221e-25
1.130640033168639569e+01 5.369130013525440348e-25
1.138485127690839782e+01 5.296996472157416381e-25
1.146384656432824833e+01 5.226658312110510268e-25
1.154338997093584673e+01 5.158071641552863124e-25
1.162348529992824453e+01 5.091193612958282789e-25
1.170413638089146957e+01 5.025982418514756467e-25
1.178534706998363824e+01 4.962397238303773174e-25
1.186712125011933594e+01 4.900398228370361977e-25
1.194946283115524999e+01 4.839946487928845704e-25
1.203237575007712579e+01 4.781004025555046684e-25
1.211586397118800207e+01 4.723533750008806543e-25
1.219993148629774993e+01 4.667499432287084396e-25
1.228458231491395480e+01 4.612865694808102927e-25
1.236982050443406855e+01 4.559597975719260556e-25
1.245565013033894708e+01 4.507662521092593743e-25
1.254207529638770424e+01 4.457026347762045628e-25
1.262910013481392113e+01 4.407657246973851695e-25
1.271672880652324622e+01 4.359523744799314589e-25
1.280496550129229583e+01 4.312595086793341011e-25
1.289381443796900939e+01 4.266841233545059687e-25
1.298327986467436013e+01 4.222232830138811498e-25
1.307336605900545834e+01 4.178741194937289425e-25
1.316407732824010424e+01 4.136338303800874031e-25
1.325541800954269256e+01 4.094996772894689157e-25
1.334739247017160935e+01 4.054689850140423996e-25
1.344000510768803558e+01 4.015391391011813858e-25
1.353326035016620388e+01 3.977075854694821754e-25
1.362716265640514379e+01 3.939718282738962032e-25
1.372171651614182508e+01 3.903294295523076504e-25
1.381692645026585531e+01 3.867780071951592203e-25
1.391279701103562694e+01 3.833152337964450274e-25
1.400933278229597434e+01 3.799388362777209690e-25
1.410653837969735847e+01 3.766465937239562128e-25
1.420441845091651878e+01 3.734363369134304606e-25
1.430297767587871505e+01 3.703059473887654666e-25
1.440222076698148790e+01 3.672533558484697144e-25
1.450215246931995594e+01 3.642765416207579876e-25
1.460277756091373114e+01 3.613735316004927785e-25
1.470410085293531743e+01 3.585423991913018663e-25
1.480612718994017740e+01 3.557812632423454672e-25
1.490886145009836561e+01 3.530882875673256199e-25
1.501230854542774473e+01 3.504616798040518256e-25
1.511647342202888744e+01 3.478996903788049950e-25
1.522136106032151126e+01 3.454006119568932971e-25
1.532697647528264007e+01 3.429627784810869894e-25
1.543332471668636963e+01 3.405845642194431525e-25
1.554041086934531712e+01 3.382643834421556346e-25
1.564824005335375823e+01 3.360006888949468751e-25
1.575681742433239485e+01 3.337919715627675046e-25
1.586614817367488683e+01 3.316367598941416679e-25
1.597623752879606585e+01 3.295336187721812841e-25
1.608709075338185457e+01 3.274811489363153302e-25
1.619871314764099068e+01 3.254779863693707856e-25
1.631111004855834778e+01 3.235228012819895022e-25
1.642428683015022273e+01 3.216142977472836421e-25
1.653824890372121104e+01 3.197512127701588257e-25
1.665300171812294039e+01 3.179323156176487298e-25
1.676855076001465861e+01 3.161564072404342971e-25
1.688490155412545590e+01 3.144223195401223834e-25
1.700205966351853704e+01 3.127289148257504804e-25
1.712003068985712417e+01 3.110750848615863331e-25
1.723882027367231728e+01 3.094597506657321455e-25
1.735843409463281262e+01 3.078818614827139571e-25
1.747887787181637265e+01 3.063403944190813791e-25
1.760015736398340280e+01 3.048343536319448339e-25
1.772227836985217664e+01 3.033627699190927052e-25
1.784524672837614645e+01 3.019246999564924178e-25
1.796906831902314394e+01 3.005192258138843681e-25
1.809374906205639988e+01 2.991454543526462848e-25
1.821929491881772734e+01 2.978025165347037073e-25
1.834571189201246710e+01 2.964895670921136306e-25
1.847300602599650787e+01 2.952057837600069624e-25
1.860118340706534568e+01 2.939503668210054381e-25
1.873025016374496232e+01 2.927225385633074287e-25
1.886021246708499532e+01 2.915215427740154836e-25
1.899107653095367709e+01 2.903466441048530328e-25
1.912284861233499456e+01 2.891971277164564441e-25
1.925553501162785963e+01 2.880722987068716646e-25
1.938914207294728342e+01 2.869714815305579183e-25
1.952367618442780639e+01 2.858940196741072940e-25
1.965914377852884698e+01 2.848392750489451497e-25
1.979555133234229203e+01 2.838066275655418142e-25
1.993290536790221168e+01 2.827954747115392362e-25
2.007121245249660646e+01 2.818052310408151091e-25
2.021047919898153822e+01 2.808353277455653213e-25
2.035071226609719020e+01 2.798852122459409440e-25
2.049191835878630386e+01 2.789543477588692815e-25
2.063410422851477577e+01 2.780422128284441534e-25
2.077727667359437191e+01 2.771483010087349528e-25
2.092144253950791111e+01 2.762721203839706532e-25
2.106660871923644152e+01 2.754131932306934567e-25
2.121278215358888275e+01 2.745710555808955939e-25
2.135996983153390261e+01 2.737452568945179192e-25
2.150817879053397164e+01 2.729353596947796965e-25
2.165741611688200052e+01 2.721409391552790449e-25
2.180768894604002384e+01 2.713615827924212146e-25
2.195900446298042752e+01 2.705968901367134028e-25
2.211136990252950341e+01 2.698464723598890370e-25
2.226479254971327393e+01 2.691099519735611203e-25
2.241927974010593871e+01 2.683869624951562415e-25
2.257483886018050612e+01 2.676771481482604482e-25
2.273147734766199335e+01 2.669801635551434445e-25
2.288920269188310286e+01 2.662956734435662390e-25
2.304802243414216534e+01 2.656233523413783453e-25
2.320794416806389648e+01 2.649628843420499592e-25
2.336897553996231380e+01 2.643139627474203079e-25
2.353112424920640322e+01 2.636762898935364064e-25
2.369439804858827614e+01 2.630495768306481848e-25
2.385880474469372459e+01 2.624335430699705923e-25
2.402435219827565405e+01 2.618279163760804123e-25
2.419104832462978294e+01 2.612324324879578612e-25
2.435890109397316294e+01 2.606468349074176256e-25
2.452791853182525017e+01 2.600708746511624817e-25
2.469810871939160180e+01 2.595043100555122398e-25
2.486947979395032249e+01 2.589469065264542941e-25
2.504203994924105814e+01 2.583984363630729833e-25
2.521579743585680333e+01 2.578586785346568063e-25
2.539076056163837691e+01 2.573274184898647657e-25
2.556693769207162603e+01 2.568044479504556704e-25
2.574433725068747236e+01 2.562895647477492748e-25
2.592296771946456246e+01 2.557825726128397052e-25
2.610283763923488465e+01 2.552832810196088314e-25
2.628395561009211789e+01 2.547915050105199335e-25
2.646633029180280161e+01 2.543070650145656308e-25
2.664997040422045060e+01 2.538297867024670899e-25
2.683488472770237721e+01 2.533595008207418394e-25
2.702108210352958650e+01 2.528960430307880980e-25
2.720857143432946046e+01 2.524392537897487435e-25
2.739736168450142983e+01 2.519889781653932686e-25
2.758746188064564109e+01 2.515450657219312697e-25
2.777888111199438370e+01 2.511073703790866999e-25
2.797162853084689971e+01 2.506757502821235959e-25
2.816571335300678314e+01 2.502500676654297752e-25
2.836114485822271192e+01 2.498301887351196186e-25
2.855793239063217115e+01 2.494159835471270401e-25
2.875608535920806474e+01 2.490073258959281416e-25
2.895561323820880162e+01 2.486040931832238911e-25
2.915652556763112102e+01 2.482061663298816836e-25
2.935883195366627163e+01 2.478134296573942660e-25
2.956254206915940230e+01 2.474257707813962496e-25
2.976766565407184473e+01 2.470430805262957154e-25
2.997421251594705538e+01 2.466652528053871071e-25
3.018219253037934635e+01 2.462921845479000049e-25
3.039161564148614758e+01 2.459237755941229437e-25
3.060249186238350916e+01 2.455599286173886536e-25
3.081483127566470870e+01 2.452005490225641075e-25
3.102864403388251446e+01 2.448455448817493274e-25
3.124394036003446828e+01 2.444948268384769822e-25
3.146073054805171409e+01 2.441483080340611923e-25
3.167902496329126549e+01 2.438059040390292910e-25
3.189883404303140679e+01 2.434675327653479830e-25
3.212016829697096654e+01 2.431331144101335575e-25
3.234303830773163213e+01 2.428025713753126807e-25
3.256745473136400904e+01 2.424758282067323857e-25
3.279342829785717583e+01 2.421528115261945959e-25
3.302096981165151846e+01 2.418334499722161232e-25
3.325009015215560737e+01 2.415176741339730944e-25
3.348080027426610883e+01 2.412054165014396951e-25
3.371311120889170354e+01 2.408966113950457613e-25
3.394703406348055807e+01 2.405911949235791585e-25
3.418258002255118555e+01 2.402891049213697968e-25
3.441976034822749142e+01 2.399902809014176207e-25
3.465858638077703091e+01 2.396946640024486185e-25
3.489906953915329524e+01 2.394021969417656985e-25
3.514122132154175659e+01 2.391128239661492999e-25
3.538505330590944453e+01 2.388264908100321099e-25
3.563057715055874297e+01 2.385431446457033323e-25
3.587780459468464045e+01 2.382627340461430917e-25
3.612674745893606598e+01 2.379852089387079563e-25
3.637741764598116134e+01 2.377105205673550031e-25
3.662982714107614868e+01 2.374386214536930986e-25
3.688398801263866744e+01 2.371694653588281430e-25
3.713991241282458589e+01 2.369030072453352307e-25
3.739761257810909711e+01 2.366392032456488269e-25
3.765710082987187235e+01 2.363780106234747776e-25
3.791838957498595164e+01 2.361193877434168675e-25
3.818149130641122468e+01 2.358632940376865441e-25
3.844641860379156384e+01 2.356096899742546893e-25
3.871318413405634118e+01 2.353585370293060214e-25
3.898180065202618039e+01 2.351097976543542733e-25
3.925228100102253848e+01 2.348634352514129510e-25
3.952463811348211919e+01 2.346194141434990118e-25
3.979888501157492442e+01 2.343776995473955581e-25
4.007503480782702354e+01 2.341382575513574394e-25
4.035310070574752928e+01 2.339010550859991243e-25
4.063309600045972303e+01 2.336660599034012067e-25
4.091503407933696224e+01 2.334332405518685477e-25
4.119892842264259514e+01 2.332025663539681832e-25
4.148479260417452963e+01 2.329740073851649445e-25
4.177264029191434958e+01 2.327475344510212755e-25
4.206248524868058780e+01 2.325231190681333778e-25
4.235434133278702973e+01 2.323007334435118917e-25
4.264822249870512394e+01 2.320803504565050431e-25
4.294414279773126708e+01 2.318619436371313439e-25
4.324211637865862912e+01 2.316454871520236641e-25
4.354215748845361134e+01 2.314309557832264365e-25
4.384428047293715025e+01 2.312183249138566455e-25
4.414849977747045529e+01 2.310075705099098838e-25
4.445482994764580553e+01 2.307986691060292948e-25
4.476328562998200056e+01 2.305915977876847103e-25
4.507388157262457895e+01 2.303863341791942714e-25
4.538663262605113857e+01 2.301828564267769227e-25
4.570155374378115454e+01 2.299811431857775892e-25
4.601865998309111916e+01 2.297811736065611986e-25
4.633796650573440701e+01 2.295829273223734059e-25
4.665948857866618482e+01 2.293863844348592838e-25
4.698324157477347285e+01 2.291915255035911372e-25
4.730924097361000236e+01 2.289983315323670609e-25
4.763750236213646616e+01 2.288067839592318643e-25
4.796804143546572874e+01 2.286168646444908868e-25
4.830087399761322331e+01 2.284285558593361711e-25
4.863601596225270640e+01 2.282418402766237920e-25
4.897348335347697201e+01 2.280567009594225208e-25
4.931329230656412221e+01 2.278731213520965068e-25
4.965545906874899629e+01 2.276910852700830684e-25
4.999999999999999289e+01 2.275105768911893054e-25
5.034693157380139894e+01 2.273315807459393156e-25
5.069627037794075619e+01 2.271540817095677010e-25
5.104803311530231724e+01 2.269780649934065003e-25
5.140223660466548239e+01 2.268035161364350374e-25
5.175889778150880716e+01 2.266304209977506047e-25
5.211803369882010628e+01 2.264587657488636485e-25
5.247966152791137517e+01 2.262885368661699676e-25
5.284379855924019154e+01 2.261197211237689480e-25
5.321046220323622578e+01 2.259523055868351980e-25
5.357966999113354944e+01 2.257862776043282792e-25
5.395143957580922489e+01 2.256216248032749368e-25
5.432578873262691133e+01 2.254583350815897677e-25
5.470273536028711447e+01 2.252963966027196960e-25
5.508229748168283635e+01 2.251357977891482645e-25
5.546449324476112963e+01 2.249765273171777714e-25
5.584934092339118195e+01 2.248185741110624516e-25
5.623685891823758709e+01 2.246619273377525015e-25
5.662706575764056538e+01 2.245065764015811203e-25
5.701998009850164806e+01 2.243525109395613382e-25
5.741562072717555054e+01 2.241997208161059813e-25
5.781400656036881713e+01 2.240481961186577705e-25
5.821515664604383034e+01 2.238979271528687391e-25
5.861909016432991848e+01 2.237489044384684159e-25
5.902582642844026850e+01 2.236011187047404219e-25
5.943538488559515542e+01 2.234545608865106366e-25
5.984778511795219202e+01 2.233092221202272001e-25
6.026304684354212071e+01 2.231650937398330122e-25
6.068118991721201638e+01 2.230221672733802633e-25
6.110223433157442230e+01 2.228804344391642974e-25
6.152620021796307270e+01 2.227398871422474088e-25
6.195310784739583454e+01 2.226005174712633808e-25
6.238297763154347564e+01 2.224623176949445878e-25
6.281583012370606411e+01 2.223252802589734161e-25
6.325168601979518002e+01 2.221893977831051489e-25
6.369056615932391452e+01 2.220546630581048859e-25
6.413249152640305795e+01 2.219210690427552207e-25
6.457748325074419427e+01 2.217886088613956930e-25
6.502556260867048366e+01 2.216572758010606888e-25
6.547675102413337811e+01 2.215270633090127397e-25
6.593107006973741591e+01 2.213979649901163485e-25
6.638854146777151755e+01 2.212699746046650238e-25
6.684918709124731606e+01 2.211430860659049362e-25
6.731302896494554489e+01 2.210172934378106619e-25
6.778008926646843690e+01 2.208925909331345515e-25
6.825039032730067845e+01 2.207689729110672662e-25
6.872395463387690029e+01 2.206464338754614961e-25
6.920080482865657245e+01 2.205249684728156653e-25
6.968096371120716981e+01 2.204045714903661419e-25
7.016445423929364722e+01 2.202852378545162539e-25
7.065129952997666862e+01 2.201669626289205087e-25
7.114152286071765730e+01 2.200497410128948752e-25
7.163514767049153420e+01 2.199335683399142167e-25
7.213219756090792600e+01 2.198184400760389199e-25
7.263269629733905219e+01 2.197043518184234860e-25
7.313666781005647977e+01 2.195912992940033752e-25
7.364413619537515387e+01 2.194792783580357864e-25
7.415512571680521603e+01 2.193682849930029119e-25
7.466966080621266144e+01 2.192583153072054768e-25
7.518776606498691706e+01 2.191493655336856003e-25
7.570946626521758560e+01 2.190414320290726534e-25
7.623478635087872135e+01 2.189345112725021709e-25
7.676375143902112086e+01 2.188285998646783495e-25
7.729638682097392177e+01 2.187236945267971382e-25
7.783271796355309391e+01 2.186197920996994694e-25
7.837277051027973584e+01 2.185168895429232410e-25
7.891657028260588902e+01 2.184149839339693213e-25
7.946414328114889258e+01 2.183140724674455043e-25
8.001551568693507477e+01 2.182141524543094179e-25
8.057071386265099022e+01 2.181152213212590117e-25
8.112976435390434915e+01 2.180172766099781744e-25
8.169269389049308927e+01 2.179203159765792923e-25
8.225952938768311640e+01 2.178243371909999359e-25
8.283029794749575103e+01 2.177293381364590103e-25
8.340502686000294830e+01 2.176353168090020315e-25
8.398374360463265020e+01 2.175422713169750928e-25
8.456647585148242285e+01 2.174501998806735482e-25
8.515325146264220280e+01 2.173591008318679575e-25
8.574409849352703361e+01 2.172689726135339980e-25
8.633904519421778900e+01 2.171798137794782349e-25
8.693812001081251140e+01 2.170916229940876860e-25
8.754135158678624862e+01 2.170043990320544070e-25
8.814876876436026976e+01 2.169181407781752900e-25
8.876040058588178283e+01 2.168328472271656838e-25
8.937627629521176686e+01 2.167485174835058441e-25
8.999642533912381737e+01 2.166651507613198034e-25
9.062087736871187360e+01 2.165827463842910654e-25
9.124966224080760924e+01 2.165013037855783003e-25
9.188281001940860904e+01 2.164208225078431709e-25
9.252035097711508627e+01 2.163413022031961037e-25
9.316231559657798300e+01 2.162627426332434924e-25
9.380873457195606591e+01 2.161851436691731506e-25
9.445963881038331067e+01 2.161085052918067963e-25
9.511505943344727143e+01 2.160328275917451055e-25
9.577502777867637462e+01 2.159581107694865477e-25
9.643957540103887993e+01 2.158843551356428317e-25
9.710873407445130567e+01 2.158115611110874498e-25
9.778253579329744127e+01 2.157397292272381178e-25
9.846101277395865736e+01 2.156688601262647822e-25
9.914419745635355241e+01 2.155989545614091161e-25
9.983212250548965017e+01 2.155300133972746273e-25
1.005248208130249452e+02 2.154620376101659449e-25
1.012223254988401777e+02 2.153950282884744364e-25
1.019246699126232016e+02 2.153289866330337943e-25
1.026318876354625900e+02 2.152639139575662656e-25
1.033440124814540866e+02 2.151998116891101454e-25
1.040610784993169489e+02 2.151366813685059083e-25
1.047831199740216306e+02 2.150745246508788498e-25
1.055101714284298140e+02 2.150133433061774262e-25
1.062422676249441338e+02 2.149531392197177009e-25
1.069794435671710602e+02 2.148939143927611280e-25
1.077217345015942129e+02 2.148356709431352679e-25
1.084691759192592002e+02 2.147784111058588200e-25
1.092218035574714037e+02 2.147221372338075215e-25
1.099796534015037253e+02 2.146668517984104908e-25
1.107427616863179480e+02 2.146125573903754975e-25
1.115111648982969115e+02 2.145592567204359068e-25
1.122848997769886807e+02 2.145069526201438628e-25
1.130640033168639604e+02 2.144556480426736652e-25
1.138485127690839818e+02 2.144053460636876862e-25
1.146384656432825437e+02 2.143560498822193688e-25
1.154338997093584709e+02 2.143077628215789547e-25
1.162348529992823813e+02 2.142604883303200524e-25
1.170413638089146957e+02 2.142142299832361444e-25
1.178534706998363788e+02 2.141689914823992009e-25
1.186712125011934233e+02 2.141247766582378282e-25
1.194946283115525034e+02 2.140815894706569273e-25
1.203237575007711939e+02 2.140394340102274688e-25
1.211586397118800136e+02 2.139983144994007872e-25
1.219993148629774993e+02 2.139582352938075945e-25
1.228458231491396191e+02 2.139192008835844063e-25
1.236982050443406962e+02 2.138812158948084248e-25
1.245565013033894104e+02 2.138442850909710861e-25
1.254207529638770353e+02 2.138084133745397681e-25
1.262910013481392184e+02 2.137736057886114725e-25
1.271672880652325262e+02 2.137398675186827245e-25
1.280496550129229547e+02 2.137072038944763186e-25
1.289381443796900157e+02 2.136756203919536176e-25
1.298327986467436119e+02 2.136451226354117544e-25
1.307336605900545976e+02 2.136157163997633560e-25
1.316407732824011134e+02 2.135874076129927300e-25
1.325541800954269434e+02 2.135602023587860332e-25
1.334739247017160153e+02 2.135341068794341453e-25
1.344000510768803451e+02 2.135091275789452960e-25
1.353326035016620494e+02 2.134852710265285225e-25
1.362716265640515019e+02 2.134625439603658128e-25
1.372171651614182508e+02 2.134409532918547219e-25
1.381692645026584785e+02 2.134205061102934975e-25
1.391279701103562729e+02 2.134012096881753042e-25
1.400933278229597363e+02 2.133830714871322303e-25
1.410653837969736628e+02 2.133660991647066406e-25
1.420441845091651771e+02 2.133503005820667350e-25
1.430297767587870794e+02 2.133356838129059137e-25
1.440222076698148612e+02 2.133222571537098477e-25
1.450215246931995523e+02 2.133100291357391743e-25
1.460277756091373931e+02 2.132990085390873078e-25
1.470410085293531779e+02 2.132892044092641846e-25
1.480612718994017030e+02 2.132806260769336408e-25
1.490886145009836525e+02 2.132732831815486996e-25
1.501230854542774296e+02 2.132671856998521672e-25
1.511647342202889490e+02 2.132623439805590425e-25
1.522136106032151304e+02 2.132587687868031587e-25
1.532697647528263190e+02 2.132564713485705220e-25
1.543332471668637140e+02 2.132554634279834675e-25
1.554041086934531677e+02 2.132557574013053025e-25
1.564824005335376569e+02 2.132573663628691145e-25
1.575681742433239378e+02 2.132603042581031402e-25
1.586614817367487831e+02 2.132645860555088493e-25
1.597623752879606513e+02 2.132702279714539893e-25
1.608709075338185528e+02 2.132772477674454185e-25
1.619871314764099282e+02 2.132856651482170171e-25
1.631111004855834778e+02 2.132955023021057267e-25
1.642428683015021704e+02 2.133067846455246321e-25
1.653824890372121104e+02 2.133195418653704131e-25
1.665300171812293968e+02 2.133338094048083015e-25
1.676855076001465932e+02 2.133496306232949296e-25
1.688490155412545448e+02 2.133670600066402063e-25
1.700205966351852851e+02 2.133861680568842319e-25
1.712003068985712559e+02 2.134070489523843328e-25
1.723882027367231728e+02 2.134298329369066398e-25
1.735843409463281262e+02 2.134547071094595378e-25
1.747887787181637407e+02 2.134819518453976485e-25
1.760015736398339357e+02 2.135120079369292038e-25
1.772227836985217664e+02 2.135456081975228113e-25
1.784524672837614503e+02 2.135840556487676983e-25
1.796906831902314536e+02 2.136298703803312160e-25
1.809374906205640059e+02 2.136884935790346966e-25
1.821929491881772094e+02 2.137736171916061864e-25
1.834571189201246852e+02 2.139286948091657860e-25
1.847300602599650858e+02 2.143609596087848161e-25
1.860118340706534639e+02 2.177994454415815059e-25
1.873025016374496374e+02 2.278311219982435953e-25
1.886021246708498609e+02 2.147378423145224474e-25
1.899107653095367994e+02 2.141532577118849744e-25
1.912284861233499385e+02 2.140430523283104877e-25
1.925553501162786176e+02 2.140288126522477138e-25
1.938914207294728271e+02 2.140469551018630302e-25
1.952367618442779644e+02 2.140796571143679435e-25
1.965914377852884911e+02 2.141203754539331181e-25
1.979555133234229061e+02 2.141662634870877455e-25
1.993290536790221097e+02 2.142159297209866150e-25
2.007121245249660717e+02 2.142686345292166799e-25
2.021047919898154817e+02 2.143239599673457102e-25
2.035071226609719020e+02 2.143816592745262540e-25
2.049191835878630457e+02 2.144415824894368711e-25
2.063410422851477790e+02 2.145036372036875636e-25
2.077727667359437476e+02 2.145677667077532953e-25
2.092144253950791892e+02 2.146339372582311402e-25
2.106660871923644152e+02 2.147021303676517044e-25
2.121278215358888133e+02 2.147723379776953089e-25
2.135996983153390261e+02 2.148445593485954408e-25
2.150817879053397235e+02 2.149187990028321130e-25
2.165741611688201260e+02 2.149950653347731712e-25
2.180768894604002526e+02 2.150733696515321581e-25
2.195900446298042823e+02 2.151537254993512759e-25
2.211136990252950341e+02 2.152361481827916864e-25
2.226479254971327464e+02 2.153206544165752733e-25
2.241927974010595221e+02 2.154072620701341535e-25
2.257483886018050612e+02 2.154959899780120706e-25
2.273147734766199335e+02 2.155868577976204872e-25
2.288920269188310215e+02 2.156798859015242261e-25
2.304802243414216605e+02 2.157750952952030128e-25
2.320794416806390643e+02 2.158725075537994568e-25
2.336897553996231522e+02 2.159721447731615020e-25
2.353112424920640535e+02 2.160740295317767517e-25
2.369439804858827756e+02 2.161781848610295684e-25
2.385880474469372530e+02 2.162846342219259645e-25
2.402435219827566755e+02 2.163934014868510321e-25
2.419104832462978152e+02 2.165045109252597323e-25
2.435890109397315086e+02 2.166179871925136945e-25
2.452791853182525017e+02 2.167338553211824200e-25
2.469810871939160108e+02 2.168521407143616068e-25
2.486947979395033599e+02 2.169728691405615859e-25
2.504203994924105814e+02 2.170960667299243421e-25
2.521579743585679125e+02 2.172217599714898002e-25
2.539076056163837620e+02 2.173499757113127388e-25
2.556693769207162745e+02 2.174807411513249019e-25
2.574433725068748231e+02 2.176140838487489056e-25
2.592296771946456033e+02 2.177500317160271108e-25
2.610283763923487186e+02 2.178886130211453435e-25
2.628395561009211860e+02 2.180298563883077942e-25
2.646633029180280232e+02 2.181737907988944484e-25
2.664997040422045984e+02 2.183204455926587136e-25
2.683488472770237649e+02 2.184698504691336043e-25
2.702108210352957371e+02 2.186220354892262359e-25
2.720857143432946259e+02 2.187770310769437808e-25
2.739736168450143055e+02 2.189348680212831218e-25
2.758746188064563967e+02 2.190955774781948458e-25
2.777888111199438299e+02 2.192591909726934397e-25
2.797162853084688550e+02 2.194257404010308535e-25
2.816571335300678243e+02 2.195952580329720454e-25
2.836114485822271263e+02 2.197677765141422057e-25
2.855793239063216902e+02 2.199433288684607647e-25
2.875608535920806617e+02 2.201219485006433131e-25
2.895561323820878670e+02 2.203036691987939801e-25
2.915652556763112102e+02 2.204885251370694895e-25
2.935883195366627092e+02 2.206765508784654027e-25
2.956254206915940017e+02 2.208677813776671516e-25
2.976766565407184544e+02 2.210622519840753754e-25
2.997421251594703904e+02 2.212599984449389805e-25
3.018219253037934777e+02 2.214610569086969420e-25
3.039161564148614616e+02 2.216654639285353226e-25
3.060249186238351058e+02 2.218732564662416539e-25
3.081483127566470444e+02 2.220844718964073746e-25
3.102864403388250025e+02 2.222991480111167675e-25
3.124394036003446899e+02 2.225173230252415513e-25
3.146073054805171409e+02 2.227390355825523492e-25
3.167902496329126620e+02 2.229643247629090405e-25
3.189883404303140537e+02 2.231932300909262210e-25
3.212016829697095091e+02 2.234257915466287833e-25
3.234303830773163213e+02 2.236620495789086639e-25
3.256745473136401188e+02 2.239020451228703186e-25
3.279342829785717299e+02 2.241458196227832598e-25
3.302096981165151988e+02 2.243934150631425204e-25
3.325009015215558748e+02 2.246448740117722407e-25
3.348080027426610741e+02 2.249002396811097448e-25
3.371311120889170638e+02 2.251595560176496868e-25
3.394703406348055523e+02 2.254228678361200727e-25
3.418258002255118981e+02 2.256902210268439175e-25
3.441976034822747579e+02 2.259616628868969429e-25
3.465858638077702949e+02 2.262372426689201296e-25
3.489906953915329382e+02 2.265170125299986854e-25
3.514122132154175802e+02 2.268010292555661586e-25
3.538505330590944027e+02 2.270893575818534455e-25
3.563057715055872450e+02 2.273820770768855366e-25
3.587780459468463619e+02 2.276792977349026878e-25
3.612674745893606314e+02 2.279811996917234480e-25
3.637741764598115992e+02 2.282881517166751791e-25
3.662982714107614584e+02 2.286011561697838869e-25
3.688398801263868449e+02 2.289242822389218044e-25
3.713991241282458873e+02 2.292942056508431433e-25
3.739761257810910138e+02 2.342561689582655102e-25
3.765710082987187093e+02 2.299215380560239350e-25
3.791838957498594596e+02 2.302249857492608591e-25
3.818149130641124316e+02 2.305570669183212272e-25
3.844641860379156242e+02 2.308978632482813416e-25
3.871318413405634260e+02 2.312447084811645727e-25
3.898180065202618039e+02 2.315969602212129692e-25
3.925228100102253848e+02 2.319544293681243659e-25
3.952463811348213767e+02 2.323170674123307863e-25
3.979888501157492442e+02 2.326848793733548305e-25
4.007503480782701786e+02 2.330578938508673414e-25
4.035310070574753354e+02 2.334361510797097596e-25
4.063309600045972161e+02 2.338196976111946195e-25
4.091503407933698213e+02 2.342085837335086808e-25
4.119892842264259230e+02 2.346028621321296682e-25
4.148479260417452679e+02 2.350025871541916669e-25
4.177264029191435384e+02 2.354078143853223091e-25
4.206248524868058780e+02 2.358186003965597588e-25
4.235434133278704962e+02 2.362350025879331683e-25
4.264822249870512110e+02 2.366570790890974978e-25
4.294414279773124008e+02 2.370848886947076366e-25
4.324211637865862485e+02 2.375184908216302260e-25
4.354215748845361418e+02 2.379579454801859236e-25
4.384428047293717441e+02 2.384033132546434988e-25
4.414849977747045386e+02 2.388546552899349096e-25
4.445482994764578280e+02 2.393120332826448628e-25
4.476328562998199914e+02 2.397755094749790589e-25
4.507388157262458321e+02 2.402451466508422653e-25
4.538663262605115847e+02 2.407210081334922863e-25
4.570155374378115312e+02 2.412031577842574811e-25
4.601865998309110068e+02 2.416916600021895794e-25
4.633796650573440843e+02 2.421865797243216010e-25
4.665948857866619051e+02 2.426879824264884986e-25
4.698324157477349559e+02 2.431959341245815379e-25
4.730924097361000236e+02 2.437105013761993171e-25
4.763750236213644484e+02 2.442317512826915651e-25
4.796804143546572732e+02 2.447597514915752420e-25
4.830087399761322331e+02 2.452945701993869954e-25
4.863601596225273056e+02 2.458362761550652780e-25
4.897348335347697343e+02 2.463849386639874821e-25
4.931329230656409663e+02 2.469406275928799242e-25
4.965545906874899629e+02 2.475034133760046646e-25
4.999999999999999432e+02 2.480733670230985028e-25
5.034693157380134494e+02 2.486505601300203842e-25
5.069627037794076045e+02 2.492350648935370535e-25
5.104803311530232008e+02 2.498269541326855517e-25
5.140223660466548381e+02 2.504263013209979708e-25
5.175889778150880147e+02 2.510331806372303251e-25
5.211803369882004517e+02 2.516476670491078461e-25
5.247966152791137802e+02 2.522698364587001588e-25
5.284379855924019012e+02 2.528997659696825503e-25
5.321046220323622720e+02 2.535375344123754348e-25
5.357966999113355087e+02 2.541832234608633790e-25
5.395143957580917231e+02 2.548369202596381478e-25
5.432578873262691559e+02 2.554987244590773561e-25
5.470273536028711305e+02 2.561687707782052435e-25
5.508229748168283777e+02 2.568473238463921154e-25
5.546449324476112679e+02 2.575354179435795474e-25
5.584934092339112794e+02 2.582498155641659974e-25
5.623685891823758993e+02 2.589582419182730500e-25
5.662706575764057106e+02 2.596450095760615835e-25
5.701998009850165090e+02 2.603635770182874810e-25
5.741562072717555338e+02 2.610921691959047112e-25
5.781400656036876171e+02 2.618298362928653652e-25
5.821515664604382891e+02 2.625764731456737315e-25
5.861909016432991848e+02 2.633321090892796244e-25
5.902582642844026850e+02 2.640968084982718175e-25
5.943538488559515827e+02 2.648706479480566000e-25
5.984778511795212808e+02 2.656537092863680744e-25
6.026304684354212213e+02 2.664460771089327467e-25
6.068118991721202065e+02 2.672478377117697328e-25
6.110223433157442514e+02 2.680590786122032592e-25
6.152620021796307128e+02 2.688798883134206954e-25
6.195310784739577912e+02 2.697103561825396728e-25
6.238297763154347422e+02 2.705505723852821441e-25
6.281583012370599590e+02 2.714006278506379675e-25
6.325168601979518144e+02 2.722606142522171576e-25
6.369056615932391878e+02 2.731306239993275623e-25
6.413249152640298689e+02 2.740107502339934692e-25
6.457748325074419427e+02 2.749010868317659619e-25
6.502556260867041829e+02 2.758017284050595334e-25
6.547675102413337527e+02 2.767127703083202660e-25
6.593107006973741591e+02 2.776343086445948709e-25
6.638854146777144933e+02 2.785664402732975367e-25
6.684918709124732459e+02 2.795092628191375342e-25
6.731302896494547667e+02 2.804628746823069870e-25
6.778008926646843975e+02 2.814273750502644215e-25
6.825039032730068129e+02 2.824028639116981706e-25
6.872395463387682639e+02 2.833894420738325892e-25
6.920080482865656677e+02 2.843872111852154718e-25
6.968096371120709591e+02 2.853962737680680235e-25
7.016445423929365006e+02 2.864167332686348655e-25
7.065129952997667715e+02 2.874486941435060491e-25
7.114152286071758908e+02 2.884922620240710111e-25
7.163514767049153988e+02 2.895475440667473356e-25
7.213219756090785495e+02 2.906146498001097575e-25
7.263269629733905504e+02 2.916936935222298460e-25
7.313666781005648545e+02 2.927883797890195055e-25
7.364413619537507429e+02 2.938964578522153097e-25
7.415512571680520750e+02 2.950173980488104569e-25
7.466966080621258470e+02 2.962286651197182340e-25
7.518776606498690853e+02 2.972955175358588201e-25
7.570946626521758844e+02 2.984517360551974133e-25
7.623478635087872135e+02 2.996218000607527822e-25
7.676375143902112086e+02 3.008048195524196747e-25
7.729638682097383935e+02 3.020008061690892204e-25
7.783271796355309107e+02 3.032105834044801376e-25
7.837277051027973584e+02 3.044373673332056842e-25
7.891657028260589186e+02 3.056774319346849945e-25
7.946414328114889258e+02 3.069309740933328046e-25
8.001551568693499803e+02 3.081978754491751830e-25
8.057071386265098454e+02 3.094784962436352118e-25
8.112976435390434062e+02 3.107728800756781045e-25
8.169269389049309211e+02 3.120811508092283648e-25
8.225952938768310787e+02 3.134034337339531305e-25
8.283029794749566008e+02 3.147398554071917950e-25
8.340502686000294261e+02 3.160905436489752632e-25
8.398374360463265020e+02 3.174556275556897419e-25
8.456647585148242570e+02 3.188352375197532294e-25
8.515325146264220848e+02 3.202295052527012143e-25
8.574409849352695119e+02 3.216385638108843139e-25
8.633904519421778332e+02 3.230625476239520631e-25
8.693812001081250855e+02 3.245015925268778349e-25
8.754135158678624293e+02 3.259558357975686442e-25
8.814876876436027260e+02 3.274254162043862061e-25
8.876040058588170041e+02 3.289104740738222577e-25
8.937627629521176686e+02 3.304111514036086193e-25
8.999642533912381168e+02 3.319275920919760161e-25
9.062087736871186507e+02 3.334599425112226791e-25
9.124966224080760639e+02 3.350083533275425627e-25
9.188281001940850956e+02 3.365729874004368758e-25
9.252035097711509479e+02 3.381540780695084375e-25
9.316231559657798016e+02 3.397539686983436874e-25
9.380873457195606306e+02 3.413664830039439971e-25
9.445963881038330783e+02 3.429964623235783985e-25
9.511505943344717480e+02 3.446442475384427685e-25
9.577502777867638315e+02 3.463092242394781839e-25
9.643957540103887141e+02 3.479915017577253598e-25
9.710873407445130852e+02 3.496921252710096068e-25
9.778253579329743843e+02 3.514133763113662076e-25
9.846101277395855504e+02 3.531523953811177491e-25
9.914419745635356094e+02 3.549093501697251122e-25
9.983212250548965585e+02 3.566844107577058902e-25
1.005248208130249395e+03 3.584777495218296672e-25
1.012223254988401777e+03 3.602895411250241949e-25
1.019246699126230965e+03 3.621199625403710899e-25
1.026318876354625900e+03 3.639691930909187249e-25
1.033440124814540923e+03 3.658374144980222300e-25
1.040610784993169545e+03 3.677248109353967178e-25
1.047831199740216334e+03 3.696315690878862610e-25
1.055101714284297032e+03 3.715578782156121809e-25
1.062422676249441338e+03 3.735039302260025190e-25
1.069794435671710517e+03 3.754699197604144462e-25
1.077217345015942101e+03 3.774560443136907619e-25
1.084691759192592144e+03 3.794625044426748680e-25
1.092218035574712985e+03 3.814895042675410180e-25
1.099796534015037196e+03 3.835372532281718283e-25
1.107427616863179537e+03 3.856059760441312801e-25
1.115111648982969200e+03 3.876960596188399818e-25
1.122848997769886864e+03 3.898095297996231917e-25
1.130640033168638411e+03 3.919399381242361692e-25
1.138485127690839818e+03 3.940945264182657459e-25
1.146384656432824158e+03 3.962712110954039905e-25
1.154338997093584794e+03 3.984701793281078946e-25
1.162348529992823842e+03 4.006916571416113205e-25
1.170413638089145707e+03 4.029358789482743341e-25
1.178534706998363845e+03 4.052030840652549345e-25
1.186712125011933040e+03 4.074935160619868135e-25
1.194946283115524921e+03 4.098074226474153766e-25
1.203237575007711939e+03 4.121450557008859686e-25
1.211586397118798914e+03 4.145066713519160893e-25
1.219993148629774851e+03 4.168925300808635355e-25
1.228458231491394827e+03 4.193028968313356656e-25
1.236982050443406933e+03 4.217380411316130070e-25
1.245565013033894047e+03 4.241982372260888100e-25
1.254207529638769074e+03 4.266837642222669123e-25
1.262910013481392070e+03 4.291949062711667852e-25
1.271672880652324011e+03 4.317319528433081182e-25
1.280496550129229490e+03 4.342951993690566826e-25
1.289381443796900385e+03 4.368849499161213750e-25
1.298327986467434812e+03 4.395015430816495035e-25
1.307336605900545919e+03 4.421919752968383740e-25
1.316407732824009827e+03 4.448162905301168879e-25
1.325541800954269320e+03 4.475150782637475334e-25
1.334739247017160324e+03 4.502419934272227293e-25
1.344000510768802087e+03 4.529973326885547494e-25
1.353326035016620381e+03 4.557814335252406142e-25
1.362716265640513711e+03 4.585946435788768690e-25
1.372171651614182565e+03 4.614373181588592082e-25
1.381692645026584842e+03 4.643098199507326853e-25
1.391279701103562729e+03 4.672125190987221603e-25
1.400933278229597590e+03 4.701457933851449723e-25
1.410653837969735150e+03 4.731100284458507684e-25
1.420441845091651885e+03 4.761056180056785325e-25
1.430297767587870794e+03 4.791329641308493649e-25
1.440222076698148840e+03 4.821924775031067344e-25
1.450215246931995580e+03 4.852845777365419602e-25
1.460277756091372339e+03 4.884096938228355647e-25
1.470410085293531665e+03 4.915682651725208218e-25
1.480612718994017087e+03 4.947607477082543258e-25
1.490886145009836582e+03 4.979878643578789912e-25
1.501230854542774523e+03 5.012492832490368977e-25
1.511647342202888012e+03 5.045461774890970799e-25
1.522136106032151247e+03 5.078789247159986199e-25
1.532697647528263133e+03 5.112479733375800929e-25
1.543332471668637027e+03 5.146538324117266603e-25
1.554041086934531677e+03 5.180970262266589271e-25
1.564824005335374977e+03 5.215780921759001522e-25
1.575681742433239378e+03 5.250975807833816851e-25
1.586614817367487831e+03 5.286560560473158387e-25
1.597623752879606627e+03 5.322540958693026633e-25
1.608709075338185585e+03 5.358922925234026101e-25
1.619871314764097406e+03 5.395712531572514264e-25
1.631111004855834835e+03 5.432916003339242045e-25
1.642428683015021534e+03 5.470539726610595911e-25
1.653824890372120990e+03 5.508590257613245054e-25
1.665300171812294138e+03 5.547074359560550921e-25
1.676855076001464113e+03 5.586000225423386979e-25
1.688490155412545391e+03 5.625371058209077116e-25
1.700205966351852794e+03 5.665197346227087068e-25
1.712003068985712616e+03 5.705486207029109207e-25
1.723882027367231785e+03 5.746244985497885115e-25
1.735843409463279386e+03 5.787481537740563400e-25
1.747887787181637350e+03 5.829203956690093522e-25
1.760015736398339186e+03 5.871420565366259947e-25
1.772227836985217436e+03 5.914139923071297769e-25
1.784524672837614617e+03 5.957370833711927114e-25
1.796906831902312661e+03 6.001122354916468951e-25
1.809374906205639945e+03 6.045403807747312070e-25
1.821929491881772037e+03 6.090224787163316060e-25
1.834571189201246852e+03 6.135595174266649613e-25
1.847300602599651029e+03 6.181525158594896616e-25
1.860118340706532763e+03 6.228025478667507848e-25
1.873025016374496317e+03 6.275106640008038928e-25
1.886021246708498438e+03 6.322778841003871126e-25
1.899107653095367823e+03 6.371055079200946089e-25
1.912284861233499214e+03 6.419946617745353322e-25
1.925553501162784187e+03 6.469465633066517611e-25
1.938914207294728385e+03 6.519624705462956877e-25
1.952367618442779758e+03 6.570436819129513235e-25
1.965914377852884854e+03 6.621915376142915501e-25
1.979555133234229061e+03 6.674074212725555361e-25
1.993290536790218994e+03 6.726927616592048123e-25
2.007121245249660660e+03 6.780490345363728244e-25
2.021047919898152713e+03 6.834777647072119550e-25
2.035071226609719133e+03 6.889805292676035776e-25
2.049191835878630627e+03 6.945590112003040262e-25
2.063410422851475687e+03 7.002147282313872506e-25
2.077727667359437419e+03 7.059495600242748750e-25
2.092144253950789789e+03 7.117652882474427512e-25
2.106660871923644208e+03 7.176637610824421029e-25
2.121278215358888247e+03 7.236469027840832252e-25
2.135996983153388101e+03 7.297167049207894276e-25
2.150817879053397064e+03 7.358752283422793437e-25
2.165741611688199100e+03 7.421246057199348442e-25
2.180768894604002526e+03 7.484670442268431171e-25
2.195900446298042880e+03 7.549048283232221835e-25
2.211136990252948181e+03 7.614403228086413875e-25
2.226479254971327464e+03 7.680759787337952691e-25
2.241927974010592607e+03 7.748153781404745859e-25
2.257483886018050725e+03 7.816579667175651762e-25
2.273147734766199392e+03 7.886096378681283049e-25
2.288920269188307884e+03 7.956721417527976100e-25
2.304802243414216719e+03 8.028483792561580967e-25
2.320794416806388199e+03 8.101413524675828858e-25
2.336897553996231636e+03 8.175541652349186955e-25
2.353112424920640478e+03 8.250900250989589667e-25
2.369439804858825028e+03 8.327522450736047015e-25
2.385880474469372530e+03 8.405442451167651365e-25
2.402435219827564197e+03 8.484695535649708132e-25
2.419104832462978266e+03 8.565318208900192126e-25
2.435890109397314973e+03 8.647347529907057916e-25
2.452791853182522573e+03 8.730822107242994716e-25
2.469810871939159824e+03 8.815781703617917329e-25
2.486947979395030870e+03 8.902266729087866273e-25
2.504203994924105700e+03 8.990318655706909673e-25
2.521579743585678898e+03 9.079979833620659023e-25
2.539076056163837620e+03 9.171293390864809115e-25
2.556693769207162859e+03 9.264303109816060609e-25
2.574433725068745844e+03 9.359053272620655678e-25
2.592296771946456374e+03 9.455588476422762978e-25
2.610283763923487186e+03 9.553954330872754815e-25
2.628395561009212088e+03 9.654192313588396731e-25
2.646633029180280118e+03 9.756349171310091220e-25
2.664997040422043483e+03 9.860466830006070836e-25
2.683488472770237877e+03 9.966586555494737543e-25
2.702108210352957030e+03 1.007474749175125681e-24
2.720857143432946032e+03 1.018498589521896975e-24
2.739736168450142941e+03 1.029733425301492868e-24
2.758746188064561011e+03 1.041182023957183037e-24
2.777888111199438299e+03 1.052846549047247513e-24
2.797162853084688322e+03 1.064728545386456617e-24
2.816571335300678584e+03 1.076828096745480927e-24
2.836114485822271490e+03 1.089144974069140608e-24
2.855793239063214060e+03 1.101677056722764211e-24
2.875608535920806389e+03 1.114420719022107938e-24
2.895561323820878897e+03 1.127370386458496717e-24
2.915652556763111988e+03 1.140519321495454237e-24
2.935883195366627206e+03 1.153855770501368971e-24
2.956254206915937175e+03 1.167365797598309131e-24
2.976766565407184771e+03 1.181031748874622108e-24
2.997421251594703790e+03 1.194831508014404115e-24
3.018219253037934777e+03 1.208737868416598848e-24
3.039161564148614616e+03 1.222717696318995945e-24
3.060249186238348102e+03 1.236731043798933774e-24
3.081483127566470557e+03 1.250730228483298559e-24
3.102864403388249684e+03 1.264658819574165393e-24
3.124394036003446672e+03 1.278450589682358616e-24
3.146073054805171523e+03 1.292028460116575421e-24
3.167902496329123551e+03 1.305303539701882690e-24
3.189883404303140651e+03 1.318173938094195627e-24
3.212016829697095091e+03 1.330524614667790942e-24
3.234303830773163099e+03 1.342226418574395072e-24
3.256745473136400960e+03 1.353136386708124056e-24
3.279342829785714002e+03 1.363098330874431442e-24
3.302096981165152101e+03 1.371944237624905405e-24
3.325009015215558520e+03 1.379496615070873249e-24
3.348080027426610741e+03 1.385571951642111564e-24
3.371311120889170525e+03 1.389985336340687289e-24
3.394703406348052340e+03 1.392556464314882032e-24
3.418258002255118754e+03 1.393116703106616261e-24
3.441976034822747806e+03 1.391517164396056879e-24
3.465858638077703290e+03 1.387637401460036372e-24
3.489906953915329723e+03 1.381394122283976455e-24
3.514122132154172050e+03 1.372749269196939219e-24
3.538505330590944141e+03 1.361716728444834035e-24
3.563057715055871995e+03 1.348366704157082083e-24
3.587780459468463505e+03 1.332827808321950280e-24
3.612674745893606541e+03 1.315285358131334223e-24
3.637741764598112240e+03 1.295976885590833594e-24
3.662982714107614811e+03 1.275184495661146528e-24
3.688398801263864698e+03 1.253224822427118131e-24
3.713991241282458759e+03 1.230437371139775975e-24
3.739761257810910138e+03 1.207172156101240027e-24
3.765710082987183341e+03 1.183777518179710608e-24
3.791838957498594937e+03 1.160589105629457897e-24
3.818149130641120337e+03 1.137920223738261345e-24
3.844641860379156242e+03 1.116054382332214629e-24
3.871318413405634146e+03 1.095239906392265875e-24
3.898180065202614060e+03 1.075686675761131759e-24
3.925228100102254302e+03 1.057564803733934216e-24
3.952463811348209674e+03 1.041004938309077002e-24
3.979888501157492556e+03 1.026100084056805680e-24
4.007503480782701899e+03 1.012908218309625613e-24
4.035310070574748806e+03 1.001455832532711942e-24
4.063309600045972275e+03 9.917418469947559295e-25
4.091503407933694234e+03 9.837417547386466096e-25
4.119892842264259343e+03 9.774117513217113007e-25
4.148479260417452679e+03 9.726927818253243810e-25
4.177264029191431291e+03 9.695142419519782174e-25
4.206248524868058666e+03 9.677973701182777115e-25
4.235434133278700756e+03 9.674582290603983798e-25
4.264822249870511769e+03 9.684102549430167513e-25
4.294414279773124690e+03 9.705663936371904569e-25
4.324211637865858393e+03 9.738407337700873500e-25
4.354215748845361304e+03 9.781500078027435450e-25
4.384428047293712552e+03 9.834144203709378662e-25
4.414849977747045159e+03 9.895584383238963073e-25
4.445482994764578507e+03 9.965112318934792812e-25
4.476328562998200141e+03 1.004207234571209186e-24
4.507388157262457753e+03 1.012584705703870457e-24
4.538663262605111413e+03 1.021588759778976263e-24
4.570155374378115084e+03 1.031168175150334018e-24
4.601865998309110182e+03 1.041276730492479502e-24
4.633796650573441184e+03 1.051872657803455493e-24
4.665948857866618710e+03 1.062918380875760190e-24
4.698324157477344670e+03 1.074380188278465693e-24
4.730924097361000349e+03 1.086228034256423820e-24
4.763750236213644712e+03 1.098435164774729855e-24
4.796804143546572959e+03 1.110977888177002554e-24
4.830087399761322558e+03 1.123835305495392694e-24
4.863601596225267713e+03 1.136989062814046290e-24
4.897348335347696775e+03 1.150423126682556791e-24
4.931329230656409891e+03 1.164123572008518953e-24
4.965545906874899629e+03 1.178078388451740948e-24
4.999999999999999091e+03 1.192277306864671894e-24
