5.000000000000000888e+00 1.460482148383591862e-23
5.034693157380139006e+00 1.413302162271334326e-23
5.069627037794075974e+00 1.368469381093371177e-23
5.104803311530234922e+00 1.325815358027289728e-23
5.140223660466546995e+00 1.285185728297932224e-23
5.175889778150882137e+00 1.246439049348288701e-23
5.211803369882009207e+00 1.209445723161796648e-23
5.247966152791137873e+00 1.174086997901494032e-23
5.284379855924021818e+00 1.140254049478722731e-23
5.321046220323622400e+00 1.107847127580910169e-23
5.357966999113356721e+00 1.076774774696621786e-23
5.395143957580921246e+00 1.046953104438714925e-23
5.432578873262690955e+00 1.018305138988169842e-23
5.470273536028714467e+00 9.907602026776595332e-24
5.508229748168283813e+00 9.642533632148572439e-24
5.546449324476114384e+00 9.387249243597682066e-24
5.584934092339116418e+00 9.141199576281327808e-24
5.623685891823758887e+00 8.903878789983278323e-24
5.662706575764059558e+00 8.674820593098269900e-24
5.701998009850164806e+00 8.453594717787540216e-24
5.741562072717556475e+00 8.239803682111277426e-24
5.781400656036880470e+00 8.033079880412838548e-24
5.821515664604382856e+00 7.833082893209875225e-24
5.861909016432995223e+00 7.639497075183970309e-24
5.902582642844026672e+00 7.450022119422538859e-24
5.943538488559517496e+00 7.264582681070609424e-24
5.984778511795218137e+00 7.085023880690317622e-24
6.026304684354212071e+00 6.911094469990661455e-24
6.068118991721204836e+00 6.742559312664009121e-24
6.110223433157442763e+00 6.579198049146593032e-24
6.152620021796308514e+00 6.420803850883545395e-24
6.195310784739581855e+00 6.267182332894562870e-24
6.238297763154347919e+00 6.118150515654095384e-24
6.281583012370603569e+00 5.973535926772502082e-24
6.325168601979518357e+00 5.833175757468598390e-24
6.369056615932393584e+00 5.696916101357733416e-24
6.413249152640303485e+00 5.564611258848374198e-24
6.457748325074419427e+00 5.436123113333545126e-24
6.502556260867045523e+00 5.311320563932949587e-24
6.547675102413337278e+00 5.190078987326825311e-24
6.593107006973743189e+00 5.072279786269211045e-24
6.638854146777149801e+00 4.957809933894390041e-24
6.684918709124731961e+00 4.844922688402198437e-24
6.731302896494550936e+00 4.735180758312685113e-24
6.778008926646843513e+00 4.628526933158597081e-24
6.825039032730071398e+00 4.524865400559536078e-24
6.872395463387687364e+00 4.424104271173112186e-24
6.920080482865659022e+00 4.326155357354916924e-24
6.968096371120712895e+00 4.230933933313759945e-24
7.016445423929364544e+00 4.138358536042542676e-24
7.065129952997670770e+00 4.048350770385165395e-24
7.114152286071764308e+00 3.960835137370588356e-24
7.163514767049155907e+00 3.875738863707146247e-24
7.213219756090789581e+00 3.792991772657671996e-24
7.263269629733905219e+00 3.712526135320783521e-24
7.313666781005652595e+00 3.634276550553821345e-24
7.364413619537513611e+00 3.558179826181635983e-24
7.415512571680523024e+00 3.484174875788724660e-24
7.466966080621261881e+00 3.412202619059939365e-24
7.518776606498691173e+00 3.342205892148432079e-24
7.570946626521762646e+00 3.274129351974346712e-24
7.623478635087869826e+00 3.207919412472321223e-24
7.676375143902114395e+00 3.143524163304176515e-24
7.729638682097387914e+00 3.080893296983881501e-24
7.783271796355308858e+00 3.019978051097232890e-24
7.837277051027977670e+00 2.960731142439330256e-24
7.891657028260587126e+00 2.903106711267521253e-24
7.946414328114890679e+00 2.847060272711639169e-24
8.001551568693503924e+00 2.792548656034889952e-24
8.057071386265098667e+00 2.739529964095905015e-24
8.112976435390438112e+00 2.687963528253625030e-24
8.169269389049306440e+00 2.637809858137306305e-24
8.225952938768314127e+00 2.589030609647611753e-24
8.283029794749570129e+00 2.541588538971747235e-24
8.340502686000293764e+00 2.495447464907206861e-24
8.398374360463268573e+00 2.450572240940102126e-24
8.456647585148241220e+00 2.406928713831451212e-24
8.515325146264222766e+00 2.364483691559894547e-24
8.574409849352699453e+00 2.323204915778386558e-24
8.633904519421777835e+00 2.283061026142688545e-24
8.693812001081255403e+00 2.244021537240359462e-24
8.754135158678622020e+00 2.206056807586191693e-24
8.814876876436029463e+00 2.169138010394723550e-24
8.876040058588174020e+00 2.133237112476876458e-24
8.937627629521175621e+00 2.098326848399663609e-24
8.999642533912386000e+00 2.064380691554024483e-24
9.062087736871186294e+00 2.031372838283967585e-24
9.124966224080763411e+00 1.999278180703151906e-24
9.188281001940856285e+00 1.968072284948299478e-24
9.252035097711509337e+00 1.937731374166958803e-24
9.316231559657802919e+00 1.908232304301658916e-24
9.380873457195605170e+00 1.879552547242209695e-24
9.445963881038332843e+00 1.851670171349786731e-24
9.511505943344722880e+00 1.824563824460293205e-24
9.577502777867637818e+00 1.798212712800663089e-24
9.643957540103892612e+00 1.772596589896841349e-24
9.710873407445131278e+00 1.747695736406652788e-24
9.778253579329746259e+00 1.723490943881933037e-24
9.846101277395861828e+00 1.699963503727541373e-24
9.914419745635354886e+00 1.677095190938790909e-24
9.983212250548969990e+00 1.654868246372939598e-24
1.005248208130249488e+01 1.633802755325870716e-24
1.012223254988401777e+01 1.613476500675826030e-24
1.019246699126231981e+01 1.593696757237957108e-24
1.026318876354625864e+01 1.574449407374038138e-24
1.033440124814541505e+01 1.555720683256542845e-24
1.040610784993169524e+01 1.537497153143885795e-24
1.047831199740216412e+01 1.519765716804713834e-24
1.055101714284298176e+01 1.502513593237634529e-24
1.062422676249441267e+01 1.485728313981948743e-24
1.069794435671711241e+01 1.469397712256675545e-24
1.077217345015942129e+01 1.453509920018450743e-24
1.084691759192592109e+01 1.438053353290342055e-24
1.092218035574714108e+01 1.423016710760553309e-24
1.099796534015037253e+01 1.408388964705045665e-24
1.107427616863180120e+01 1.394159353099940580e-24
1.115111648982969150e+01 1.380317372964983298e-24
1.122848997769887447e+01 1.366852777422723040e-24
1.130640033168639569e+01 1.353755564653317006e-24
1.138485127690839782e+01 1.341015975095013250e-24
1.146384656432824833e+01 1.328624485061115158e-24
1.154338997093584673e+01 1.316571802012961972e-24
1.162348529992824453e+01 1.304848856412863418e-24
1.170413638089146957e+01 1.293446800600326189e-24
1.178534706998363824e+01 1.282357000254354540e-24
1.186712125011933594e+01 1.271571032083803536e-24
1.194946283115524999e+01 1.261080678242885676e-24
1.203237575007712579e+01 1.250877920601061494e-24
1.211586397118800207e+01 1.240954938776446883e-24
1.219993148629774993e+01 1.231304103731672113e-24
1.228458231491395480e+01 1.221917975498571640e-24
1.236982050443406855e+01 1.212789297097092671e-24
1.245565013033894708e+01 1.203910992658447618e-24
1.254207529638770424e+01 1.195276161097880572e-24
1.262910013481392113e+01 1.186878075887688714e-24
1.271672880652324622e+01 1.178710178325210428e-24
1.280496550129229583e+01 1.170766074425015320e-24
1.289381443796900939e+01 1.163039533375273872e-24
1.298327986467436013e+01 1.155524482111562928e-24
1.307336605900545834e+01 1.148215002729755440e-24
1.316407732824010424e+01 1.141105329198214202e-24
1.325541800954269256e+01 1.134189843845441356e-24
1.334739247017160935e+01 1.127463075079883292e-24
1.344000510768803558e+01 1.120919692827902087e-24
1.353326035016620388e+01 1.114554506896279001e-24
1.362716265640514379e+01 1.108362462797708386e-24
1.372171651614182508e+01 1.102338640114053130e-24
1.381692645026585531e+01 1.096478248451810589e-24
1.391279701103562694e+01 1.090776624653426175e-24
1.400933278229597434e+01 1.085229231081734843e-24
1.410653837969735847e+01 1.079831651379669747e-24
1.420441845091651878e+01 1.074579588613758823e-24
1.430297767587871505e+01 1.069468862760990423e-24
1.440222076698148790e+01 1.064495407254530963e-24
1.450215246931995594e+01 1.059655267037309411e-24
1.460277756091373114e+01 1.054944595869321568e-24
1.470410085293531743e+01 1.050359653650948796e-24
1.480612718994017740e+01 1.045896803749352875e-24
1.490886145009836561e+01 1.041552511127344844e-24
1.501230854542774473e+01 1.037323339580338517e-24
1.511647342202888744e+01 1.033205949133595681e-24
1.522136106032151126e+01 1.029197094111195060e-24
1.532697647528264007e+01 1.025293620660116482e-24
1.543332471668636963e+01 1.021492464307672167e-24
1.554041086934531712e+01 1.017790648375810765e-24
1.564824005335375823e+01 1.014185280808026108e-24
1.575681742433239485e+01 1.010673552739084013e-24
1.586614817367488683e+01 1.007252736362182371e-24
1.597623752879606585e+01 1.003920182485555730e-24
1.608709075338185457e+01 1.000673318708559347e-24
1.619871314764099068e+01 9.975096475718370692e-25
1.631111004855834778e+01 9.944267442048114746e-25
1.642428683015022273e+01 9.914222548479535727e-25
1.653824890372121104e+01 9.884938946605986159e-25
1.665300171812294039e+01 9.856394458959782629e-25
1.676855076001465861e+01 9.828567562182357449e-25
1.688490155412545590e+01 9.801437368450206307e-25
1.700205966351853704e+01 9.774983609589933509e-25
1.712003068985712417e+01 9.749186616211605445e-25
1.723882027367231728e+01 9.724027306714008458e-25
1.735843409463281262e+01 9.699487165969696305e-25
1.747887787181637265e+01 9.675548232738716844e-25
1.760015736398340280e+01 9.652193081634322800e-25
1.772227836985217664e+01 9.629404810435855732e-25
1.784524672837614645e+01 9.607167023178084296e-25
1.796906831902314394e+01 9.585463817001718525e-25
1.809374906205639988e+01 9.564279767750270408e-25
1.821929491881772734e+01 9.543599914696499461e-25
1.834571189201246710e+01 9.523409750011480268e-25
1.847300602599650787e+01 9.503695202996056568e-25
1.860118340706534568e+01 9.484442628430953880e-25
1.873025016374496232e+01 9.465638794061689721e-25
1.886021246708499532e+01 9.447270868731350179e-25
1.899107653095367709e+01 9.429326409145496979e-25
1.912284861233499456e+01 9.411793350281689277e-25
1.925553501162785963e+01 9.394659993323537403e-25
1.938914207294728342e+01 9.377914993682520123e-25
1.952367618442780639e+01 9.361547352354278963e-25
1.965914377852884698e+01 9.345546403981586955e-25
1.979555133234229203e+01 9.329901807320977412e-25
1.993290536790221168e+01 9.314603535921720248e-25
2.007121245249660646e+01 9.299641867883752555e-25
2.021047919898153822e+01 9.285007376790458848e-25
2.035071226609719020e+01 9.270690923004579882e-25
2.049191835878630386e+01 9.256683644860716533e-25
2.063410422851477577e+01 9.242976949540986530e-25
2.077727667359437191e+01 9.229562505928031655e-25
2.092144253950791111e+01 9.216432235631435301e-25
2.106660871923644152e+01 9.203578305854422344e-25
2.121278215358888275e+01 9.190993121196372962e-25
2.135996983153390261e+01 9.178669316886734097e-25
2.150817879053397164e+01 9.166599751689439836e-25
2.165741611688200052e+01 9.154777500344205393e-25
2.180768894604002384e+01 9.143195847374393888e-25
2.195900446298042752e+01 9.131848280742548236e-25
2.211136990252950341e+01 9.120728485083815872e-25
2.226479254971327393e+01 9.109830335883337687e-25
2.241927974010593871e+01 9.099147893359546643e-25
2.257483886018050612e+01 9.088675396842613996e-25
2.273147734766199335e+01 9.078407259146261323e-25
2.288920269188310286e+01 9.068338061189607544e-25
2.304802243414216534e+01 9.058462546555091092e-25
2.320794416806389648e+01 9.048775616954968398e-25
2.336897553996231380e+01 9.039272326330286339e-25
2.353112424920640322e+01 9.029947877166263963e-25
2.369439804858827614e+01 9.020797615164975975e-25
2.385880474469372459e+01 9.011817024766875375e-25
2.402435219827565405e+01 9.003001725263837723e-25
2.419104832462978294e+01 8.994347466140432736e-25
2.435890109397316294e+01 8.985850123257154749e-25
2.452791853182525017e+01 8.977505694664940997e-25
2.469810871939160180e+01 8.969310297084465014e-25
2.486947979395032249e+01 8.961260161800362617e-25
2.504203994924105814e+01 8.953351631455078415e-25
2.521579743585680333e+01 8.945581156351877297e-25
2.539076056163837691e+01 8.937945291173644808e-25
2.556693769207162603e+01 8.930440691565256709e-25
2.574433725068747236e+01 8.923064111250730512e-25
2.592296771946456246e+01 8.915812398655956739e-25
2.610283763923488465e+01 8.908682494176657195e-25
2.628395561009211789e+01 8.901671427284819304e-25
2.646633029180280161e+01 8.894776313579658118e-25
2.664997040422045060e+01 8.887994352298857849e-25
2.683488472770237721e+01 8.881322823619884788e-25
2.702108210352958650e+01 8.874759086049240070e-25
2.720857143432946046e+01 8.868300574318021730e-25
2.739736168450142983e+01 8.861944796553389578e-25
2.758746188064564109e+01 8.855689332285900244e-25
2.777888111199438370e+01 8.849531830177689854e-25
2.797162853084689971e+01 8.843470005900177754e-25
2.816571335300678314e+01 8.837501639963878025e-25
2.836114485822271192e+01 8.831624575785227388e-25
2.855793239063217115e+01 8.825836717726538375e-25
2.875608535920806474e+01 8.820136029275560823e-25
2.895561323820880162e+01 8.814520531020713048e-25
2.915652556763112102e+01 8.808988299133340489e-25
2.935883195366627163e+01 8.803537463526140333e-25
2.956254206915940230e+01 8.798166206164247967e-25
2.976766565407184473e+01 8.792872759633137723e-25
2.997421251594705538e+01 8.787655405333941500e-25
3.018219253037934635e+01 8.782512472223118619e-25
3.039161564148614758e+01 8.777442335209099897e-25
3.060249186238350916e+01 8.772443413865001946e-25
3.081483127566470870e+01 8.767514170892059526e-25
3.102864403388251446e+01 8.762653111015480032e-25
3.124394036003446828e+01 8.757858779538778296e-25
3.146073054805171409e+01 8.753129761159927039e-25
3.167902496329126549e+01 8.748464678856997415e-25
3.189883404303140679e+01 8.743862192570211272e-25
3.212016829697096654e+01 8.739320998247568310e-25
3.234303830773163213e+01 8.734839826633120790e-25
3.256745473136400904e+01 8.730417442282348243e-25
3.279342829785717583e+01 8.726052642509452686e-25
3.302096981165151846e+01 8.721744256441517295e-25
3.325009015215560737e+01 8.717491144005768435e-25
3.348080027426610883e+01 8.713292195107253072e-25
3.371311120889170354e+01 8.709146328586307532e-25
3.394703406348055807e+01 8.705052491499173319e-25
3.418258002255118555e+01 8.701009658177173688e-25
3.441976034822749142e+01 8.697016829468883452e-25
3.465858638077703091e+01 8.693073031925094465e-25
3.489906953915329524e+01 8.689177317053172006e-25
3.514122132154175659e+01 8.685328760558445825e-25
3.538505330590944453e+01 8.681526461671691459e-25
3.563057715055874297e+01 8.677769542396272016e-25
3.587780459468464045e+01 8.674057146900038420e-25
3.612674745893606598e+01 8.670388440813592341e-25
3.637741764598116134e+01 8.666762610627801260e-25
3.662982714107614868e+01 8.663178863084247713e-25
3.688398801263866744e+01 8.659636424580451186e-25
3.713991241282458589e+01 8.656134540581500135e-25
3.739761257810909711e+01 8.652672475107396855e-25
3.765710082987187235e+01 8.649249510149044341e-25
3.791838957498595164e+01 8.645864945178858598e-25
3.818149130641122468e+01 8.642518096634585198e-25
3.844641860379156384e+01 8.639208297422965153e-25
3.871318413405634118e+01 8.635934896475186833e-25
3.898180065202618039e+01 8.632697258248019019e-25
3.925228100102253848e+01 8.629494762317721683e-25
3.952463811348211919e+01 8.626326802925403351e-25
3.979888501157492442e+01 8.623192788553216810e-25
4.007503480782702354e+01 8.620092141555762658e-25
4.035310070574752928e+01 8.617024297722460098e-25
4.063309600045972303e+01 8.613988705932408945e-25
4.091503407933696224e+01 8.610984827765071402e-25
4.119892842264259514e+01 8.608012137150208010e-25
4.148479260417452963e+01 8.605070120027331421e-25
4.177264029191434958e+01 8.602158273992740346e-25
4.206248524868058780e+01 8.599276107989831889e-25
4.235434133278702973e+01 8.596423141985627549e-25
4.264822249870512394e+01 8.593598906677671044e-25
4.294414279773126708e+01 8.590802943164803573e-25
4.324211637865862912e+01 8.588034802702166910e-25
4.354215748845361134e+01 8.585294046382940154e-25
4.384428047293715025e+01 8.582580244895065652e-25
4.414849977747045529e+01 8.579892978239817293e-25
4.445482994764580553e+01 8.577231835495138595e-25
4.476328562998200056e+01 8.574596414542321900e-25
4.507388157262457895e+01 8.571986321858296686e-25
4.538663262605113857e+01 8.569401172255353078e-25
4.570155374378115454e+01 8.566840588669696130e-25
4.601865998309111916e+01 8.564304201935651722e-25
4.633796650573440701e+01 8.561791650584390708e-25
4.665948857866618482e+01 8.559302580618775829e-25
4.698324157477347285e+01 8.556836645332693739e-25
4.730924097361000236e+01 8.554393505098172982e-25
4.763750236213646616e+01 8.551972827193677324e-25
4.796804143546572874e+01 8.549574285612670990e-25
4.830087399761322331e+01 8.547197560880417871e-25
4.863601596225270640e+01 8.544842339895005094e-25
4.897348335347697201e+01 8.542508315746337095e-25
4.931329230656412221e+01 8.540195187563387479e-25
4.965545906874899629e+01 8.537902660349506747e-25
4.999999999999999289e+01 8.535630444834561640e-25
5.034693157380139894e+01 8.533378257318651327e-25
5.069627037794075619e+01 8.531145819534635178e-25
5.104803311530231724e+01 8.528932858505299179e-25
5.140223660466548239e+01 8.526739106404004752e-25
5.175889778150880716e+01 8.524564300425143766e-25
5.211803369882010628e+01 8.522408182655218029e-25
5.247966152791137517e+01 8.520270499945933659e-25
5.284379855924019154e+01 8.518151003792465778e-25
5.321046220323622578e+01 8.516049450218857005e-25
5.357966999113354944e+01 8.513965599656221541e-25
5.395143957580922489e+01 8.511899216840666346e-25
5.432578873262691133e+01 8.509850070694222740e-25
5.470273536028711447e+01 8.507817934228114246e-25
5.508229748168283635e+01 8.505802584433891110e-25
5.546449324476112963e+01 8.503803802188578934e-25
5.584934092339118195e+01 8.501821372154510025e-25
5.623685891823758709e+01 8.499855082686288526e-25
5.662706575764056538e+01 8.497904725737586573e-25
5.701998009850164806e+01 8.495970096775744628e-25
5.741562072717555054e+01 8.494050994689915781e-25
5.781400656036881713e+01 8.492147221711222133e-25
5.821515664604383034e+01 8.490258583326822483e-25
5.861909016432991848e+01 8.488384888203856011e-25
5.902582642844026850e+01 8.486525948108680302e-25
5.943538488559515542e+01 8.484681577832297251e-25
5.984778511795219202e+01 8.482851595117735064e-25
6.026304684354212071e+01 8.481035820585766198e-25
6.068118991721201638e+01 8.479234077668547030e-25
6.110223433157442230e+01 8.477446192539191053e-25
6.152620021796307270e+01 8.475671994046080783e-25
6.195310784739583454e+01 8.473911313650096359e-25
6.238297763154347564e+01 8.472163985360093761e-25
6.281583012370606411e+01 8.470429845671455843e-25
6.325168601979518002e+01 8.468708733509244324e-25
6.369056615932391452e+01 8.467000490168187127e-25
6.413249152640305795e+01 8.465304959255479560e-25
6.457748325074419427e+01 8.463621986638416042e-25
6.502556260867048366e+01 8.461951420388609223e-25
6.547675102413337811e+01 8.460293110730991897e-25
6.593107006973741591e+01 8.458646909991310971e-25
6.638854146777151755e+01 8.457012672548654031e-25
6.684918709124731606e+01 8.455390254785375113e-25
6.731302896494554489e+01 8.453779515039386167e-25
6.778008926646843690e+01 8.452180313561113755e-25
6.825039032730067845e+01 8.450592512464857468e-25
6.872395463387690029e+01 8.449015975687680682e-25
6.920080482865657245e+01 8.447450568945228498e-25
6.968096371120716981e+01 8.445896159689988514e-25
7.016445423929364722e+01 8.444352617072348897e-25
7.065129952997666862e+01 8.442819811898480790e-25
7.114152286071765730e+01 8.441297616592582903e-25
7.163514767049153420e+01 8.439785905159583443e-25
7.213219756090792600e+01 8.438284553147443480e-25
7.263269629733905219e+01 8.436793437611118864e-25
7.313666781005647977e+01 8.435312437077168658e-25
7.364413619537515387e+01 8.433841431509412336e-25
7.415512571680521603e+01 8.432380302275821255e-25
7.466966080621266144e+01 8.430928932114510126e-25
7.518776606498691706e+01 8.429487205102268672e-25
7.570946626521758560e+01 8.428055006623118981e-25
7.623478635087872135e+01 8.426632223336665330e-25
7.676375143902112086e+01 8.425218743149650888e-25
7.729638682097392177e+01 8.423814455185040382e-25
7.783271796355309391e+01 8.422419249754035983e-25
7.837277051027973584e+01 8.421033018327139942e-25
7.891657028260588902e+01 8.419655653507696780e-25
7.946414328114889258e+01 8.418287049004079997e-25
8.001551568693507477e+01 8.416927099603241606e-25
8.057071386265099022e+01 8.415575701145677777e-25
8.112976435390434915e+01 8.414232750499176747e-25
8.169269389049308927e+01 8.412898145534300574e-25
8.225952938768311640e+01 8.411571785100427096e-25
8.283029794749575103e+01 8.410253569001009446e-25
8.340502686000294830e+01 8.408943397971675126e-25
8.398374360463265020e+01 8.407641173655766535e-25
8.456647585148242285e+01 8.406346798583222488e-25
8.515325146264220280e+01 8.405060176147345661e-25
8.574409849352703361e+01 8.403781210584330631e-25
8.633904519421778900e+01 8.402509806951137028e-25
8.693812001081251140e+01 8.401245871105546537e-25
8.754135158678624862e+01 8.399989309684858903e-25
8.814876876436026976e+01 8.398740030086481580e-25
8.876040058588178283e+01 8.397497940448275095e-25
8.937627629521176686e+01 8.396262949628711073e-25
8.999642533912381737e+01 8.395034967188376569e-25
9.062087736871187360e+01 8.393813903371044935e-25
9.124966224080760924e+01 8.392599669085328921e-25
9.188281001940860904e+01 8.391392175886938065e-25
9.252035097711508627e+01 8.390191335960574234e-25
9.316231559657798300e+01 8.388997062102773085e-25
9.380873457195606591e+01 8.387809267704708789e-25
9.445963881038331067e+01 8.386627866735044665e-25
9.511505943344727143e+01 8.385452773723832584e-25
9.577502777867637462e+01 8.384283903745637276e-25
9.643957540103887993e+01 8.383121172403961034e-25
9.710873407445130567e+01 8.381964495814845564e-25
9.778253579329744127e+01 8.380813790592024023e-25
9.846101277395865736e+01 8.379668973830684502e-25
9.914419745635355241e+01 8.378529963093002268e-25
9.983212250548965017e+01 8.377396676392843633e-25
1.005248208130249452e+02 8.376269032181362486e-25
1.012223254988401777e+02 8.375146949332411299e-25
1.019246699126232016e+02 8.374030347128240504e-25
1.026318876354625900e+02 8.372919145245027060e-25
1.033440124814540866e+02 8.371813263740063396e-25
1.040610784993169489e+02 8.370712623037126184e-25
1.047831199740216306e+02 8.369617143913209780e-25
1.055101714284298140e+02 8.368526747485546197e-25
1.062422676249441338e+02 8.367441355198393649e-25
1.069794435671710602e+02 8.366360888809834281e-25
1.077217345015942129e+02 8.365285270379398419e-25
1.084691759192592002e+02 8.364214422255451879e-25
1.092218035574714037e+02 8.363148267063002055e-25
1.099796534015037253e+02 8.362086727691140327e-25
1.107427616863179480e+02 8.361029727281423040e-25
1.115111648982969115e+02 8.359977189216202884e-25
1.122848997769886807e+02 8.358929037106659051e-25
1.130640033168639604e+02 8.357885194782001063e-25
1.138485127690839818e+02 8.356845586277884633e-25
1.146384656432825437e+02 8.355810135825613654e-25
1.154338997093584709e+02 8.354778767841821559e-25
1.162348529992823813e+02 8.353751406917197599e-25
1.170413638089146957e+02 8.352727977807459410e-25
1.178534706998363788e+02 8.351708405422420916e-25
1.186712125011934233e+02 8.350692614817067760e-25
1.194946283115525034e+02 8.349680531182247014e-25
1.203237575007711939e+02 8.348672079835022623e-25
1.211586397118800136e+02 8.347667186211319375e-25
1.219993148629774993e+02 8.346665775856979966e-25
1.228458231491396191e+02 8.345667774420186729e-25
1.236982050443406962e+02 8.344673107644737445e-25
1.245565013033894104e+02 8.343681701363332164e-25
1.254207529638770353e+02 8.342693481491256761e-25
1.262910013481392184e+02 8.341708374022011568e-25
1.271672880652325262e+02 8.340726305022295315e-25
1.280496550129229547e+02 8.339747200628926808e-25
1.289381443796900157e+02 8.338770987046359860e-25
1.298327986467436119e+02 8.337797590545733711e-25
1.307336605900545976e+02 8.336826937464990575e-25
1.316407732824011134e+02 8.335858954210690316e-25
1.325541800954269434e+02 8.334893567261924469e-25
1.334739247017160153e+02 8.333930703176447185e-25
1.344000510768803451e+02 8.332970288598446345e-25
1.353326035016620494e+02 8.332012250270052388e-25
1.362716265640515019e+02 8.331056515046836468e-25
1.372171651614182508e+02 8.330103009915632048e-25
1.381692645026584785e+02 8.329151662018652743e-25
1.391279701103562729e+02 8.328202398682684984e-25
1.400933278229597363e+02 8.327255147454947944e-25
1.410653837969736628e+02 8.326309836147090085e-25
1.420441845091651771e+02 8.325366392889030478e-25
1.430297767587870794e+02 8.324424746193890165e-25
1.440222076698148612e+02 8.323484825037885374e-25
1.450215246931995523e+02 8.322546558956286424e-25
1.460277756091373931e+02 8.321609878161549401e-25
1.470410085293531779e+02 8.320674713686089126e-25
1.480612718994017030e+02 8.319740997557989853e-25
1.490886145009836525e+02 8.318808663015534816e-25
1.501230854542774296e+02 8.317877644772473069e-25
1.511647342202889490e+02 8.316947879345010782e-25
1.522136106032151304e+02 8.316019305458940043e-25
1.532697647528263190e+02 8.315091864559200960e-25
1.543332471668637140e+02 8.314165501449368958e-25
1.554041086934531677e+02 8.313240165103763417e-25
1.564824005335376569e+02 8.312315809703353906e-25
1.575681742433239378e+02 8.311392395968629352e-25
1.586614817367487831e+02 8.310469892892908536e-25
1.597623752879606513e+02 8.309548280015235567e-25
1.608709075338185528e+02 8.308627550435862684e-25
1.619871314764099282e+02 8.307707714865231357e-25
1.631111004855834778e+02 8.306788807129565391e-25
1.642428683015021704e+02 8.305870891768015605e-25
1.653824890372121104e+02 8.304954074682642327e-25
1.665300171812293968e+02 8.304038518331885589e-25
1.676855076001465932e+02 8.303124463832329294e-25
1.688490155412545448e+02 8.302212263822823306e-25
1.700205966351852851e+02 8.301302432543110515e-25
1.712003068985712559e+02 8.300395724306371170e-25
1.723882027367231728e+02 8.299493260441856997e-25
1.735843409463281262e+02 8.298596742350191509e-25
1.747887787181637407e+02 8.297708824795971530e-25
1.760015736398339357e+02 8.296833804135733189e-25
1.772227836985217664e+02 8.295978967488988621e-25
1.784524672837614503e+02 8.295157444989745512e-25
1.796906831902314536e+02 8.294394843065775800e-25
1.809374906205640059e+02 8.293746722229795585e-25
1.821929491881772094e+02 8.293353279830114231e-25
1.834571189201246852e+02 8.293660183470304583e-25
1.847300602599650858e+02 8.296796378491972286e-25
1.860118340706534639e+02 8.331007280299223487e-25
1.873025016374496374e+02 8.435665512607447059e-25
1.886021246708498609e+02 8.296661876393847822e-25
1.899107653095367994e+02 8.289280514240053553e-25
1.912284861233499385e+02 8.286756620390221281e-25
1.925553501162786176e+02 8.285198677349947104e-25
1.938914207294728271e+02 8.283953660256315103e-25
1.952367618442779644e+02 8.282838419326906549e-25
1.965914377852884911e+02 8.281785555122136085e-25
1.979555133234229061e+02 8.280765592343661394e-25
1.993290536790221097e+02 8.279763980610210733e-25
2.007121245249660717e+02 8.278772853327570092e-25
2.021047919898154817e+02 8.277787640407514812e-25
2.035071226609719020e+02 8.276805524374847970e-25
2.049191835878630457e+02 8.275824677285449205e-25
2.063410422851477790e+02 8.274843858087842442e-25
2.077727667359437476e+02 8.273862188398590700e-25
2.092144253950791892e+02 8.272879021842447620e-25
2.106660871923644152e+02 8.271893864914913117e-25
2.121278215358888133e+02 8.270906327423023290e-25
2.135996983153390261e+02 8.269916090530766169e-25
2.150817879053397235e+02 8.268922885620345886e-25
2.165741611688201260e+02 8.267926479984702775e-25
2.180768894604002526e+02 8.266926666943788810e-25
2.195900446298042823e+02 8.265923258889462325e-25
2.211136990252950341e+02 8.264916082309404611e-25
2.226479254971327464e+02 8.263904974169673807e-25
2.241927974010595221e+02 8.262889779250842763e-25
2.257483886018050612e+02 8.261870348157093648e-25
2.273147734766199335e+02 8.260846535812186700e-25
2.288920269188310215e+02 8.259818200309619205e-25
2.304802243414216605e+02 8.258785202023047187e-25
2.320794416806390643e+02 8.257747402911975080e-25
2.336897553996231522e+02 8.256704665973712708e-25
2.353112424920640535e+02 8.255656854806254855e-25
2.369439804858827756e+02 8.254603833257474263e-25
2.385880474469372530e+02 8.253545465139017323e-25
2.402435219827566755e+02 8.252481613992906005e-25
2.419104832462978152e+02 8.251412142896785069e-25
2.435890109397315086e+02 8.250336914302854549e-25
2.452791853182525017e+02 8.249255789900285483e-25
2.469810871939160108e+02 8.248168630498956174e-25
2.486947979395033599e+02 8.247075295928727023e-25
2.504203994924105814e+02 8.245975644952373126e-25
2.521579743585679125e+02 8.244869535188520521e-25
2.539076056163837620e+02 8.243756823043414247e-25
2.556693769207162745e+02 8.242637363650106722e-25
2.574433725068748231e+02 8.241511010812586856e-25
2.592296771946456033e+02 8.240377616955627776e-25
2.610283763923487186e+02 8.239237033077950715e-25
2.628395561009211860e+02 8.238089108708793257e-25
2.646633029180280232e+02 8.236933691867300595e-25
2.664997040422045984e+02 8.235770629023511981e-25
2.683488472770237649e+02 8.234599765062862625e-25
2.702108210352957371e+02 8.233420943250258573e-25
2.720857143432946259e+02 8.232234005196357470e-25
2.739736168450143055e+02 8.231038790825900917e-25
2.758746188064563967e+02 8.229835138345077983e-25
2.777888111199438299e+02 8.228622884211400399e-25
2.797162853084688550e+02 8.227401863103671437e-25
2.816571335300678243e+02 8.226171907892087025e-25
2.836114485822271263e+02 8.224932849610155208e-25
2.855793239063216902e+02 8.223684517426255616e-25
2.875608535920806617e+02 8.222426738615881262e-25
2.895561323820878670e+02 8.221159338535251452e-25
2.915652556763112102e+02 8.219882140594433372e-25
2.935883195366627092e+02 8.218594966232598848e-25
2.956254206915940017e+02 8.217297634892947751e-25
2.976766565407184544e+02 8.215989964000022783e-25
2.997421251594703904e+02 8.214671768937292443e-25
3.018219253037934777e+02 8.213342863027186902e-25
3.039161564148614616e+02 8.212003057513484874e-25
3.060249186238351058e+02 8.210652161545910050e-25
3.081483127566470444e+02 8.209289982169687564e-25
3.102864403388250025e+02 8.207916324318615006e-25
3.124394036003446899e+02 8.206530990815991796e-25
3.146073054805171409e+02 8.205133782383226007e-25
3.167902496329126620e+02 8.203724497660646126e-25
3.189883404303140537e+02 8.202302933244013010e-25
3.212016829697095091e+02 8.200868883742738997e-25
3.234303830773163213e+02 8.199422141868016006e-25
3.256745473136401188e+02 8.197962498564177950e-25
3.279342829785717299e+02 8.196489743200190596e-25
3.302096981165151988e+02 8.195003663850302686e-25
3.325009015215558748e+02 8.193504047705615891e-25
3.348080027426610741e+02 8.191990681684536480e-25
3.371311120889170638e+02 8.190463353350695895e-25
3.394703406348055523e+02 8.188921852319958719e-25
3.418258002255118981e+02 8.187365972467556581e-25
3.441976034822747579e+02 8.185795515488814827e-25
3.465858638077702949e+02 8.184210296840951368e-25
3.489906953915329382e+02 8.182610156061470581e-25
3.514122132154175802e+02 8.180994975567147432e-25
3.538505330590944027e+02 8.179364716948517582e-25
3.563057715055872450e+02 8.177719496217022263e-25
3.587780459468463619e+02 8.176059754450535038e-25
3.612674745893606314e+02 8.174386692575362007e-25
3.637741764598115992e+02 8.172703568958221069e-25
3.662982714107614584e+02 8.171020573407878064e-25
3.688398801263868449e+02 8.169381487976299667e-25
3.713991241282458873e+02 8.168187480752872666e-25
3.739761257810910138e+02 8.217646427402412621e-25
3.765710082987187093e+02 8.164361246510221965e-25
3.791838957498594596e+02 8.162230042334514386e-25
3.818149130641124316e+02 8.160341912447947002e-25
3.844641860379156242e+02 8.158477442547266047e-25
3.871318413405634260e+02 8.156606510171934375e-25
3.898180065202618039e+02 8.154721197066546539e-25
3.925228100102253848e+02 8.152818552793664113e-25
3.952463811348213767e+02 8.150897162046084888e-25
3.979888501157492442e+02 8.148956188660387588e-25
4.007503480782701786e+02 8.146995046639137590e-25
4.035310070574753354e+02 8.145013268870409583e-25
4.063309600045972161e+02 8.143010448622735771e-25
4.091503407933698213e+02 8.140986211130962757e-25
4.119892842264259230e+02 8.138940198805429486e-25
4.148479260417452679e+02 8.136872063079096589e-25
4.177264029191435384e+02 8.134781459688883384e-25
4.206248524868058780e+02 8.132668045827045585e-25
4.235434133278704962e+02 8.130531478355276117e-25
4.264822249870512110e+02 8.128371412645650240e-25
4.294414279773124008e+02 8.126187501804910398e-25
4.324211637865862485e+02 8.123979396136845614e-25
4.354215748845361418e+02 8.121746742761021729e-25
4.384428047293717441e+02 8.119489185331276226e-25
4.414849977747045386e+02 8.117206363824237607e-25
4.445482994764578280e+02 8.114897914373044374e-25
4.476328562998199914e+02 8.112563469134564672e-25
4.507388157262458321e+02 8.110202656180289298e-25
4.538663262605115847e+02 8.107815099402468472e-25
4.570155374378115312e+02 8.105400418433573025e-25
4.601865998309110068e+02 8.102958228574847306e-25
4.633796650573440843e+02 8.100488140731981167e-25
4.665948857866619051e+02 8.097989761355545462e-25
4.698324157477349559e+02 8.095462692387755011e-25
4.730924097361000236e+02 8.092906531212117033e-25
4.763750236213644484e+02 8.090320870607767781e-25
4.796804143546572732e+02 8.087705298707521173e-25
4.830087399761322331e+02 8.085059398961189691e-25
4.863601596225273056e+02 8.082382750104739593e-25
4.897348335347697343e+02 8.079674926135886551e-25
4.931329230656409663e+02 8.076935496302038568e-25
4.965545906874899629e+02 8.074164025100642194e-25
4.999999999999999432e+02 8.071360072302306710e-25
5.034693157380134494e+02 8.068523193005370019e-25
5.069627037794076045e+02 8.065652937740295406e-25
5.104803311530232008e+02 8.062748852653463750e-25
5.140223660466548381e+02 8.059810479822679883e-25
5.175889778150880147e+02 8.056837357795224822e-25
5.211803369882004517e+02 8.053829022528420228e-25
5.247966152791137802e+02 8.050785009075862196e-25
5.284379855924019012e+02 8.047704854754887208e-25
5.321046220323622720e+02 8.044588105443612720e-25
5.357966999113355087e+02 8.041434329074194371e-25
5.395143957580917231e+02 8.038243147473877678e-25
5.432578873262691559e+02 8.035014321818039255e-25
5.470273536028711305e+02 8.031748026962139696e-25
5.508229748168283777e+02 8.028446005322221199e-25
5.546449324476112679e+02 8.025119354250095163e-25
5.584934092339112794e+02 8.021970725513319484e-25
5.623685891823758993e+02 8.018606346339293166e-25
5.662706575764057106e+02 8.014831569441804448e-25
5.701998009850165090e+02 8.011297598258148020e-25
5.741562072717555338e+02 8.007737296258642759e-25
5.781400656036876171e+02 8.004137498150679328e-25
5.821515664604382891e+02 8.000495333525834786e-25
5.861909016432991848e+02 7.996809560797649967e-25
5.902582642844026850e+02 7.993079352820247692e-25
5.943538488559515827e+02 7.989304017831251675e-25
5.984778511795212808e+02 7.985482914695902533e-25
6.026304684354212213e+02 7.981615421958517628e-25
6.068118991721202065e+02 7.977700924939199775e-25
6.110223433157442514e+02 7.973738809784302179e-25
6.152620021796307128e+02 7.969728460495333396e-25
6.195310784739577912e+02 7.965669257346539906e-25
6.238297763154347422e+02 7.961560575995270862e-25
6.281583012370599590e+02 7.957401786958378010e-25
6.325168601979518144e+02 7.953192255294369360e-25
6.369056615932391878e+02 7.948931340403070057e-25
6.413249152640298689e+02 7.944618395898762659e-25
6.457748325074419427e+02 7.940252769529653837e-25
6.502556260867041829e+02 7.935833803128478816e-25
6.547675102413337527e+02 7.931360832585027868e-25
6.593107006973741591e+02 7.926833187837151026e-25
6.638854146777144933e+02 7.922250192876013828e-25
6.684918709124732459e+02 7.917611165766823673e-25
6.731302896494547667e+02 7.912915418685682482e-25
6.778008926646843975e+02 7.908162257978232852e-25
6.825039032730068129e+02 7.903350984247113913e-25
6.872395463387682639e+02 7.898480892484903312e-25
6.920080482865656677e+02 7.893551272281502886e-25
6.968096371120709591e+02 7.888561408161700231e-25
7.016445423929365006e+02 7.883510580167981558e-25
7.065129952997667715e+02 7.878398064932012240e-25
7.114152286071758908e+02 7.873223137811892171e-25
7.163514767049153988e+02 7.867985077557559689e-25
7.213219756090785495e+02 7.862683177749100061e-25
7.263269629733905504e+02 7.857316779362304865e-25
7.313666781005648545e+02 7.851885385286395102e-25
7.364413619537507429e+02 7.846389220991758443e-25
7.415512571680520750e+02 7.840834449993908425e-25
7.466966080621258470e+02 7.836277379943186838e-25
7.518776606498690853e+02 7.829508044474701282e-25
7.570946626521758844e+02 7.823718469125432647e-25
7.623478635087872135e+02 7.817874508225187756e-25
7.676375143902112086e+02 7.811961616034355635e-25
7.729638682097383935e+02 7.805977568828256257e-25
7.783271796355309107e+02 7.799921237183263695e-25
7.837277051027973584e+02 7.793791707806493608e-25
7.891657028260589186e+02 7.787588128355601793e-25
7.946414328114889258e+02 7.781309941339431629e-25
8.001551568693499803e+02 7.774955480395402370e-25
8.057071386265098454e+02 7.768524758078355714e-25
8.112976435390434062e+02 7.762016667936330622e-25
8.169269389049309211e+02 7.755430379527169982e-25
8.225952938768310787e+02 7.748765060954856087e-25
8.283029794749566008e+02 7.742019878268078133e-25
8.340502686000294261e+02 7.735193995505525482e-25
8.398374360463265020e+02 7.728286574873026403e-25
8.456647585148242570e+02 7.721296776986741315e-25
8.515325146264220848e+02 7.714223761163661424e-25
8.574409849352695119e+02 7.707066685755523506e-25
8.633904519421778332e+02 7.699824708527888465e-25
8.693812001081250855e+02 7.692496987100499889e-25
8.754135158678624293e+02 7.685082679477077511e-25
8.814876876436027260e+02 7.677580944734007210e-25
8.876040058588170041e+02 7.669990944022629945e-25
8.937627629521176686e+02 7.662311842268647504e-25
8.999642533912381168e+02 7.654542811645659643e-25
9.062087736871186507e+02 7.646683040290129508e-25
9.124966224080760639e+02 7.638731759972788812e-25
9.188281001940850956e+02 7.630688366260849727e-25
9.252035097711509479e+02 7.622553305631695138e-25
9.316231559657798016e+02 7.614359144899582018e-25
9.380873457195606306e+02 7.606008736918396106e-25
9.445963881038330783e+02 7.597572470410788112e-25
9.511505943344717480e+02 7.589052481026968222e-25
9.577502777867638315e+02 7.580436171548744050e-25
9.643957540103887141e+02 7.571721970209097253e-25
9.710873407445130852e+02 7.562908939382379205e-25
9.778253579329743843e+02 7.553996258985302275e-25
9.846101277395855504e+02 7.544983148182844715e-25
9.914419745635356094e+02 7.535868847279026422e-25
9.983212250548965585e+02 7.526652612724622998e-25
1.005248208130249395e+03 7.517333715894875708e-25
1.012223254988401777e+03 7.507911443187018018e-25
1.019246699126230965e+03 7.498385096665252816e-25
1.026318876354625900e+03 7.488753994973488878e-25
1.033440124814540923e+03 7.479017474405599088e-25
1.040610784993169545e+03 7.469174890094104203e-25
1.047831199740216334e+03 7.459225617301214622e-25
1.055101714284297032e+03 7.449169052827273742e-25
1.062422676249441338e+03 7.439004616580357910e-25
1.069794435671710517e+03 7.428731753420770321e-25
1.077217345015942101e+03 7.418349935588125536e-25
1.084691759192592144e+03 7.407858666650117852e-25
1.092218035574712985e+03 7.397257490383369191e-25
1.099796534015037196e+03 7.386546020686486388e-25
1.107427616863179537e+03 7.375724108847340248e-25
1.115111648982969200e+03 7.364794304699615699e-25
1.122848997769886864e+03 7.353821258530582803e-25
1.130640033168638411e+03 7.342681840168628312e-25
1.138485127690839818e+03 7.331470519519494414e-25
1.146384656432824158e+03 7.320148340542438724e-25
1.154338997093584794e+03 7.308714436613235365e-25
1.162348529992823842e+03 7.297168580812590593e-25
1.170413638089145707e+03 7.285510675116534670e-25
1.178534706998363845e+03 7.273740692879228894e-25
1.186712125011933040e+03 7.261858668943606008e-25
1.194946283115524921e+03 7.249864749415141078e-25
1.203237575007711939e+03 7.237818016858539980e-25
1.211586397118798914e+03 7.225660328814246921e-25
1.219993148629774851e+03 7.213391985343988906e-25
1.228458231491394827e+03 7.201013358151705208e-25
1.236982050443406933e+03 7.188524894155751644e-25
1.245565013033894047e+03 7.175927119317979747e-25
1.254207529638769074e+03 7.163220642833594447e-25
1.262910013481392070e+03 7.150406162010989275e-25
1.271672880652324011e+03 7.137484468962538989e-25
1.280496550129229490e+03 7.124456463972493063e-25
1.289381443796900385e+03 7.111323205779048682e-25
1.298327986467434812e+03 7.098086381807880280e-25
1.307336605900545919e+03 7.085592466869037076e-25
1.316407732824009827e+03 7.071303024047906793e-25
1.325541800954269320e+03 7.057759102920512273e-25
1.334739247017160324e+03 7.044117197264571614e-25
1.344000510768802087e+03 7.030378289431670757e-25
1.353326035016620381e+03 7.016544120004208363e-25
1.362716265640513711e+03 7.002616634911847360e-25
1.372171651614182565e+03 6.988597943038322286e-25
1.381692645026584842e+03 6.974490313961246509e-25
1.391279701103562729e+03 6.960296182618885409e-25
1.400933278229597590e+03 6.946018155878871159e-25
1.410653837969735150e+03 6.931659019904427050e-25
1.420441845091651885e+03 6.917221748032756550e-25
1.430297767587870794e+03 6.902709509115195925e-25
1.440222076698148840e+03 6.888125676414251799e-25
1.450215246931995580e+03 6.873473837463469612e-25
1.460277756091372339e+03 6.858757806525937122e-25
1.470410085293531665e+03 6.843981648593911766e-25
1.480612718994017087e+03 6.829149800117534488e-25
1.490886145009836582e+03 6.814276133788124016e-25
1.501230854542774523e+03 6.799403678260647987e-25
1.511647342202888012e+03 6.784493675716430804e-25
1.522136106032151247e+03 6.769549351019698622e-25
1.532697647528263133e+03 6.754575351805699554e-25
1.543332471668637027e+03 6.739577571298959037e-25
1.554041086934531677e+03 6.724562283698129006e-25
1.564824005335374977e+03 6.709536108839432008e-25
1.575681742433239378e+03 6.694506018187939179e-25
1.586614817367487831e+03 6.679479347058958172e-25
1.597623752879606627e+03 6.664463808584655516e-25
1.608709075338185585e+03 6.649467508543892221e-25
1.619871314764097406e+03 6.634498960895678168e-25
1.631111004855834835e+03 6.619567104170396659e-25
1.642428683015021534e+03 6.604681319620483203e-25
1.653824890372120990e+03 6.589851456110438406e-25
1.665300171812294138e+03 6.575087908461606175e-25
1.676855076001464113e+03 6.560404032980819641e-25
1.688490155412545391e+03 6.545803502828749742e-25
1.700205966351852794e+03 6.531304499426986087e-25
1.712003068985712616e+03 6.516918726696634807e-25
1.723882027367231785e+03 6.502658499871733502e-25
1.735843409463279386e+03 6.488537312721364996e-25
1.747887787181637350e+03 6.474569301241767576e-25
1.760015736398339186e+03 6.460769234764694604e-25
1.772227836985217436e+03 6.447152532174862437e-25
1.784524672837614617e+03 6.433735281853512474e-25
1.796906831902312661e+03 6.420534262645390737e-25
1.809374906205639945e+03 6.407566965373944030e-25
1.821929491881772037e+03 6.394851615118821436e-25
1.834571189201246852e+03 6.382407196196435172e-25
1.847300602599651029e+03 6.370253496002651651e-25
1.860118340706532763e+03 6.358411577412918744e-25
1.873025016374496317e+03 6.346902235597536760e-25
1.886021246708498438e+03 6.335745856498051889e-25
1.899107653095367823e+03 6.324968512013517487e-25
1.912284861233499214e+03 6.314593042461685734e-25
1.925553501162784187e+03 6.304644254632224081e-25
1.938914207294728385e+03 6.295147909802805780e-25
1.952367618442779758e+03 6.286130711728972987e-25
1.965914377852884854e+03 6.277620319859734852e-25
1.979555133234229061e+03 6.269645364625851436e-25
1.993290536790218994e+03 6.262235462259852111e-25
2.007121245249660660e+03 6.255421228911011723e-25
2.021047919898152713e+03 6.249234295790093799e-25
2.035071226609719133e+03 6.243707343918271289e-25
2.049191835878630627e+03 6.238875086922385404e-25
2.063410422851475687e+03 6.234769110275120392e-25
2.077727667359437419e+03 6.231427809013911731e-25
2.092144253950789789e+03 6.228887635631815194e-25
2.106660871923644208e+03 6.227186178774370000e-25
2.121278215358888247e+03 6.226362289150919388e-25
2.135996983153388101e+03 6.226455860885496361e-25
2.150817879053397064e+03 6.227507810692828300e-25
2.165741611688199100e+03 6.229560063379804339e-25
2.180768894604002526e+03 6.232655535493497628e-25
2.195900446298042880e+03 6.236838116465503095e-25
2.211136990252948181e+03 6.242152650115713841e-25
2.226479254971327464e+03 6.248644961538135172e-25
2.241927974010592607e+03 6.256379786303527995e-25
2.257483886018050725e+03 6.265349886232969835e-25
2.273147734766199392e+03 6.275658426091013880e-25
2.288920269188307884e+03 6.287336296742251468e-25
2.304802243414216719e+03 6.300433296476372738e-25
2.320794416806388199e+03 6.314999943870100236e-25
2.336897553996231636e+03 6.331087395806870254e-25
2.353112424920640478e+03 6.348747390336465697e-25
2.369439804858825028e+03 6.368032189423410447e-25
2.385880474469372530e+03 6.388994520562920026e-25
2.402435219827564197e+03 6.411687523133820816e-25
2.419104832462978266e+03 6.436164886297571210e-25
2.435890109397314973e+03 6.462479789173331841e-25
2.452791853182522573e+03 6.490686363307176631e-25
2.469810871939159824e+03 6.520839038854026718e-25
2.486947979395030870e+03 6.552991806124560485e-25
2.504203994924105700e+03 6.587198839711503658e-25
2.521579743585678898e+03 6.623514270194559928e-25
2.539076056163837620e+03 6.661992115482452829e-25
2.556693769207162859e+03 6.702686220027127453e-25
2.574433725068745844e+03 6.745650198475406623e-25
2.592296771946456374e+03 6.790937392478344704e-25
2.610283763923487186e+03 6.838601955168962857e-25
2.628395561009212088e+03 6.888692921444013832e-25
2.646633029180280118e+03 6.941266004594739715e-25
2.664997040422043483e+03 6.996371831667857828e-25
2.683488472770237877e+03 7.054061597228665352e-25
2.702108210352957030e+03 7.114386012480675651e-25
2.720857143432946032e+03 7.177395254790228808e-25
2.739736168450142941e+03 7.243138952392170441e-25
2.758746188064561011e+03 7.311666177906262919e-25
2.777888111199438299e+03 7.383025455771754585e-25
2.797162853084688322e+03 7.457265978878731194e-25
2.816571335300678584e+03 7.534431405054992825e-25
2.836114485822271490e+03 7.614572380397736103e-25
2.855793239063214060e+03 7.697734104346314097e-25
2.875608535920806389e+03 7.783962491413164849e-25
2.895561323820878897e+03 7.873303045040440999e-25
2.915652556763111988e+03 7.965800881413644539e-25
2.935883195366627206e+03 8.061500775309619410e-25
2.956254206915937175e+03 8.160447214026912635e-25
2.976766565407184771e+03 8.262684519705211199e-25
2.997421251594703790e+03 8.368256569543641230e-25
3.018219253037934777e+03 8.477207430038599884e-25
3.039161564148614616e+03 8.589581095023320308e-25
3.060249186238348102e+03 8.705421469112098079e-25
3.081483127566470557e+03 8.824772604690135051e-25
3.102864403388249684e+03 8.947678734896138416e-25
3.124394036003446672e+03 9.074184350523653368e-25
3.146073054805171523e+03 9.204334283024454912e-25
3.167902496329123551e+03 9.338174038271535351e-25
3.189883404303140651e+03 9.475748558786620116e-25
3.212016829697095091e+03 9.617104968250156482e-25
3.234303830773163099e+03 9.762290032358939863e-25
3.256745473136400960e+03 9.911351499376758196e-25
3.279342829785714002e+03 1.006433797133385044e-24
3.302096981165152101e+03 1.022129898085540634e-24
3.325009015215558520e+03 1.038228507885934819e-24
3.348080027426610741e+03 1.054734795300272872e-24
3.371311120889170525e+03 1.071654035431460851e-24
3.394703406348052340e+03 1.088991645920979657e-24
3.418258002255118754e+03 1.106753179208667810e-24
3.441976034822747806e+03 1.124944328236404260e-24
3.465858638077703290e+03 1.143570942653239511e-24
3.489906953915329723e+03 1.162639035808563778e-24
3.514122132154172050e+03 1.182154793821253635e-24
3.538505330590944141e+03 1.202124592403787242e-24
3.563057715055871995e+03 1.222554964754580235e-24
3.587780459468463505e+03 1.243452693736788323e-24
3.612674745893606541e+03 1.264824740687056156e-24
3.637741764598112240e+03 1.286678291883776041e-24
3.662982714107614811e+03 1.309020762823301296e-24
3.688398801263864698e+03 1.331859807473176777e-24
3.713991241282458759e+03 1.355203328846441028e-24
3.739761257810910138e+03 1.379059488538177214e-24
3.765710082987183341e+03 1.403436708576255694e-24
3.791838957498594937e+03 1.428343707891049930e-24
3.818149130641120337e+03 1.453789482976927086e-24
3.844641860379156242e+03 1.479783335282714103e-24
3.871318413405634146e+03 1.506334879545246059e-24
3.898180065202614060e+03 1.533454055948931182e-24
3.925228100102254302e+03 1.561151142958083604e-24
3.952463811348209674e+03 1.589436758956195965e-24
3.979888501157492556e+03 1.618321902619529919e-24
4.007503480782701899e+03 1.647817935965464912e-24
4.035310070574748806e+03 1.677936613901391919e-24
4.063309600045972275e+03 1.708690095365669622e-24
4.091503407933694234e+03 1.740090959051050432e-24
4.119892842264259343e+03 1.772152212429729945e-24
4.148479260417452679e+03 1.804887318786747962e-24
4.177264029191431291e+03 1.838310203950168624e-24
4.206248524868058666e+03 1.872435275135240434e-24
4.235434133278700756e+03 1.907277438922234207e-24
4.264822249870511769e+03 1.942852118475316850e-24
4.294414279773124690e+03 1.979175276338649185e-24
4.324211637865858393e+03 2.016263405426642730e-24
4.354215748845361304e+03 2.054133604722734455e-24
4.384428047293712552e+03 2.092803540344716168e-24
4.414849977747045159e+03 2.132291494056291688e-24
4.445482994764578507e+03 2.172616377148773959e-24
4.476328562998200141e+03 2.213799405717526520e-24
4.507388157262457753e+03 2.255859241353554173e-24
4.538663262605111413e+03 2.298816786536951200e-24
4.570155374378115084e+03 2.342693534460419750e-24
4.601865998309110182e+03 2.387511835762145454e-24
4.633796650573441184e+03 2.433294784360106219e-24
4.665948857866618710e+03 2.480066238141324180e-24
4.698324157477344670e+03 2.527850810415529904e-24
4.730924097361000349e+03 2.576673930792605322e-24
4.763750236213644712e+03 2.626561806717336862e-24
4.796804143546572959e+03 2.677541454911010836e-24
4.830087399761322558e+03 2.729640699834079157e-24
4.863601596225267713e+03 2.782888170350743342e-24
4.897348335347696775e+03 2.837313294159565499e-24
4.931329230656409891e+03 2.892946281661786498e-24
4.965545906874899629e+03 2.949818101352105622e-24
4.999999999999999091e+03 3.007960446537035005e-24
