3.000000000000000000e+00 9.720924821671600355e-18
3.023379074186677951e+00 9.571346713150394248e-18
3.046940342076630781e+00 9.472316403621754456e-18
3.070685223509894257e+00 9.429164500152244244e-18
3.094615149391351849e+00 9.449770671242130579e-18
3.118731561776963979e+00 9.545705471515856265e-18
3.143035913960669614e+00 9.734105018554797680e-18
3.167529670561962885e+00 1.004088315329795696e-17
3.192214307614152702e+00 1.050653368167322599e-17
3.217091312653314272e+00 1.119732497563089703e-17
3.242162184807927616e+00 1.222878995247257669e-17
3.267428434889215527e+00 1.382077700520353157e-17
3.292891585482193850e+00 1.644778085399447867e-17
3.318553171037419425e+00 2.135489054153207481e-17
3.344414737963458339e+00 3.318380120649429368e-17
3.370477844720079830e+00 9.632897958228761509e-17
3.396744061912168711e+00 7.806258375350777709e-17
3.423214972384368782e+00 2.509191230874379410e-17
3.449892171316475409e+00 1.404376655980718844e-17
3.476777266319557746e+00 9.313468786973722675e-18
3.503871877532837242e+00 6.715757761003240236e-18
3.531177637721321538e+00 5.091394194054311853e-18
3.558696192374196876e+00 3.991155466200589833e-18
3.586429199803984336e+00 3.204557264212937310e-18
3.614378331246479004e+00 2.619977770234100799e-18
3.642545270961456083e+00 2.172857185301027706e-18
3.670931716334169703e+00 1.823500991096431892e-18
3.699539377977637766e+00 1.546729682111199165e-18
3.728369979835728820e+00 1.327694569426709050e-18
3.757425259287050068e+00 1.167025078610409402e-18
3.786706967249639177e+00 1.195755348136456839e-18
3.816216868286484765e+00 1.865025025915131351e-18
3.845956740711859112e+00 8.106736422401595164e-19
3.875928376698477340e+00 6.664856646372583138e-19
3.906133582385504788e+00 5.747448127782743378e-19
3.936574177987393064e+00 5.020578042716692288e-19
3.967251997903568306e+00 4.412814728282247949e-19
3.998168890828979194e+00 3.894260767628333520e-19
4.029326719865498063e+00 3.447219122702801842e-19
4.060727362634198201e+00 3.059286648728759275e-19
4.092372711388496676e+00 2.721026481833244088e-19
4.124264673128191561e+00 2.424945329392948634e-19
4.156405169714378012e+00 2.164945490160114722e-19
4.188796137985258738e+00 1.935986920364035589e-19
4.221439529872867524e+00 1.733858186488533345e-19
4.254337312520692471e+00 1.555011284652035154e-19
4.287491468402215844e+00 1.396437523939011728e-19
4.320903995440390055e+00 1.255571614707666453e-19
4.354576907128027585e+00 1.130216059950314810e-19
4.388512232649141254e+00 1.018480660589063777e-19
4.422712017001222407e+00 9.187335515572988909e-20
4.457178321118484554e+00 8.295611992929067426e-20
4.491913221996044037e+00 7.497354648573417784e-20
4.526918812815098114e+00 6.781863028503306885e-20
4.562197203069056073e+00 6.139789989579449221e-20
4.597750518690657096e+00 5.562950924640345631e-20
4.633580902180091776e+00 5.044163118525181756e-20
4.669690512734105958e+00 4.577109895673681317e-20
4.706081526376117985e+00 4.156225280630260579e-20
4.742756136087351138e+00 3.776595717563128571e-20
4.779716551938987479e+00 3.433876042474862402e-20
4.816965001225343990e+00 3.124217414508193954e-20
4.854503728598102974e+00 2.844205321737775540e-20
4.892334996201570085e+00 2.590806105271620588e-20
4.930461083808994616e+00 2.361320710822574492e-20
4.968884288959960038e+00 2.153344592469465443e-20
5.007606927098831484e+00 1.964732869340869686e-20
5.046631331714285906e+00 1.793569980361661322e-20
5.085959854479939146e+00 1.638143201202655831e-20
5.125594865396055688e+00 1.496919486046119375e-20
5.165538752932373079e+00 1.368525178582882664e-20
5.205793924172026799e+00 1.251728204863119410e-20
5.246362804956618220e+00 1.145422417691100738e-20
5.287247840032386570e+00 1.048613810162051978e-20
5.328451493197543520e+00 9.604083562814647435e-21
5.369976247450735762e+00 8.800012706835045514e-21
5.411824605140684419e+00 8.066675083279834687e-21
5.453999088116976424e+00 7.397533495710844202e-21
5.496502237882029185e+00 6.786689368821456239e-21
5.539336615744256065e+00 6.228816473007082642e-21
5.582504802972412250e+00 5.719101999803038351e-21
5.626009400951136996e+00 5.253194112465036939e-21
5.669853031337731331e+00 4.827155208410246623e-21
5.714038336220133019e+00 4.437420227106233516e-21
5.758567978276136756e+00 4.080759420596733789e-21
5.803444640933850707e+00 3.754245076159593260e-21
5.848671028533408034e+00 3.455221743247995322e-21
5.894249866489925438e+00 3.181279571244681142e-21
5.940183901457753102e+00 2.930230411849308168e-21
5.986475901495984075e+00 2.700086381104948697e-21
6.033128656235260401e+00 2.489040612004689621e-21
6.080144977045891963e+00 2.295449960013876619e-21
6.127527697207263202e+00 2.117819451318219036e-21
6.175279672078572979e+00 1.954788287684441332e-21
6.223403779270908487e+00 1.805117242949763726e-21
6.271902918820651429e+00 1.667677304733107026e-21
6.320780013364233341e+00 1.541439431277983446e-21
6.370038008314270250e+00 1.425465307766166107e-21
6.419679872037050039e+00 1.318898999110457902e-21
6.469708596031408021e+00 1.220959407484404947e-21
6.520127195109008511e+00 1.130933452741238257e-21
6.570938707576019056e+00 1.048169902691002085e-21
6.622146195416195980e+00 9.720737879816356141e-22
6.673752744475415000e+00 9.021013432696973755e-22
6.725761464647628252e+00 8.377554225118499865e-22
6.778175490062257502e+00 7.785813417146788249e-22
6.830997979273086607e+00 7.241631073772031919e-22
6.884232115448578604e+00 6.741199932614056681e-22
6.937881106563702716e+00 6.281034320595186128e-22
6.991948185593272136e+00 5.857941920985669320e-22
7.046436610706736658e+00 5.468998124189244384e-22
7.101349665464545602e+00 5.111522724987718099e-22
7.156690659016025080e+00 4.783058755442466446e-22
7.212462926298772281e+00 4.481353267190715042e-22
7.268669828239636921e+00 4.204339899151162930e-22
7.325314751957265003e+00 3.950123087523927800e-22
7.382401110966188895e+00 3.716963794158864273e-22
7.439932345382551659e+00 3.503266647293183440e-22
7.497911922131407003e+00 3.307568405504189056e-22
7.556343335155633945e+00 3.128527671502853878e-22
7.615230105626504375e+00 2.964915797784337614e-22
7.674575782155860004e+00 2.815608940922928896e-22
7.734383941009959962e+00 2.679581236873308013e-22
7.794658186324999072e+00 2.555899085865231298e-22
7.855402150324295896e+00 2.443716554899701358e-22
7.916619493537168317e+00 2.342271928773540057e-22
7.978313905019535746e+00 2.250885471116641856e-22
8.040489102576222180e+00 2.168958497276867689e-22
8.103148832984988559e+00 2.095973917419428196e-22
8.166296872222336134e+00 2.031498486690269766e-22
8.229937025691045349e+00 1.975187112089575326e-22
8.294073128449483079e+00 1.926789727102355546e-22
8.358709045442731522e+00 1.886161480735934650e-22
8.423848671735486349e+00 1.853277335870320879e-22
8.489495932746768503e+00 1.828252695880056774e-22
8.555654784486495856e+00 1.811372482488058782e-22
8.622329213793868519e+00 1.803132351615779886e-22
8.689523238577617548e+00 1.804297770249188593e-22
8.757240908058138373e+00 1.815990055150920718e-22
8.825486303011505385e+00 1.839814258258475033e-22
8.894263536015376559e+00 1.878054049912932923e-22
8.963576751696830769e+00 1.933977733208129857e-22
9.033430126982132435e+00 2.012336305457098693e-22
9.103827871348423528e+00 2.120209784862593257e-22
9.174774227077424626e+00 2.268522562432884215e-22
9.246273469511047338e+00 2.474937649219656843e-22
9.318329907309045979e+00 2.769854743995925748e-22
9.390947882708687189e+00 3.210240269637978533e-22
9.464131771786378877e+00 3.916539143422030571e-22
9.537885984721404142e+00 5.194929561237625437e-22
9.612214966061698007e+00 8.119445989258074356e-22
9.687123194991649200e+00 2.098329327750822389e-21
9.762615185602044221e+00 2.984825122106313585e-21
9.838695487162103959e+00 8.358811483712202577e-22
9.915368684393603971e+00 4.763879316662393202e-22
9.992639397747167251e+00 3.295785077528135780e-22
1.007051228368071882e+01 2.505120988052027258e-22
1.014899203494005953e+01 2.015113885657116991e-22
1.022808338084167801e+01 1.684266728376202213e-22
1.030779108755775475e+01 1.447516219149186935e-22
1.038811995840335101e+01 1.270772672505046846e-22
1.046907483412588746e+01 1.134461198932701692e-22
1.055066059319685934e+01 1.026552788020301859e-22
1.063288215210579679e+01 9.392603722672372508e-23
1.071574446565655414e+01 8.673316664712778792e-23
1.079925252726591012e+01 8.071050099866336072e-23
1.088341136926445074e+01 7.559575695266198939e-23
1.096822606319983606e+01 7.119677779707306035e-23
1.105370172014243657e+01 6.737007556377027814e-23
1.113984349099330551e+01 6.400673933352239542e-23
1.122665656679461144e+01 6.102291952524216978e-23
1.131414617904242803e+01 5.835324612585986067e-23
1.140231760000200723e+01 5.594618062034357191e-23
1.149117614302551083e+01 5.376067352720106550e-23
1.158072716287217041e+01 5.176372239825610308e-23
1.167097605603098742e+01 4.992856260924954386e-23
1.176192826104595213e+01 4.823331031634058672e-23
1.185358925884374592e+01 4.665993330149771182e-23
1.194596457306404602e+01 4.519346276774611894e-23
1.203905977039241115e+01 4.382138428530662588e-23
1.213288046089569505e+01 4.253316338236406252e-23
1.222743229836014933e+01 4.131987328026829751e-23
1.232272098063213228e+01 4.017390081709341797e-23
1.241875224996144311e+01 3.908871266590974338e-23
1.251553189334737759e+01 3.805866841042293209e-23
1.261306574288748017e+01 3.707887023952938606e-23
1.271135967612895179e+01 3.614504146460334960e-23
1.281041961642286786e+01 3.525342781932770020e-23
1.291025153328114428e+01 3.440071687244880230e-23
1.301086144273622835e+01 3.358397191848689716e-23
1.311225540770366216e+01 3.280057746052251380e-23
1.321443953834745422e+01 3.204819405946329116e-23
1.331741999244825436e+01 3.132472074046732652e-23
1.342120297577444710e+01 3.062826354894476674e-23
1.352579474245614577e+01 2.995710912196413362e-23
1.363120159536203424e+01 2.930970235878510303e-23
1.373742988647920527e+01 2.868462746953380256e-23
1.384448601729596717e+01 2.808059181039204049e-23
1.395237643918756554e+01 2.749641202495988452e-23
1.406110765380496730e+01 2.693100211310740767e-23
1.417068621346669133e+01 2.638336310289392758e-23
1.428111872155361617e+01 2.585257407825820793e-23
1.439241183290693016e+01 2.533778434018678424e-23
1.450457225422918128e+01 2.483820654022899098e-23
1.461760674448840014e+01 2.435311063598327252e-23
1.473152211532542033e+01 2.388181854537841883e-23
1.484632523146438210e+01 2.342369941368174292e-23
1.496202301112636057e+01 2.297816539620084417e-23
1.507862242644633000e+01 2.254466790173063562e-23
1.519613050389326148e+01 2.212269422431331036e-23
1.531455432469357625e+01 2.171176452338349775e-23
1.543390102525788343e+01 2.131142910906318085e-23
1.555417779761100050e+01 2.092126598978859353e-23
1.567539188982537013e+01 2.054087865900656683e-23
1.579755060645786280e+01 2.016989409442212096e-23
1.592066130898992427e+01 1.980796093835339645e-23
1.604473141627120114e+01 1.945474784780317241e-23
1.616976840496664281e+01 1.910994199288151001e-23
1.629577981000701570e+01 1.877324768874907000e-23
1.642277322504298454e+01 1.844438514748624759e-23
1.655075630290274091e+01 1.812308933803265595e-23
1.667973675605313844e+01 1.780910894389484342e-23
1.680972235706447293e+01 1.750220540724253941e-23
1.694072093907889709e+01 1.720215205493841699e-23
1.707274039628241269e+01 1.690873329562540170e-23
1.720578868438059672e+01 1.662174388237959039e-23
1.733987382107807917e+01 1.634098823435681767e-23
1.747500388656161974e+01 1.606627981184374378e-23
1.761118702398708180e+01 1.579744054374044284e-23
1.774843143997016526e+01 1.553430029474972663e-23
1.788674540508091226e+01 1.527669637796692853e-23
1.802613725434210679e+01 1.502447310215872258e-23
1.816661538773160700e+01 1.477748135312360861e-23
1.830818827068848265e+01 1.453557820736039534e-23
1.845086443462317405e+01 1.429862657440940332e-23
1.859465247743164085e+01 1.406649486103379755e-23
1.873956106401342936e+01 1.383905666596805201e-23
1.888559892679387175e+01 1.361619049131640119e-23
1.903277486625032822e+01 1.339777947560069732e-23
1.918109775144246498e+01 1.318371114514875512e-23
1.933057652054675302e+01 1.297387718364705088e-23
1.948122018139512690e+01 1.276817321457787554e-23
1.963303781201774356e+01 1.256649860074682238e-23
1.978603856119007531e+01 1.236875625390388616e-23
1.994023164898425549e+01 1.217485246080195229e-23
2.009562636732463758e+01 1.198469671658834158e-23
2.025223208054777757e+01 1.179820156894516648e-23
2.041005822596676111e+01 1.161528247481013049e-23
2.056911431443985094e+01 1.143585766314153880e-23
2.072940993094369944e+01 1.125984800598137777e-23
2.089095473515089907e+01 1.108717689851806879e-23
2.105375846201209811e+01 1.091777014611776720e-23
2.121783092234269219e+01 1.075155585556212945e-23
2.138318200341397457e+01 1.058846433628699092e-23
2.154982166954898304e+01 1.042842800341550034e-23
2.171775996272300446e+01 1.027138128807470558e-23
2.188700700316866232e+01 1.011726055315697027e-23
2.205757298998579330e+01 9.966004012169160062e-24
2.222946820175610938e+01 9.817551653115767291e-24
2.240270299716252822e+01 9.671845166235489775e-24
2.257728781561344533e+01 9.528827876313926879e-24
2.275323317787184862e+01 9.388444676455021432e-24
2.293054968668926463e+01 9.250641967663528589e-24
2.310924802744472473e+01 9.115367599633274470e-24
2.328933896878871934e+01 8.982570815383876035e-24
2.347083336329205494e+01 8.852202198546293489e-24
2.365374214809989795e+01 8.724213621927405760e-24
2.383807634559089195e+01 8.598558201364213572e-24
2.402384706404131620e+01 8.475190248745284129e-24
2.421106549829451282e+01 8.354065228816364832e-24
2.439974293043556486e+01 8.235139717631997663e-24
2.458989073047107254e+01 8.118371363259805390e-24
2.478152035701439360e+01 8.003718847736403015e-24
2.497464335797616286e+01 7.891141851067739281e-24
2.516927137126014813e+01 7.780601016817820512e-24
2.536541612546457714e+01 7.672057919033419053e-24
2.556308944058897836e+01 7.565475030597884552e-24
2.576230322874638290e+01 7.460815693770136060e-24
2.596306949488122484e+01 7.358044090370532693e-24
2.616540033749279459e+01 7.257125215198241437e-24
2.636930794936425215e+01 7.158024848743910798e-24
2.657480461829742424e+01 7.060709532369345617e-24
2.678190272785330706e+01 6.965146543810478102e-24
2.699061475809826760e+01 6.871303874216942138e-24
2.720095328635613185e+01 6.779150205320262838e-24
2.741293098796615979e+01 6.688654888517496509e-24
2.762656063704679710e+01 6.599787924111694051e-24
2.784185510726555535e+01 6.512519941490325102e-24
2.805882737261472570e+01 6.426822180502813672e-24
2.827749050819322818e+01 6.342666473058387880e-24
2.849785769099460708e+01 6.260025225366361587e-24
2.871994220070099502e+01 6.178871402096054149e-24
2.894375742048341138e+01 6.099178508949157288e-24
2.916931683780831364e+01 6.020920578140065607e-24
2.939663404525025925e+01 5.944072152998496327e-24
2.962572274131109040e+01 5.868608273693058969e-24
2.985659673124544611e+01 5.794504463443547095e-24
3.008926992789260524e+01 5.721736715182761869e-24
3.032375635251500157e+01 5.650281478715793803e-24
3.056007013564306618e+01 5.580115648530329276e-24
3.079822551792681296e+01 5.511216551699569107e-24
3.103823685099403207e+01 5.443561936505092610e-24
3.128011859831505959e+01 5.377129961563373946e-24
3.152388533607441090e+01 5.311899184997256004e-24
3.176955175404921761e+01 5.247848554350154500e-24
3.201713265649436124e+01 5.184957396553808057e-24
3.226664296303464141e+01 5.123205408507561579e-24
3.251809770956392498e+01 5.062572647968736130e-24
3.277151204915110583e+01 5.003039524433840241e-24
3.302690125295332990e+01 4.944586790921832806e-24
3.328428071113629017e+01 4.887195535407848325e-24
3.354366593380158434e+01 4.830847173374392627e-24
3.380507255192139837e+01 4.775523439463314068e-24
3.406851631828053684e+01 4.721206380558547516e-24
3.433401310842558019e+01 4.667878348582234602e-24
3.460157892162165183e+01 4.615521993423518359e-24
3.487122988181658201e+01 4.564120256430953592e-24
3.514298223861248260e+01 4.513656363902794756e-24
3.541685236824501004e+01 4.464113820912005111e-24
3.569285677457028783e+01 4.415476405399733361e-24
3.597101209005933953e+01 4.367728162104176999e-24
3.625133507680045142e+01 4.320853397378787214e-24
3.653384262750932976e+01 4.274836673355395773e-24
3.681855176654698880e+01 4.229662803244708358e-24
3.710547965094568923e+01 4.185316845685960362e-24
3.739464357144293416e+01 4.141784100392785163e-24
3.768606095352331664e+01 4.099050103150839137e-24
3.797974935846865918e+01 4.057100621402096803e-24
3.827572648441636005e+01 4.015921649762341891e-24
3.857401016742574740e+01 3.975499405779382014e-24
3.887461838255303803e+01 3.935820325883917319e-24
3.917756924493453852e+01 3.896871061388089392e-24
3.948288101087822355e+01 3.858638474524494350e-24
3.979057207896390480e+01 3.821109634837198452e-24
4.010066099115206129e+01 3.784271815553765807e-24
4.041316643390103280e+01 3.748112490096848840e-24
4.072810723929327992e+01 3.712619328627215170e-24
4.104550238617008517e+01 3.677780194848823751e-24
4.136537100127531374e+01 3.643583142774510211e-24
4.168773236040807717e+01 3.610016413688946582e-24
4.201260588958419362e+01 3.577068433084652831e-24
4.234001116620692784e+01 3.544727807875276644e-24
4.266996792024676921e+01 3.512983323523425795e-24
4.300249603543031185e+01 3.481823941246310158e-24
4.333761555043851388e+01 3.451238795428289830e-24
4.367534666011432876e+01 3.421217191078204437e-24
4.401570971667955945e+01 3.391748601175339056e-24
4.435872523096138309e+01 3.362822664354241802e-24
4.470441387362842534e+01 3.334429182523404437e-24
4.505279647643626362e+01 3.306558118440678534e-24
4.540389403348287800e+01 3.279199593560384760e-24
4.575772770247383647e+01 3.252343885744514805e-24
4.611431880599715782e+01 3.225981427239888905e-24
4.647368883280831398e+01 3.200102802418303222e-24
4.683585943912525096e+01 3.174698745881472785e-24
4.720085244993330065e+01 3.149760140313754860e-24
4.756868986030042379e+01 3.125278014629446056e-24
4.793939383670277010e+01 3.101243542022893974e-24
4.831298671836032099e+01 3.077648038093788688e-24
4.868949101858314776e+01 3.054482958994766591e-24
4.906892942612816455e+01 3.031739899628630742e-24
4.945132480656627649e+01 3.009410591937044524e-24
4.983670020366032816e+01 2.987486903085515462e-24
5.022507884075386642e+01 2.965960833831692624e-24
5.061648412217044779e+01 2.944824516842640207e-24
5.101093963462410130e+01 2.924070215011235020e-24
5.140846914864078343e+01 2.903690319935463239e-24
5.180909661999065463e+01 2.883677350219227895e-24
5.221284619113180980e+01 2.864023950041946367e-24
5.261974219266517139e+01 2.844722887522646854e-24
5.302980914480057351e+01 2.825767053275801197e-24
5.344307175883443506e+01 2.807149458929639967e-24
5.385955493863902177e+01 2.788863235619284785e-24
5.427928378216299166e+01 2.770901632602711723e-24
5.470228358294394866e+01 2.753258015820822150e-24
5.512857983163273445e+01 2.735925866508449225e-24
5.555819821752935184e+01 2.718898779828553577e-24
5.599116463013128708e+01 2.702170463489744236e-24
5.642750516069339994e+01 2.685734736453411910e-24
5.686724610380037603e+01 2.669585527592057565e-24
5.731041395895132240e+01 2.653716874378363862e-24
5.775703543215650626e+01 2.638122921643186926e-24
5.820713743754681246e+01 2.622797920270982065e-24
5.866074709899567097e+01 2.607736225960394116e-24
5.911789175175346145e+01 2.592932298025273777e-24
5.957859894409484980e+01 2.578380698112827471e-24
6.004289643897896411e+01 2.564076089056816072e-24
6.051081221572227520e+01 2.550013233643278126e-24
6.098237447168475001e+01 2.536186993474227216e-24
6.145761162396918564e+01 2.522592327764590431e-24
6.193655231113346105e+01 2.509224292203003728e-24
6.241922539491645239e+01 2.496078037816938631e-24
6.290565996197736354e+01 2.483148809807568755e-24
6.339588532564837209e+01 2.470431946465506309e-24
6.388993102770116650e+01 2.457922878042627270e-24
6.438782684012728907e+01 2.445617125615394061e-24
6.488960276693207163e+01 2.433510300023748552e-24
6.539528904594276071e+01 2.421598100768776073e-24
6.590491615063088204e+01 2.409876314899118470e-24
6.641851479194833985e+01 2.398340815958951849e-24
6.693611592017829537e+01 2.386987562899186764e-24
6.745775072680027051e+01 2.375812598994310421e-24
6.798345064636970392e+01 2.364812050778911428e-24
6.851324735841228630e+01 2.353982126977594593e-24
6.904717278933314617e+01 2.343319117441409798e-24
6.958525911434054478e+01 2.332819392074195871e-24
7.012753875938497572e+01 2.322479399763310509e-24
7.067404440311324265e+01 2.312295667329390369e-24
7.122480897883757223e+01 2.302264798451965019e-24
7.177986567652027361e+01 2.292383472602025422e-24
7.233924794477398734e+01 2.282648443972314156e-24
7.290298949287712560e+01 2.273056540414521663e-24
7.347112429280528545e+01 2.263604662372081383e-24
7.404368658127866354e+01 2.254289781801701068e-24
7.462071086182491797e+01 2.245108941097566518e-24
7.520223190685867110e+01 2.236059252021817311e-24
7.578828475977674373e+01 2.227137894630898018e-24
7.637890473707000183e+01 2.218342116182274988e-24
7.697412743045173045e+01 2.209669230069796254e-24
7.757398870900217958e+01 2.201116614727748034e-24
7.817852472133024833e+01 2.192681712557802504e-24
7.878777189775192369e+01 2.184362028839692326e-24
7.940176695248545968e+01 2.176155130643140755e-24
8.002054688586392217e+01 2.168058645749880048e-24
8.064414898656497144e+01 2.160070261565746511e-24
8.127261083385778306e+01 2.152187724027463399e-24
8.190597029986767552e+01 2.144408836535231071e-24
8.254426555185850134e+01 2.136731458863483065e-24
8.318753505453241814e+01 2.129153506075990407e-24
8.383581757234797749e+01 2.121672947464058866e-24
8.448915217185621884e+01 2.114287805463056708e-24
8.514757822405468346e+01 2.106996154589252427e-24
8.581113540676001605e+01 2.099796120374943958e-24
8.647986370699926795e+01 2.092685878319067326e-24
8.715380342341917697e+01 2.085663652826664533e-24
8.783299516871490198e+01 2.078727716170690259e-24
8.851747987207740209e+01 2.071876387457551483e-24
8.920729878165977311e+01 2.065108031598386096e-24
8.990249346706292499e+01 2.058421058292667297e-24
9.060310582184085604e+01 2.051813921018919006e-24
9.130917806602495546e+01 2.045285116039825196e-24
9.202075274866830057e+01 2.038833181413615267e-24
9.273787275041000555e+01 2.032456696019597599e-24
9.346058128605885429e+01 2.026154278599605252e-24
9.418892190719775215e+01 2.019924586804029406e-24
9.492293850480828610e+01 2.013766316260103067e-24
9.566267531191542162e+01 2.007678199647041212e-24
9.640817690625316061e+01 2.001659005789571185e-24
9.715948821295106086e+01 1.995707538764524653e-24
9.791665450724114805e+01 1.989822637024520536e-24
9.867972141718647094e+01 1.984003172532364392e-24
9.944873492643085910e+01 1.978248049917729297e-24
1.002237413769696843e+02 1.972556205644836056e-24
1.010047874719425067e+02 1.966926607198533563e-24
1.017919202784478472e+02 1.961358252286560949e-24
1.025851872303792192e+02 1.955850168058073061e-24
1.033846361312837132e+02 1.950401410340548464e-24
1.041903151572423241e+02 1.945011062890154291e-24
1.050022728597737967e+02 1.939678236663507286e-24
1.058205581687600016e+02 1.934402069102911524e-24
1.066452203953943325e+02 1.929181723440229189e-24
1.074763092351537921e+02 1.924016388016929458e-24
1.083138747707935323e+02 1.918905275622511097e-24
1.091579674753644582e+02 1.913847622848792026e-24
1.100086382152555871e+02 1.908842689459525862e-24
1.108659382532589319e+02 1.903889757780085251e-24
1.117299192516584156e+02 1.898988132100213393e-24
1.126006332753437249e+02 1.894137138095320092e-24
1.134781327949475127e+02 1.889336122262987232e-24
1.143624706900070578e+02 1.884584451375856606e-24
1.152537002521514893e+02 1.879881511949560395e-24
1.161518751883129568e+02 1.875226709727309879e-24
1.170570496239626834e+02 1.870619469177428534e-24
1.179692781063733946e+02 1.866059233009589828e-24
1.188886156079060470e+02 1.861545461702652725e-24
1.198151175293222082e+02 1.857077633047413859e-24
1.207488397031233518e+02 1.852655241704808995e-24
1.216898383969149506e+02 1.848277798777163592e-24
1.226381703167970159e+02 1.843944831392924443e-24
1.235938926107819071e+02 1.839655882304944766e-24
1.245570628722379070e+02 1.835410509502154868e-24
1.255277391433594403e+02 1.831208285832728781e-24
1.265059799186655596e+02 1.827048798641036505e-24
1.274918441485245921e+02 1.822931649415434307e-24
1.284853912427061289e+02 1.818856453449139743e-24
1.294866810739619325e+02 1.814822839511291610e-24
1.304957739816336186e+02 1.810830449529754175e-24
1.315127307752884178e+02 1.806878938285373674e-24
1.325376127383843823e+02 1.802967973115618913e-24
1.335704816319631050e+02 1.799097233629076471e-24
1.346113996983710308e+02 1.795266411430481266e-24
1.356604296650112076e+02 1.791475209854615117e-24
1.367176347481229470e+02 1.787723343709919678e-24
1.377830786565907033e+02 1.784010539031338830e-24
1.388568255957844144e+02 1.780336532841696266e-24
1.399389402714279811e+02 1.776701072922726089e-24
1.410294878934981853e+02 1.773103917592869483e-24
1.421285341801552420e+02 1.769544835494253097e-24
1.432361453617025404e+02 1.766023605387293444e-24
1.443523881845774781e+02 1.762540015952838799e-24
1.454773299153745256e+02 1.759093865601496298e-24
1.466110383448984180e+02 1.755684962290403592e-24
1.477535817922487809e+02 1.752313123346469766e-24
1.489050291089381517e+02 1.748978175297043534e-24
1.500654496830406970e+02 1.745679953705956396e-24
1.512349134433729603e+02 1.742418303016869276e-24
1.524134908637090291e+02 1.739193076401929833e-24
1.536012529670268520e+02 1.736004135616741800e-24
1.547982713297877240e+02 1.732851350860672176e-24
1.560046180862505310e+02 1.729734600642786467e-24
1.572203659328182255e+02 1.726653771653137923e-24
1.584455881324181519e+02 1.723608758638939501e-24
1.596803585189179557e+02 1.720599464285916077e-24
1.609247515015744341e+02 1.717625799104258346e-24
1.621788420695170316e+02 1.714687681319338221e-24
1.634427057962678873e+02 1.711785036766863548e-24
1.647164188442954185e+02 1.708917798792030243e-24
1.660000579696035743e+02 1.706085908153320940e-24
1.672937005263582364e+02 1.703289312930063741e-24
1.685974244715482087e+02 1.700527968433878927e-24
1.699113083696825299e+02 1.697801837123845730e-24
1.712354313975259004e+02 1.695110888525363104e-24
1.725698733488695211e+02 1.692455099152506852e-24
1.739147146393390528e+02 1.689834452433718549e-24
1.752700363112416539e+02 1.687248938640709801e-24
1.766359200384491714e+02 1.684698554820583331e-24
1.780124481313194451e+02 1.682183304730883974e-24
1.793997035416574590e+02 1.679703198777674368e-24
1.807977698677136971e+02 1.677258253956334489e-24
1.822067313592213509e+02 1.674848493795114780e-24
1.836266729224743983e+02 1.672473948301278303e-24
1.850576801254436248e+02 1.670134653909696743e-24
1.864998392029326340e+02 1.667830653434049755e-24
1.879532370617755248e+02 1.665561996020091354e-24
1.894179612860732789e+02 1.663328737101405406e-24
1.908941001424721833e+02 1.661130938357085263e-24
1.923817425854821010e+02 1.658968667671687237e-24
1.938809782628381413e+02 1.656841999096984062e-24
1.953918975209024325e+02 1.654751012815730642e-24
1.969145914101080166e+02 1.652695795107251271e-24
1.984491516904466835e+02 1.650676438314698078e-24
1.999956708369982152e+02 1.648693040814068850e-24
2.015542420455023489e+02 1.646745706984792856e-24
2.031249592379760713e+02 1.644834547181820206e-24
2.047079170683730354e+02 1.642959677709156515e-24
2.063032109282868873e+02 1.641121220794904031e-24
2.079109369527008937e+02 1.639319304567422981e-24
2.095311920257806548e+02 1.637554063033000665e-24
2.111640737867118389e+02 1.635825636054423482e-24
2.128096806355852948e+02 1.634134169330956057e-24
2.144681117393262753e+02 1.632479814379177925e-24
2.161394670376696752e+02 1.630862728514999025e-24
2.178238472491838138e+02 1.629283074836414822e-24
2.195213538773393793e+02 1.627741022207355021e-24
2.212320892166253827e+02 1.626236745242261079e-24
2.229561563587150204e+02 1.624770424291387383e-24
2.246936591986774658e+02 1.623342245426981108e-24
2.264447024412380358e+02 1.621952400429941647e-24
2.282093916070892590e+02 1.620601086777220224e-24
2.299878330392489829e+02 1.619288507629722406e-24
2.317801339094681907e+02 1.618014871820707814e-24
2.335864022246906018e+02 1.616780393844689775e-24
2.354067468335608453e+02 1.615585293846685437e-24
2.372412774329828551e+02 1.614429797611851022e-24
2.390901045747320666e+02 1.613314136555412250e-24
2.409533396721166127e+02 1.612238547712901310e-24
2.428310950066905889e+02 1.611203273730450949e-24
2.447234837350216878e+02 1.610208562855525146e-24
2.466306198955096249e+02 1.609254668927480077e-24
2.485526184152573421e+02 1.608341851368388097e-24
2.504895951169983448e+02 1.607470375173853823e-24
2.524416667260755673e+02 1.606640510903784665e-24
2.544089508774746662e+02 1.605852534673130136e-24
2.563915661229143552e+02 1.605106728142605915e-24
2.583896319379898614e+02 1.604403378509124957e-24
2.604032687293719732e+02 1.603742778496237048e-24
2.624325978420643537e+02 1.603125226344282390e-24
2.644777415667152241e+02 1.602551025800245797e-24
2.665388231469862035e+02 1.602020486107486180e-24
2.686159667869804935e+02 1.601533921995039182e-24
2.707092976587269959e+02 1.601091653666574145e-24
2.728189419097225255e+02 1.600694006789122951e-24
2.749450266705351851e+02 1.600341312481204229e-24
2.770876800624648695e+02 1.600033907300701065e-24
2.792470312052630561e+02 1.599772133232185134e-24
2.814232102249154082e+02 1.599556337673774489e-24
2.836163482614826989e+02 1.599386873423554764e-24
2.858265774770025587e+02 1.599264098665413736e-24
2.880540310634554544e+02 1.599188376954368026e-24
2.902988432507903553e+02 1.599160077201350373e-24
2.925611493150125284e+02 1.599179573657396658e-24
2.948410855863375559e+02 1.599247245897335740e-24
2.971387894574056077e+02 1.599363478802842315e-24
2.994543993915602869e+02 1.599528662544891193e-24
3.017880549311942673e+02 1.599743192565701523e-24
3.041398967061576855e+02 1.600007469560090147e-24
3.065100664422314480e+02 1.600321899456211305e-24
3.088987069696701724e+02 1.600686893395808701e-24
3.113059622318079391e+02 1.601102867713964857e-24
3.137319772937320295e+02 1.601570243918270064e-24
3.161768983510263524e+02 1.602089448667645122e-24
3.186408727385806401e+02 1.602660913750669630e-24
3.211240489394681958e+02 1.603285076063643217e-24
3.236265765938954928e+02 1.603962377588270443e-24
3.261486065082187338e+02 1.604693265369271295e-24
3.286902906640310107e+02 1.605478191491775521e-24
3.312517822273226216e+02 1.606317613058829540e-24
3.338332355577101112e+02 1.607211992169031380e-24
3.364348062177374459e+02 1.608161795894496952e-24
3.390566509822522789e+02 1.609167496259407646e-24
3.416989278478527012e+02 1.610229570219232919e-24
3.443617960424069793e+02 1.611348499641096047e-24
3.470454160346512253e+02 1.612524771285533027e-24
3.497499495438582926e+02 1.613758876789950797e-24
3.524755595495823854e+02 1.615051312654482552e-24
3.552224103014823982e+02 1.616402580230614100e-24
3.579906673292189225e+02 1.617813185713448741e-24
3.607804974524281647e+02 1.619283640138269500e-24
3.635920687907769207e+02 1.620814459382734726e-24
3.664255507740929261e+02 1.622406164175635713e-24
3.692811141525733660e+02 1.624059280114024935e-24
3.721589310070772285e+02 1.625774337690571452e-24
3.750591747594938852e+02 1.627551872333536355e-24
3.779820201831925033e+02 1.629392424462374563e-24
3.809276434135567797e+02 1.631296539562867280e-24
3.838962219585976641e+02 1.633264768286431066e-24
3.868879347096493007e+02 1.635297666579813798e-24
3.899029619521515997e+02 1.637395795853155286e-24
3.929414853765134694e+02 1.639559723196548592e-24
3.960036880890602902e+02 1.641790021658460279e-24
3.990897546230708599e+02 1.644087270603707011e-24
4.021998709498963649e+02 1.646452056174401235e-24
4.053342244901661502e+02 1.648884971885306738e-24
4.084930041250843828e+02 1.651386619396507074e-24
4.116764002078110138e+02 1.653957609521889522e-24
4.148846045749318137e+02 1.656598563555236989e-24
4.181178105580209490e+02 1.659310115028732836e-24
4.213762129952903024e+02 1.662092912067915040e-24
4.246600082433295711e+02 1.664947620581191303e-24
4.279693941889414077e+02 1.667874928634474335e-24
4.313045702610652938e+02 1.670875552537976831e-24
4.346657374427940113e+02 1.673950245451852060e-24
4.380530982834878273e+02 1.677099809774779523e-24
4.414668569109793452e+02 1.680325115343279264e-24
4.449072190438729422e+02 1.683627126787552285e-24
4.483743920039445356e+02 1.687006945733353225e-24
4.518685847286337207e+02 1.690465877870791803e-24
4.553900077836335072e+02 1.694005543252751563e-24
4.589388733755817498e+02 1.697628065055116662e-24
4.625153953648480751e+02 1.701336408121217814e-24
4.661197892784197165e+02 1.705135021157575055e-24
4.697522723228924519e+02 1.709031141014670922e-24
4.734130633975585738e+02 1.713037677043080198e-24
4.771023831075963244e+02 1.717180327674949846e-24
4.808204537773672200e+02 1.721517916302707221e-24
4.845674994638119415e+02 1.726214045817659529e-24
4.883437459699508736e+02 1.731888632742880346e-24
4.921494208584945795e+02 1.742901895803825186e-24
4.959847534655552863e+02 2.391575922707078346e-24
4.998499749144658608e+02 1.756321597542754057e-24
5.037453181297104834e+02 1.749846897246864130e-24
5.076710178509595153e+02 1.752775264611472230e-24
5.116273106472139034e+02 1.756963126556867563e-24
5.156144349310642383e+02 1.761554603698678320e-24
5.196326309730563935e+02 1.766352989081278068e-24
5.236821409161686915e+02 1.771294215631302436e-24
5.277632087904075888e+02 1.776352790346392107e-24
5.318760805275113626e+02 1.781517223946344284e-24
5.360210039757685081e+02 1.786781938293745692e-24
5.401982289149573262e+02 1.792144140820460643e-24
5.444080070713953319e+02 1.797602467219512768e-24
5.486505921331101945e+02 1.803156336300370761e-24
5.529262397651248193e+02 1.808805620464661270e-24
5.572352076248678259e+02 1.814550467201933793e-24
5.615777553776983950e+02 1.820391197538441068e-24
5.659541447125526474e+02 1.826328245817599013e-24
5.703646393577165554e+02 1.832362122695927085e-24
5.748095050967175439e+02 1.838493391691498115e-24
5.792890097843385320e+02 1.844722653914175951e-24
5.838034233627633967e+02 1.851050537883237643e-24
5.883530178778419213e+02 1.857477692592440561e-24
5.929380674954823007e+02 1.864004782696982451e-24
5.975588485181762053e+02 1.870632485116675407e-24
6.022156394016473087e+02 1.877361486602364365e-24
6.069087207716299872e+02 1.884192481969250930e-24
6.116383754407836477e+02 1.891126172799217777e-24
6.164048884257337022e+02 1.898163266478040367e-24
6.212085469642455564e+02 1.905304475474917275e-24
6.260496405325370688e+02 1.912550516799812412e-24
6.309284608627218631e+02 1.919902111592652437e-24
6.358453019603869052e+02 1.927359984811615046e-24
6.408004601223141208e+02 1.934924864996695914e-24
6.457942339543335493e+02 1.942597484091042372e-24
6.508269243893156499e+02 1.950378577307096924e-24
6.558988347053104917e+02 1.958268883027986128e-24
6.610102705438212070e+02 1.966269142736768696e-24
6.661615399282209182e+02 1.974380100967983450e-24
6.713529532823184809e+02 1.982602505277397978e-24
6.765848234490631512e+02 1.990937106226505697e-24
6.818574657093947735e+02 1.999384657379320431e-24
6.871711978012478994e+02 2.007945915309445536e-24
6.925263399386961964e+02 2.016621639615898994e-24
6.979232148312477193e+02 2.025412592946341550e-24
7.033621477032955909e+02 2.034319541026878065e-24
7.088434663137147709e+02 2.043343252697487282e-24
7.143675009756112786e+02 2.052484499952562054e-24
7.199345845762311455e+02 2.061744057986030696e-24
7.255450525970192075e+02 2.071122705240591098e-24
7.311992431338331926e+02 2.080621223460912495e-24
7.368974969173224281e+02 2.090240397750316335e-24
7.426401573334585464e+02 2.099981016630991346e-24
7.484275704442266033e+02 2.109843872107471332e-24
7.542600850084832018e+02 2.119829759733383417e-24
7.601380525029715045e+02 2.129939478681411261e-24
7.660618271434990447e+02 2.140173831816525426e-24
7.720317659062886833e+02 2.150533625772636987e-24
7.780482285494875896e+02 2.161019671032796377e-24
7.841115776348444797e+02 2.171632782013297796e-24
7.902221785495635231e+02 2.182373777152027170e-24
7.963803995283201402e+02 2.193243479001663784e-24
8.025866116754493760e+02 2.204242714328515488e-24
8.088411889873140126e+02 2.215372314218006451e-24
8.151445083748395746e+02 2.226633114188310367e-24
8.214969496862253209e+02 2.238025954313995194e-24
8.278988957298396372e+02 2.249551679362557926e-24
8.343507322972856173e+02 2.261211138947458162e-24
8.408528481866477478e+02 2.273005187703079051e-24
8.474056352259257210e+02 2.284934685489247881e-24
8.540094882966449177e+02 2.297000497636130860e-24
8.606648053576492430e+02 2.309203495245913452e-24
8.673719874690885945e+02 2.321544555575431138e-24
8.741314388165844775e+02 2.334024562536917886e-24
8.809435667355842270e+02 2.346644407375107061e-24
8.878087817359131577e+02 2.359404989614295262e-24
8.947274975265096373e+02 2.372307218430197865e-24
9.017001310403536536e+02 2.385352014711380771e-24
9.087271024595964946e+02 2.398540314280297861e-24
9.158088352408796027e+02 2.411873073145627146e-24
9.229457561408497668e+02 2.425351276484964026e-24
9.301382952418814511e+02 2.438975954875118277e-24
9.373868859779920513e+02 2.452748215589796613e-24
9.446919651609578068e+02 2.466669307950589578e-24
9.520539730066429911e+02 2.480740774231776245e-24
9.594733531615247557e+02 2.494964847612457625e-24
9.669505527294256808e+02 2.509345715570321421e-24
9.744860222984621032e+02 2.523894843110950131e-24
9.820802159681948069e+02 2.538668289522872238e-24
9.897335913769907165e+02 2.554934690671962771e-24
9.974466097296069620e+02 2.568854431465488861e-24
1.005219735824979466e+03 2.583483311736167364e-24
1.013053438084235040e+03 2.598735657690446194e-24
1.020948188578914824e+03 2.614177069593730171e-24
1.028904463059428053e+03 2.629783433824211993e-24
1.036922740983718768e+03 2.645551304596697927e-24
1.045003505546155566e+03 2.661480500007483088e-24
1.053147243706655672e+03 2.677571642000481039e-24
1.061354446220027512e+03 2.693825608964871420e-24
1.069625607665539974e+03 2.710243377918788489e-24
1.077961226476733827e+03 2.726825970616658271e-24
1.086361804971455058e+03 2.743574432842782551e-24
1.094827849382121485e+03 2.760489825763680967e-24
1.103359869886236311e+03 2.777573222107821434e-24
1.111958380637128130e+03 2.794825704427570191e-24
1.120623899794932186e+03 2.812248364313003550e-24
1.129356949557821736e+03 2.829842302060888687e-24
1.138158056193473385e+03 2.847608626569059229e-24
1.147027750070777074e+03 2.865548455345051464e-24
1.155966565691804135e+03 2.883662914573777550e-24
1.164975041724014091e+03 2.901953139215761947e-24
1.174053721032711564e+03 2.920420273121261347e-24
1.183203150713767400e+03 2.939065469152623348e-24
1.192423882126584203e+03 2.957889889310943034e-24
1.201716470927318369e+03 2.976894704865095888e-24
1.211081477102371991e+03 2.996081096482521823e-24
1.220519465002135348e+03 3.015450254361620376e-24
1.230031003374991315e+03 3.035003378366317261e-24
1.239616665401596720e+03 3.054741678163613003e-24
1.249277028729419499e+03 3.074666373365354170e-24
1.259012675507545055e+03 3.094778693675969871e-24
1.268824192421763883e+03 3.115079879048667769e-24
1.278712170729924765e+03 3.135571179853351248e-24
1.288677206297558541e+03 3.156253857061189288e-24
1.298719899633795194e+03 3.177129182452850517e-24
1.308840855927546954e+03 3.198198438860739903e-24
1.319040685083974950e+03 3.219462920461197627e-24
1.329320001761249159e+03 3.240923933141347362e-24
1.339679425407587132e+03 3.262582794980204804e-24
1.350119580298576466e+03 3.284440836909586882e-24
1.360641095574804922e+03 3.306499403666822011e-24
1.371244605279767711e+03 3.328759855238824699e-24
1.381930748398072865e+03 3.351223569169172920e-24
1.392700168893955606e+03 3.373891944460024963e-24
1.403553515750080123e+03 3.396766408604659117e-24
1.414491443006643976e+03 3.419848431241573771e-24
1.425514609800801281e+03 3.443139553190742186e-24
1.436623680406377389e+03 3.466641455877258254e-24
1.447819324273896427e+03 3.490356156158324157e-24
1.459102216070931036e+03 3.514286700010290737e-24
1.470473035722754730e+03 3.538440873692088995e-24
1.481932468453311458e+03 3.562884592362527942e-24
1.493481204826516205e+03 3.587380289445818677e-24
1.505119940787866653e+03 3.612103953818351213e-24
1.516849377706375208e+03 3.637121030400536085e-24
1.528670222416845718e+03 3.662357913765651113e-24
1.540583187262463071e+03 3.687816925968112161e-24
1.552588990137714973e+03 3.713500201137204479e-24
1.564688354531663890e+03 3.739409584384149760e-24
1.576882009571540493e+03 3.765546795605631295e-24
1.589170690066676798e+03 3.791913502090437463e-24
1.601555136552796966e+03 3.818511350599781077e-24
1.614036095336638937e+03 3.845341982685344068e-24
1.626614318540922113e+03 3.872407042596772142e-24
1.639290564149681586e+03 3.899708181659610270e-24
1.652065596053941363e+03 3.927247060856686080e-24
1.664940184097741849e+03 3.955025352442420654e-24
1.677915104124541813e+03 3.983044741011728319e-24
1.690991138023968006e+03 4.011306924250009960e-24
1.704169073778926304e+03 4.039813613492152744e-24
1.717449705513098706e+03 4.068566534166876539e-24
1.730833833538792760e+03 4.097567426174590694e-24
1.744322264405163878e+03 4.126818044232801301e-24
1.757915810946830561e+03 4.156320158216031094e-24
1.771615292332851595e+03 4.186075553516851243e-24
1.785421534116085240e+03 4.216086031459393075e-24
1.799335368282948593e+03 4.246353409809830009e-24
1.813357633303549846e+03 4.276879523453440262e-24
1.827489174182209808e+03 4.307666225357184643e-24
1.841730842508394517e+03 4.338715388033076528e-24
1.856083496508025974e+03 4.370028905916212814e-24
1.870548001095203745e+03 4.401608699507199111e-24
1.885125227924318551e+03 4.433456723160825435e-24
1.899816055442591278e+03 4.465574981102236248e-24
1.914621368943003745e+03 4.497965564257729578e-24
1.929542060617641937e+03 4.530630748618931167e-24
1.944579029611473061e+03 4.563573321989711324e-24
1.959733182076522326e+03 4.596798146606661886e-24
1.975005431226475366e+03 4.630329406466760758e-24
1.990396697391719727e+03 4.663993092901641478e-24
2.005907908074800844e+03 4.698094416449989204e-24
2.021539998006308224e+03 4.732451982870516842e-24
2.037293909201216138e+03 4.767092511930033121e-24
2.053170591015644732e+03 4.802021528724959470e-24
2.069171000204064057e+03 4.837242072236888904e-24
2.085296100976960588e+03 4.872756626535506396e-24
2.101546865058938693e+03 4.908567504634538965e-24
2.117924271747268904e+03 4.944676960557071734e-24
2.134429307970916398e+03 4.981087230458065904e-24
2.151062968350008305e+03 5.017800550266832579e-24
2.167826255255764409e+03 5.054819164201601930e-24
2.184720178870914424e+03 5.092145329298967419e-24
2.201745757250567294e+03 5.129781318049886326e-24
2.218904016383554790e+03 5.167729420085646484e-24
2.236195990254269873e+03 5.205991943383141778e-24
2.253622720904973448e+03 5.244571215253898562e-24
2.271185258498579060e+03 5.283469583299283837e-24
2.288884661381954174e+03 5.322689416504716372e-24
2.306721996149688039e+03 5.362233106703126315e-24
2.324698337708362033e+03 5.402103070802363436e-24
2.342814769341337978e+03 5.442301754560997394e-24
2.361072382774031212e+03 5.482831639655031975e-24
2.379472278239693878e+03 5.523695258348131904e-24
2.398015564545729376e+03 5.564895227932685291e-24
2.416703359140505199e+03 5.606434345856275485e-24
2.435536788180683743e+03 5.648315923673681821e-24
2.454516986599102438e+03 5.690545566219118184e-24
2.473645098173158203e+03 5.733160415481118573e-24
2.492922275593724407e+03 5.775972580711692496e-24
2.512349680534632625e+03 5.819265698856129203e-24
2.531928483722665987e+03 5.862893932466726678e-24
2.551659865008103225e+03 5.906875568346829469e-24
2.571545013435832971e+03 5.951215395612395877e-24
2.591585127317000570e+03 5.995916724395853398e-24
2.611781414301211498e+03 6.040982520167112010e-24
2.632135091449321862e+03 6.086415645279329513e-24
2.652647385306774140e+03 6.132218932603560093e-24
2.673319531977500901e+03 6.178395213457555292e-24
2.694152777198432432e+03 6.224947330003835170e-24
2.715148376414555969e+03 6.271878141546898969e-24
2.736307594854566105e+03 6.319190528231934988e-24
2.757631707607123190e+03 6.366887393677132263e-24
2.779121999697685624e+03 6.414971667397813672e-24
2.800779766165938327e+03 6.463446307769773438e-24
2.822606312143850573e+03 6.512314306633209488e-24
2.844602952934317727e+03 6.561578697840180017e-24
2.866771014090414610e+03 6.611242575637806988e-24
2.889111831495292336e+03 6.661309140790684391e-24
2.911626751442673140e+03 6.711781841912369163e-24
2.934317130717970031e+03 6.762664965870150960e-24
2.957184336680067190e+03 6.813968232057336660e-24
2.980229747343711097e+03 6.865479405565924757e-24
3.003454751462540571e+03 6.917755899386105748e-24
3.026860748612797124e+03 6.970309279371773506e-24
3.050449149277652850e+03 7.023281420260923836e-24
3.074221374932201797e+03 7.076679634226085730e-24
3.098178858129137552e+03 7.130508087683763013e-24
3.122323042585072017e+03 7.184770395674107872e-24
3.146655383267527668e+03 7.239470029454607691e-24
3.171177346482633311e+03 7.294610423203277849e-24
3.195890409963478305e+03 7.350195010982443035e-24
3.220796062959153005e+03 7.406227242424936481e-24
3.245895806324512705e+03 7.462710590901793234e-24
3.271191152610610516e+03 7.519648559187177834e-24
3.296683626155838283e+03 7.577044685312573940e-24
3.322374763177804653e+03 7.634902551530949963e-24
3.348266111865900257e+03 7.693225802516072638e-24
3.374359232474582768e+03 7.752018191061170882e-24
3.400655697417423198e+03 7.811283722269755733e-24
3.427157091361845232e+03 7.871027293405129664e-24
3.453865011324629904e+03 7.931260527635519956e-24
3.480781066768138317e+03 7.991873831205711064e-24
3.507906879697322438e+03 8.053116888500240141e-24
3.535244084757458495e+03 8.114804482835728044e-24
3.562794329332642974e+03 8.176983206626752295e-24
3.590559273645089434e+03 8.239659540929830619e-24
3.618540590855162463e+03 8.302838001893084075e-24
3.646739967162196990e+03 8.366522737101225239e-24
3.675159101906131582e+03 8.430717803659454689e-24
3.703799707669903000e+03 8.495427245274385703e-24
3.732663510382638378e+03 8.560655120822716763e-24
3.761752249423684134e+03 8.626405518610542271e-24
3.791067677727412502e+03 8.692682567591012850e-24
3.820611561888846154e+03 8.759490452989320703e-24
3.850385682270137295e+03 8.826833450034908848e-24
3.880391833107845287e+03 8.894716022489227059e-24
3.910631822621046013e+03 8.963143223388787511e-24
3.941107473120324357e+03 9.032123674183786243e-24
3.971820621117577048e+03 9.101416496187736560e-24
4.002773117436670418e+03 9.171697569370062312e-24
4.033966827324999485e+03 9.242345046353806516e-24
4.065403630565878302e+03 9.313553086158698366e-24
4.097085421591806153e+03 9.385329400757070563e-24
4.129014109598654613e+03 9.457679171393214293e-24
4.161191618660706808e+03 9.530607166988336621e-24
4.193619887846588426e+03 9.604118066097538435e-24
4.226300871336150522e+03 9.678216541707696452e-24
4.259236538538216337e+03 9.752907293893765986e-24
4.292428874209245805e+03 9.828195071154745446e-24
4.325879878572969574e+03 9.904084699880403014e-24
4.359591567440910694e+03 9.980581157679544359e-24
4.393565972333847640e+03 1.005768984735351689e-23
4.427805140604265034e+03 1.013541836775250758e-23
4.462311135559713875e+03 1.021389571463294126e-23
4.497086036587142189e+03 1.029270519372099315e-23
4.532131939278221580e+03 1.037231334407266989e-23
4.567450955555624205e+03 1.045255221988036288e-23
4.603045213800271085e+03 1.053343089245516719e-23
4.638916858979625431e+03 1.061495522103428054e-23
4.675068052776933655e+03 1.069713061150827743e-23
4.711500973721477749e+03 1.077996238251726511e-23
4.748217817319889036e+03 1.086345585907083017e-23
4.785220796188435088e+03 1.094761641426564538e-23
4.822512140186340730e+03 1.103244951441273009e-23
4.860094096550195900e+03 1.111796083348280155e-23
4.897968930029359399e+03 1.120415676126293917e-23
4.936138923022424024e+03 1.129104958704178236e-23
4.974606375714784917e+03 1.137857435787809150e-23
5.013373606217240194e+03 1.146687471434780878e-23
5.052442950705666590e+03 1.155585955763274978e-23
5.091816763561832886e+03 1.164555327308036310e-23
5.131497417515263805e+03 1.173596311162376591e-23
5.171487303786206212e+03 1.182709524939074149e-23
5.211788832229764921e+03 1.191895568218840429e-23
5.252404431481100801e+03 1.201155039873425217e-23
5.293336549101775745e+03 1.210488545012900373e-23
5.334587651727275443e+03 1.219896703674624897e-23
5.376160225215634455e+03 1.229380180470743834e-23
5.418056774797226353e+03 1.238939904437496294e-23
5.460279825225763489e+03 1.248562738966506127e-23
5.502831920930424531e+03 1.258285998115468688e-23
5.545715626169172538e+03 1.268076793330590503e-23
5.588933525183312668e+03 1.277945620848768207e-23
5.632488222353206766e+03 1.287893337919350009e-23
5.676382342355199398e+03 1.297920636783735696e-23
5.720618530319820820e+03 1.308028186215437129e-23
5.765199451991168644e+03 1.318216654946253898e-23
5.810127793887530970e+03 1.328486722328212210e-23
5.855406263463321011e+03 1.338839099561831767e-23
5.901037589272206787e+03 1.349274654699785627e-23
5.947024521131527763e+03 1.359801920646666447e-23
5.993369830288033882e+03 1.370394503293261138e-23
6.040076309584871524e+03 1.381083053921280465e-23
6.087146773629861855e+03 1.391856896196490090e-23
6.134584058965156146e+03 1.402717031125022014e-23
6.182391024238146201e+03 1.413664226911694093e-23
6.230570550373715378e+03 1.424699223918429220e-23
6.279125540747884770e+03 1.435822764540553328e-23
6.328058921362751789e+03 1.447035611037983813e-23
6.377373641022825723e+03 1.458338607954382459e-23
6.427072671512701163e+03 1.469733661408890757e-23
6.477159007776187536e+03 1.481215036340394437e-23
6.527635668096761037e+03 1.492793162341169212e-23
6.578505694279438103e+03 1.504463637000446476e-23
6.629772151834115903e+03 1.516227800436756394e-23
6.681438130160286164e+03 1.528086511244660431e-23
6.733506742733188730e+03 1.540040585410229543e-23
6.785981127291471239e+03 1.552090841704987572e-23
6.838864446026256701e+03 1.564238131565959955e-23
6.892159885771680820e+03 1.576483501756622634e-23
6.945870658196978184e+03 1.588816165143650677e-23
7.000000000000001819e+03 1.601268384357205435e-23
