3.000000000000000000e+00 5.810996089186101540e-21
3.023379074186677951e+00 5.141704610419133128e-21
3.046940342076630781e+00 4.561977293591647993e-21
3.070685223509894257e+00 4.057669423582213119e-21
3.094615149391351849e+00 3.617272646792151171e-21
3.118731561776963979e+00 3.231343108262795055e-21
3.143035913960669614e+00 2.892071051861393444e-21
3.167529670561962885e+00 2.592952771466118732e-21
3.192214307614152702e+00 2.328537682000787467e-21
3.217091312653314272e+00 2.094231249159146058e-21
3.242162184807927616e+00 1.886139955634237759e-21
3.267428434889215527e+00 1.700948252200045048e-21
3.292891585482193850e+00 1.535820093970174718e-21
3.318553171037419425e+00 1.388319552486343922e-21
3.344414737963458339e+00 1.256346358448345463e-21
3.370477844720079830e+00 1.138083225738144464e-21
3.396744061912168711e+00 1.031952542138837942e-21
3.423214972384368782e+00 9.365805597155009156e-22
3.449892171316475409e+00 8.507676297044294747e-22
3.476777266319557746e+00 7.734633392945553128e-22
3.503871877532837242e+00 7.037456468076230943e-22
3.531177637721321538e+00 6.408032961386023896e-22
3.558696192374196876e+00 5.839209345012991469e-22
3.586429199803984336e+00 5.324664694874594229e-22
3.614378331246479004e+00 4.858802895811713989e-22
3.642545270961456083e+00 4.436660420518753679e-22
3.670931716334169703e+00 4.053827177567888158e-22
3.699539377977637766e+00 3.706378369030520729e-22
3.728369979835728820e+00 3.390815656819777723e-22
3.757425259287050068e+00 3.104016227052871689e-22
3.786706967249639177e+00 2.843188577646678876e-22
3.816216868286484765e+00 2.605834047068614530e-22
3.845956740711859112e+00 2.389713260324631050e-22
3.875928376698477340e+00 2.192816798415942679e-22
3.906133582385504788e+00 2.013339505242919257e-22
3.936574177987393064e+00 1.849657935359640420e-22
3.967251997903568306e+00 1.700310520423037619e-22
3.998168890828979194e+00 1.563980094546789694e-22
4.029326719865498063e+00 1.439478470913767976e-22
4.060727362634198201e+00 1.325732806040230679e-22
4.092372711388496676e+00 1.221773525235576171e-22
4.124264673128191561e+00 1.126723614094965139e-22
4.156405169714378012e+00 1.039789107699293994e-22
4.188796137985258738e+00 9.602506318662531533e-23
4.221439529872867524e+00 8.874558701170773997e-23
4.254337312520692471e+00 8.208128468032081277e-23
4.287491468402215844e+00 7.597839308856421732e-23
4.320903995440390055e+00 7.038862846928150444e-23
4.354576907128027585e+00 6.526735280185945456e-23
4.388512232649141254e+00 6.057377029940259982e-23
4.422712017001222407e+00 5.627102992614180942e-23
4.457178321118484554e+00 5.232554069462272092e-23
4.491913221996044037e+00 4.870666211747077552e-23
4.526918812815098114e+00 4.538642631822061648e-23
4.562197203069056073e+00 4.233928843030473924e-23
4.597750518690657096e+00 3.954190236783009552e-23
4.633580902180091776e+00 3.697291931348422709e-23
4.669690512734105958e+00 3.461280660315661809e-23
4.706081526376117985e+00 3.244368490862102643e-23
4.742756136087351138e+00 3.044918183209455312e-23
4.779716551938987479e+00 2.861430021379950769e-23
4.816965001225343990e+00 2.692529961115686479e-23
4.854503728598102974e+00 2.536958954835726099e-23
4.892334996201570085e+00 2.393563325484763347e-23
4.930461083808994616e+00 2.261286073300895287e-23
4.968884288959960038e+00 2.139159009147235061e-23
5.007606927098831484e+00 2.026295619021400087e-23
5.046631331714285906e+00 1.921884572427355448e-23
5.085959854479939146e+00 1.825183798170445122e-23
5.125594865396055688e+00 1.735515058737538367e-23
5.165538752932373079e+00 1.652258963617420800e-23
5.205793924172026799e+00 1.574850370428739818e-23
5.246362804956618220e+00 1.502774128932339394e-23
5.287247840032386570e+00 1.435561132340801452e-23
5.328451493197543520e+00 1.372784644140270610e-23
5.369976247450735762e+00 1.314056876253665991e-23
5.411824605140684419e+00 1.259025797808037506e-23
5.453999088116976424e+00 1.207372157381163091e-23
5.496502237882029185e+00 1.158806706456241498e-23
5.539336615744256065e+00 1.113067611174193124e-23
5.582504802972412250e+00 1.069918044041860431e-23
5.626009400951136996e+00 1.029143946709195930e-23
5.669853031337731331e+00 9.905519555626804184e-24
5.714038336220133019e+00 9.539674832298253792e-24
5.758567978276136756e+00 9.192329490103109556e-24
5.803444640933850707e+00 8.862061493984093800e-24
5.848671028533408034e+00 8.547587633187632705e-24
5.894249866489925438e+00 8.245243376032374932e-24
5.940183901457753102e+00 7.949778646906953057e-24
5.986475901495984075e+00 7.667596892665124467e-24
6.033128656235260401e+00 7.397819914470759249e-24
6.080144977045891963e+00 7.139650561107267846e-24
6.127527697207263202e+00 6.892364509007291372e-24
6.175279672078572979e+00 6.655302836818348770e-24
6.223403779270908487e+00 6.427865319749943607e-24
6.271902918820651429e+00 6.209504385230805856e-24
6.320780013364233341e+00 5.999719677942186192e-24
6.370038008314270250e+00 5.798053172547825532e-24
6.419679872037050039e+00 5.604084787611135767e-24
6.469708596031408021e+00 5.417428455336292720e-24
6.520127195109008511e+00 5.237728601198425075e-24
6.570938707576019056e+00 5.064656992018281875e-24
6.622146195416195980e+00 4.897909927872246418e-24
6.673752744475415000e+00 4.736887173192901818e-24
6.725761464647628252e+00 4.581488791198500578e-24
6.778175490062257502e+00 4.431642268065118981e-24
6.830997979273086607e+00 4.287119265924295562e-24
6.884232115448578604e+00 4.147705861308595953e-24
6.937881106563702716e+00 4.013201141544222592e-24
6.991948185593272136e+00 3.883415955265145527e-24
7.046436610706736658e+00 3.758171805329996242e-24
7.101349665464545602e+00 3.637299862817272474e-24
7.156690659016025080e+00 3.520640098273932060e-24
7.212462926298772281e+00 3.408040502967752716e-24
7.268669828239636921e+00 3.299356405550746439e-24
7.325314751957265003e+00 3.194449862648925442e-24
7.382401110966188895e+00 3.093189118775029443e-24
7.439932345382551659e+00 2.995448129794561488e-24
7.497911922131407003e+00 2.901106138007324470e-24
7.556343335155633945e+00 2.810047294914672751e-24
7.615230105626504375e+00 2.722160329122583300e-24
7.674575782155860004e+00 2.637338248529993663e-24
7.734383941009959962e+00 2.555478073445022639e-24
7.794658186324999072e+00 2.476480604603159210e-24
7.855402150324295896e+00 2.400250210051806680e-24
7.916619493537168317e+00 2.326694635406405522e-24
7.978313905019535746e+00 2.255724836622780609e-24
8.040489102576222180e+00 2.187254823664025918e-24
8.103148832984988559e+00 2.121201523767704739e-24
8.166296872222336134e+00 2.057484654256952427e-24
8.229937025691045349e+00 1.996026605316811950e-24
8.294073128449483079e+00 1.936752338356248094e-24
8.358709045442731522e+00 1.879589281663706782e-24
8.423848671735486349e+00 1.824467245838666051e-24
8.489495932746768503e+00 1.771318332791001698e-24
8.555654784486495856e+00 1.720076859525292548e-24
8.622329213793868519e+00 1.670679280563426450e-24
8.689523238577617548e+00 1.623064117312066395e-24
8.757240908058138373e+00 1.577171888535836021e-24
8.825486303011505385e+00 1.532945046974325159e-24
8.894263536015376559e+00 1.490327911851841348e-24
8.963576751696830769e+00 1.449266612912512251e-24
9.033430126982132435e+00 1.409709028830186966e-24
9.103827871348423528e+00 1.371604729143778599e-24
9.174774227077424626e+00 1.334904922101880309e-24
9.246273469511047338e+00 1.299562395668000003e-24
9.318329907309045979e+00 1.265531469277736040e-24
9.390947882708687189e+00 1.232767939624232616e-24
9.464131771786378877e+00 1.201229031064968503e-24
9.537885984721404142e+00 1.170873346466683200e-24
9.612214966061698007e+00 1.141660820862917601e-24
9.687123194991649200e+00 1.113552671809551728e-24
9.762615185602044221e+00 1.086511357942706946e-24
9.838695487162103959e+00 1.060500532444263014e-24
9.915368684393603971e+00 1.035485000045401920e-24
9.992639397747167251e+00 1.011430677843176197e-24
1.007051228368071882e+01 9.889326930237942677e-25
1.014899203494005953e+01 9.673462217309488994e-25
1.022808338084167801e+01 9.465743923180654800e-25
1.030779108755775475e+01 9.265896281408260562e-25
1.038811995840335101e+01 9.073651911768634891e-25
1.046907483412588746e+01 8.888751534460036697e-25
1.055066059319685934e+01 8.710943691631880364e-25
1.063288215210579679e+01 8.539984474483594589e-25
1.071574446565655414e+01 8.375637255955440092e-25
1.079925252726591012e+01 8.217672468612232520e-25
1.088341136926445074e+01 8.065867344759739610e-25
1.096822606319983606e+01 7.920005719178914864e-25
1.105370172014243657e+01 7.779877808081090912e-25
1.113984349099330551e+01 7.645280008689193877e-25
1.122665656679461144e+01 7.516014724083220488e-25
1.131414617904242803e+01 7.391890175559129310e-25
1.140231760000200723e+01 7.272720243686773593e-25
1.149117614302551083e+01 7.158324310107580064e-25
1.158072716287217041e+01 7.048527117264434456e-25
1.167097605603098742e+01 6.943158618569557819e-25
1.176192826104595213e+01 6.842053855976501725e-25
1.185358925884374592e+01 6.745052834523003814e-25
1.194596457306404602e+01 6.652000407277868326e-25
1.203905977039241115e+01 6.562746164130597371e-25
1.213288046089569505e+01 6.477144324198137690e-25
1.222743229836014933e+01 6.395053637129855172e-25
1.232272098063213228e+01 6.316337289571824791e-25
1.241875224996144311e+01 6.240862807437726278e-25
1.251553189334737759e+01 6.168501967985724687e-25
1.261306574288748017e+01 6.099130711353154197e-25
1.271135967612895179e+01 6.032629053011511128e-25
1.281041961642286786e+01 5.968881007961638933e-25
1.291025153328114428e+01 5.907774495014199425e-25
1.301086144273622835e+01 5.849201263051880093e-25
1.311225540770366216e+01 5.793056808195683072e-25
1.321443953834745422e+01 5.739240287802764603e-25
1.331741999244825436e+01 5.687654445931578200e-25
1.342120297577444710e+01 5.638205525340062301e-25
1.352579474245614577e+01 5.590803191232922424e-25
1.363120159536203424e+01 5.545360444452221917e-25
1.373742988647920527e+01 5.501793542838663129e-25
1.384448601729596717e+01 5.460021917963361322e-25
1.395237643918756554e+01 5.419968089914808178e-25
1.406110765380496730e+01 5.381557588889731611e-25
1.417068621346669133e+01 5.344718869860166193e-25
1.428111872155361617e+01 5.309383227993750984e-25
1.439241183290693016e+01 5.275484719713321908e-25
1.450457225422918128e+01 5.242960077204137916e-25
1.461760674448840014e+01 5.211748626920268409e-25
1.473152211532542033e+01 5.181792208047365239e-25
1.484632523146438210e+01 5.153035090007509659e-25
1.496202301112636057e+01 5.125423894159219543e-25
1.507862242644633000e+01 5.098907513939949540e-25
1.519613050389326148e+01 5.073437034342273280e-25
1.531455432469357625e+01 5.048965655321165731e-25
1.543390102525788343e+01 5.025448617800789365e-25
1.555417779761100050e+01 5.002843124057314956e-25
1.567539188982537013e+01 4.981108270316300502e-25
1.579755060645786280e+01 4.960204967823879672e-25
1.592066130898992427e+01 4.940095879271396050e-25
1.604473141627120114e+01 4.920745343950208454e-25
1.616976840496664281e+01 4.902119316535185095e-25
1.629577981000701570e+01 4.884185296569148466e-25
1.642277322504298454e+01 4.866912268049548060e-25
1.655075630290274091e+01 4.850270636627888653e-25
1.667973675605313844e+01 4.834232170439967687e-25
1.680972235706447293e+01 4.818769941810028407e-25
1.694072093907889709e+01 4.803858270757275541e-25
1.707274039628241269e+01 4.789472670956794702e-25
1.720578868438059672e+01 4.775589798359141556e-25
1.733987382107807917e+01 4.762187398973183800e-25
1.747500388656161974e+01 4.749244261389002890e-25
1.761118702398708180e+01 4.736740169217421993e-25
1.774843143997016526e+01 4.724655856421513612e-25
1.788674540508091226e+01 4.712972963923817963e-25
1.802613725434210679e+01 4.701673997341971647e-25
1.816661538773160700e+01 4.690742287530811633e-25
1.830818827068848265e+01 4.680161952043616640e-25
1.845086443462317405e+01 4.669917858290207685e-25
1.859465247743164085e+01 4.659995588620283362e-25
1.873956106401342936e+01 4.650381405849253458e-25
1.888559892679387175e+01 4.641062221818900509e-25
1.903277486625032822e+01 4.632025565971898409e-25
1.918109775144246498e+01 4.623259556399212068e-25
1.933057652054675302e+01 4.614752870724610277e-25
1.948122018139512690e+01 4.606494719848358284e-25
1.963303781201774356e+01 4.598474822959028164e-25
1.978603856119007531e+01 4.590683381118754956e-25
1.994023164898425549e+01 4.583111055727483125e-25
2.009562636732463758e+01 4.575748945160582968e-25
2.025223208054777757e+01 4.568588563821139039e-25
2.041005822596676111e+01 4.561621822277073845e-25
2.056911431443985094e+01 4.554841007463269956e-25
2.072940993094369944e+01 4.548238764334549681e-25
2.089095473515089907e+01 4.541808078837687982e-25
2.105375846201209811e+01 4.535542260960429453e-25
2.121783092234269219e+01 4.529434928887992704e-25
2.138318200341397457e+01 4.523479993874492044e-25
2.154982166954898304e+01 4.517671646294203769e-25
2.171775996272300446e+01 4.512004341899352101e-25
2.188700700316866232e+01 4.506472788271191409e-25
2.205757298998579330e+01 4.501071933542922276e-25
2.222946820175610938e+01 4.495796953876912325e-25
2.240270299716252822e+01 4.490643242631563443e-25
2.257728781561344533e+01 4.485606399829403104e-25
2.275323317787184862e+01 4.480682222082657889e-25
2.293054968668926463e+01 4.475866693070313861e-25
2.310924802744472473e+01 4.471155974265952117e-25
2.328933896878871934e+01 4.466546396648818336e-25
2.347083336329205494e+01 4.462034452209839270e-25
2.365374214809989795e+01 4.457616786509443112e-25
2.383807634559089195e+01 4.453290190907745714e-25
2.402384706404131620e+01 4.449051595897960290e-25
2.421106549829451282e+01 4.444898064160681394e-25
2.439974293043556486e+01 4.440826784449664017e-25
2.458989073047107254e+01 4.436835065404907530e-25
2.478152035701439360e+01 4.432920330003619810e-25
2.497464335797616286e+01 4.429080109951898797e-25
2.516927137126014813e+01 4.425312040659203940e-25
2.536541612546457714e+01 4.421613856321910769e-25
2.556308944058897836e+01 4.417983385239182640e-25
2.576230322874638290e+01 4.414418545383114762e-25
2.596306949488122484e+01 4.410917340245354500e-25
2.616540033749279459e+01 4.407477854783684608e-25
2.636930794936425215e+01 4.404098251664521563e-25
2.657480461829742424e+01 4.400776767687184804e-25
2.678190272785330706e+01 4.397511710254079137e-25
2.699061475809826760e+01 4.394301454273311200e-25
2.720095328635613185e+01 4.391144438891375362e-25
2.741293098796615979e+01 4.388039164665193499e-25
2.762656063704679710e+01 4.384984190734459656e-25
2.784185510726555535e+01 4.381978132149510885e-25
2.805882737261472570e+01 4.379019657357721749e-25
2.827749050819322818e+01 4.376107485776319720e-25
2.849785769099460708e+01 4.373240385483895179e-25
2.871994220070099502e+01 4.370417171132385503e-25
2.894375742048341138e+01 4.367636701805408841e-25
2.916931683780831364e+01 4.364897879038042862e-25
2.939663404525025925e+01 4.362199644966525019e-25
2.962572274131109040e+01 4.359540980539135447e-25
2.985659673124544611e+01 4.356920903853025828e-25
3.008926992789260524e+01 4.354338468460755388e-25
3.032375635251500157e+01 4.351792761901621830e-25
3.056007013564306618e+01 4.349282904159033465e-25
3.079822551792681296e+01 4.346808046395193314e-25
3.103823685099403207e+01 4.344367369435696794e-25
3.128011859831505959e+01 4.341960082676093302e-25
3.152388533607441090e+01 4.339585422781837213e-25
3.176955175404921761e+01 4.337242652537191469e-25
3.201713265649436124e+01 4.334931059797346913e-25
3.226664296303464141e+01 4.332649956383396073e-25
3.251809770956392498e+01 4.330398677147716886e-25
3.277151204915110583e+01 4.328176578966701691e-25
3.302690125295332990e+01 4.325983039876593477e-25
3.328428071113629017e+01 4.323817458175521153e-25
3.354366593380158434e+01 4.321679251620211714e-25
3.380507255192139837e+01 4.319567856648182153e-25
3.406851631828053684e+01 4.317482727582023464e-25
3.433401310842558019e+01 4.315423335971777667e-25
3.460157892162165183e+01 4.313389169858095712e-25
3.487122988181658201e+01 4.311379733159317270e-25
3.514298223861248260e+01 4.309394545003711886e-25
3.541685236824501004e+01 4.307433139190389918e-25
3.569285677457028783e+01 4.305495063568703055e-25
3.597101209005933953e+01 4.303579879509500526e-25
3.625133507680045142e+01 4.301687161406278684e-25
3.653384262750932976e+01 4.299816496139476091e-25
3.681855176654698880e+01 4.297967482641475405e-25
3.710547965094568923e+01 4.296139731409029441e-25
3.739464357144293416e+01 4.294332864091413873e-25
3.768606095352331664e+01 4.292546513066607336e-25
3.797974935846865918e+01 4.290780321031993476e-25
3.827572648441636005e+01 4.289033940646409144e-25
3.857401016742574740e+01 4.287307034152678470e-25
3.887461838255303803e+01 4.285599273027209932e-25
3.917756924493453852e+01 4.283910337647955936e-25
3.948288101087822355e+01 4.282239916981716629e-25
3.979057207896390480e+01 4.280587708271867064e-25
4.010066099115206129e+01 4.278953416750650371e-25
4.041316643390103280e+01 4.277336755344490503e-25
4.072810723929327992e+01 4.275737444422440121e-25
4.104550238617008517e+01 4.274155211524969250e-25
4.136537100127531374e+01 4.272589791127778159e-25
4.168773236040807717e+01 4.271040924397143926e-25
4.201260588958419362e+01 4.269508358959252629e-25
4.234001116620692784e+01 4.267991848695029666e-25
4.266996792024676921e+01 4.266491153519690483e-25
4.300249603543031185e+01 4.265006039183224283e-25
4.333761555043851388e+01 4.263536277085616419e-25
4.367534666011432876e+01 4.262081644080397571e-25
4.401570971667955945e+01 4.260641922310896466e-25
4.435872523096138309e+01 4.259216899025218907e-25
4.470441387362842534e+01 4.257806366425285823e-25
4.505279647643626362e+01 4.256410121498849621e-25
4.540389403348287800e+01 4.255027965879328421e-25
4.575772770247383647e+01 4.253659705691148653e-25
4.611431880599715782e+01 4.252305151416935319e-25
4.647368883280831398e+01 4.250964117759312422e-25
4.683585943912525096e+01 4.249636423515788133e-25
4.720085244993330065e+01 4.248321891450306310e-25
4.756868986030042379e+01 4.247020348178310704e-25
4.793939383670277010e+01 4.245731624050617141e-25
4.831298671836032099e+01 4.244455553041373292e-25
4.868949101858314776e+01 4.243191972646782495e-25
4.906892942612816455e+01 4.241940723776681842e-25
4.945132480656627649e+01 4.240701650662097820e-25
4.983670020366032816e+01 4.239474600756233869e-25
5.022507884075386642e+01 4.238259424646247692e-25
5.061648412217044779e+01 4.237055975964496842e-25
5.101093963462410130e+01 4.235864111303703845e-25
5.140846914864078343e+01 4.234683690135465054e-25
5.180909661999065463e+01 4.233514574734473509e-25
5.221284619113180980e+01 4.232356630098198692e-25
5.261974219266517139e+01 4.231209723878405716e-25
5.302980914480057351e+01 4.230073726307903661e-25
5.344307175883443506e+01 4.228948510135380023e-25
5.385955493863902177e+01 4.227833950557035617e-25
5.427928378216299166e+01 4.226729925157287315e-25
5.470228358294394866e+01 4.225636313844732990e-25
5.512857983163273445e+01 4.224552998795746155e-25
5.555819821752935184e+01 4.223479864396656337e-25
5.599116463013128708e+01 4.222416797190046428e-25
5.642750516069339994e+01 4.221363685820820461e-25
5.686724610380037603e+01 4.220320420987294773e-25
5.731041395895132240e+01 4.219286895389924414e-25
5.775703543215650626e+01 4.218263003685768354e-25
5.820713743754681246e+01 4.217248642441345727e-25
5.866074709899567097e+01 4.216243710088727448e-25
5.911789175175346145e+01 4.215248106883866773e-25
5.957859894409484980e+01 4.214261734863940792e-25
6.004289643897896411e+01 4.213284497807438723e-25
6.051081221572227520e+01 4.212316301196735274e-25
6.098237447168475001e+01 4.211357052180171767e-25
6.145761162396918564e+01 4.210406659536125501e-25
6.193655231113346105e+01 4.209465033637507064e-25
6.241922539491645239e+01 4.208532086419414037e-25
6.290565996197736354e+01 4.207607731344976457e-25
6.339588532564837209e+01 4.206691883375729763e-25
6.388993102770116650e+01 4.205784458939476966e-25
6.438782684012728907e+01 4.204885375901435774e-25
6.488960276693207163e+01 4.203994553535714485e-25
6.539528904594276071e+01 4.203111912498181947e-25
6.590491615063088204e+01 4.202237374798821397e-25
6.641851479194833985e+01 4.201370863776778760e-25
6.693611592017829537e+01 4.200512304075061968e-25
6.745775072680027051e+01 4.199661621615974964e-25
6.798345064636970392e+01 4.198818743578130362e-25
6.851324735841228630e+01 4.197983598373859748e-25
6.904717278933314617e+01 4.197156115626831537e-25
6.958525911434054478e+01 4.196336226151523897e-25
7.012753875938497572e+01 4.195523861931541477e-25
7.067404440311324265e+01 4.194718956101119731e-25
7.122480897883757223e+01 4.193921442924766833e-25
7.177986567652027361e+01 4.193131257778913101e-25
7.233924794477398734e+01 4.192348337134164709e-25
7.290298949287712560e+01 4.191572618537612498e-25
7.347112429280528545e+01 4.190804040595593532e-25
7.404368658127866354e+01 4.190042542958034986e-25
7.462071086182491797e+01 4.189288066301935692e-25
7.520223190685867110e+01 4.188540552316308795e-25
7.578828475977674373e+01 4.187799943687428375e-25
7.637890473707000183e+01 4.187066184084199141e-25
7.697412743045173045e+01 4.186339218144590485e-25
7.757398870900217958e+01 4.185618991461780346e-25
7.817852472133024833e+01 4.184905450571529666e-25
7.878777189775192369e+01 4.184198542939521029e-25
7.940176695248545968e+01 4.183498216948751482e-25
8.002054688586392217e+01 4.182804421888624322e-25
8.064414898656497144e+01 4.182117107942669762e-25
8.127261083385778306e+01 4.181436226178199671e-25
8.190597029986767552e+01 4.180761728535606897e-25
8.254426555185850134e+01 4.180093567817771124e-25
8.318753505453241814e+01 4.179431697680530025e-25
8.383581757234797749e+01 4.178776072622905207e-25
8.448915217185621884e+01 4.178126647978217125e-25
8.514757822405468346e+01 4.177483379904780314e-25
8.581113540676001605e+01 4.176846225377797068e-25
8.647986370699926795e+01 4.176215142180884695e-25
8.715380342341917697e+01 4.175590088897993077e-25
8.783299516871490198e+01 4.174971024906281911e-25
8.851747987207740209e+01 4.174357910368361521e-25
8.920729878165977311e+01 4.173750706225525510e-25
8.990249346706292499e+01 4.173149374190911762e-25
9.060310582184085604e+01 4.172553876743132736e-25
9.130917806602495546e+01 4.171964177119914939e-25
9.202075274866830057e+01 4.171380239312568593e-25
9.273787275041000555e+01 4.170802028060014654e-25
9.346058128605885429e+01 4.170229508843610798e-25
9.418892190719775215e+01 4.169662647882148227e-25
9.492293850480828610e+01 4.169101412126835612e-25
9.566267531191542162e+01 4.168545769256805580e-25
9.640817690625316061e+01 4.167995687674916919e-25
9.715948821295106086e+01 4.167451136503604528e-25
9.791665450724114805e+01 4.166912085581264771e-25
9.867972141718647094e+01 4.166378505458413083e-25
9.944873492643085910e+01 4.165850367394820537e-25
1.002237413769696843e+02 4.165327643356136137e-25
1.010047874719425067e+02 4.164810306011421949e-25
1.017919202784478472e+02 4.164298328730511915e-25
1.025851872303792192e+02 4.163791685581917086e-25
1.033846361312837132e+02 4.163290351330586672e-25
1.041903151572423241e+02 4.162794301436601221e-25
1.050022728597737967e+02 4.162303512053718864e-25
1.058205581687600016e+02 4.161817960027828808e-25
1.066452203953943325e+02 4.161337622896621643e-25
1.074763092351537921e+02 4.160862478888849149e-25
1.083138747707935323e+02 4.160392506924047872e-25
1.091579674753644582e+02 4.159927686612777896e-25
1.100086382152555871e+02 4.159467998256817532e-25
1.108659382532589319e+02 4.159013422850238716e-25
1.117299192516584156e+02 4.158563942080214239e-25
1.126006332753437249e+02 4.158119538328808542e-25
1.134781327949475127e+02 4.157680194674688608e-25
1.143624706900070578e+02 4.157245894895621893e-25
1.152537002521514893e+02 4.156816623471132202e-25
1.161518751883129568e+02 4.156392365585825975e-25
1.170570496239626834e+02 4.155973107133396313e-25
1.179692781063733946e+02 4.155558834720570987e-25
1.188886156079060470e+02 4.155149535672670322e-25
1.198151175293222082e+02 4.154745198038965796e-25
1.207488397031233518e+02 4.154345810598936796e-25
1.216898383969149506e+02 4.153951362870005001e-25
1.226381703167970159e+02 4.153561845115102545e-25
1.235938926107819071e+02 4.153177248352445154e-25
1.245570628722379070e+02 4.152797564365235479e-25
1.255277391433594403e+02 4.152422785713609981e-25
1.265059799186655596e+02 4.152052905747265388e-25
1.274918441485245921e+02 4.151687918620468295e-25
1.284853912427061289e+02 4.151327819308007902e-25
1.294866810739619325e+02 4.150972603624062703e-25
1.304957739816336186e+02 4.150622268243013159e-25
1.315127307752884178e+02 4.150276810723158223e-25
1.325376127383843823e+02 4.149936229533523030e-25
1.335704816319631050e+02 4.149600524084799201e-25
1.346113996983710308e+02 4.149269694764297433e-25
1.356604296650112076e+02 4.148943742976086952e-25
1.367176347481229470e+02 4.148622671187529482e-25
1.377830786565907033e+02 4.148306482982596177e-25
1.388568255957844144e+02 4.147995183124289130e-25
1.399389402714279811e+02 4.147688777626787330e-25
1.410294878934981853e+02 4.147387273840819705e-25
1.421285341801552420e+02 4.147090680552958571e-25
1.432361453617025404e+02 4.146799008104857925e-25
1.443523881845774781e+02 4.146512268533430227e-25
1.454773299153745256e+02 4.146230475739632697e-25
1.466110383448984180e+02 4.145953645692022526e-25
1.477535817922487809e+02 4.145681796672470096e-25
1.489050291089381517e+02 4.145414949577319710e-25
1.500654496830406970e+02 4.145153128286714311e-25
1.512349134433729603e+02 4.144896360122915214e-25
1.524134908637090291e+02 4.144644676422431739e-25
1.536012529670268520e+02 4.144398113256807714e-25
1.547982713297877240e+02 4.144156712349914820e-25
1.560046180862505310e+02 4.143920522255522423e-25
1.572203659328182255e+02 4.143689599886660721e-25
1.584455881324181519e+02 4.143464012524534166e-25
1.596803585189179557e+02 4.143243840489862679e-25
1.609247515015744341e+02 4.143029180745736938e-25
1.621788420695170316e+02 4.142820151828417697e-25
1.634427057962678873e+02 4.142616900708603555e-25
1.647164188442954185e+02 4.142419612514178914e-25
1.660000579696035743e+02 4.142228524589446922e-25
1.672937005263582364e+02 4.142043947292300622e-25
1.685974244715482087e+02 4.141866295555270062e-25
1.699113083696825299e+02 4.141696138197235726e-25
1.712354313975259004e+02 4.141534277585429885e-25
1.725698733488695211e+02 4.141381883419129172e-25
1.739147146393390528e+02 4.141240727878955281e-25
1.752700363112416539e+02 4.141113622042224586e-25
1.766359200384491714e+02 4.141005281155810089e-25
1.780124481313194451e+02 4.140924187106774413e-25
1.793997035416574590e+02 4.140887042297693697e-25
1.807977698677136971e+02 4.140931025965637406e-25
1.822067313592213509e+02 4.141154930359981955e-25
1.836266729224743983e+02 4.141907178521175351e-25
1.850576801254436248e+02 4.145319211806200110e-25
1.864998392029326340e+02 4.257984130184501723e-25
1.879532370617755248e+02 4.150478838678378527e-25
1.894179612860732789e+02 4.141153457977177761e-25
1.908941001424721833e+02 4.139929858163074178e-25
1.923817425854821010e+02 4.139514995479191561e-25
1.938809782628381413e+02 4.139298993272660786e-25
1.953918975209024325e+02 4.139155185727522854e-25
1.969145914101080166e+02 4.139045045588681865e-25
1.984491516904466835e+02 4.138953993331160654e-25
1.999956708369982152e+02 4.138875670004795591e-25
2.015542420455023489e+02 4.138807016080237981e-25
2.031249592379760713e+02 4.138746454222695490e-25
2.047079170683730354e+02 4.138693132252506823e-25
2.063032109282868873e+02 4.138646577360004324e-25
2.079109369527008937e+02 4.138606526262315382e-25
2.095311920257806548e+02 4.138572836729239198e-25
2.111640737867118389e+02 4.138545439208745825e-25
2.128096806355852948e+02 4.138524309285697291e-25
2.144681117393262753e+02 4.138509451456781013e-25
2.161394670376696752e+02 4.138500889291761669e-25
2.178238472491838138e+02 4.138498659317745924e-25
2.195213538773393793e+02 4.138502807138216196e-25
2.212320892166253827e+02 4.138513384926541506e-25
2.229561563587150204e+02 4.138530449784337162e-25
2.246936591986774658e+02 4.138554062653848717e-25
2.264447024412380358e+02 4.138584287592862975e-25
2.282093916070892590e+02 4.138621191289113103e-25
2.299878330392489829e+02 4.138664842735753118e-25
2.317801339094681907e+02 4.138715313016721799e-25
2.335864022246906018e+02 4.138772675167471401e-25
2.354067468335608453e+02 4.138837004088125254e-25
2.372412774329828551e+02 4.138908376493465994e-25
2.390901045747320666e+02 4.138986870889134550e-25
2.409533396721166127e+02 4.139072567566061246e-25
2.428310950066905889e+02 4.139165548608962416e-25
2.447234837350216878e+02 4.139265897913872722e-25
2.466306198955096249e+02 4.139373701213653381e-25
2.485526184152573421e+02 4.139489046108344712e-25
2.504895951169983448e+02 4.139612022099733020e-25
2.524416667260755673e+02 4.139742720629277737e-25
2.544089508774746662e+02 4.139881235118487815e-25
2.563915661229143552e+02 4.140027661011304725e-25
2.583896319379898614e+02 4.140182095818430538e-25
2.604032687293719732e+02 4.140344639163270460e-25
2.624325978420643537e+02 4.140515392829265773e-25
2.644777415667152241e+02 4.140694460808754906e-25
2.665388231469862035e+02 4.140881949353243271e-25
2.686159667869804935e+02 4.141077967025305926e-25
2.707092976587269959e+02 4.141282624751703392e-25
2.728189419097225255e+02 4.141496035878634479e-25
2.749450266705351851e+02 4.141718316228423581e-25
2.770876800624648695e+02 4.141949584158164992e-25
2.792470312052630561e+02 4.142189960620979930e-25
2.814232102249154082e+02 4.142439569229189261e-25
2.836163482614826989e+02 4.142698536320647197e-25
2.858265774770025587e+02 4.142966991027931991e-25
2.880540310634554544e+02 4.143245065351306489e-25
2.902988432507903553e+02 4.143532894235696475e-25
2.925611493150125284e+02 4.143830615652827423e-25
2.948410855863375559e+02 4.144138370688912701e-25
2.971387894574056077e+02 4.144456303639133014e-25
2.994543993915602869e+02 4.144784562110955006e-25
3.017880549311942673e+02 4.145123297136868517e-25
3.041398967061576855e+02 4.145472663300748554e-25
3.065100664422314480e+02 4.145832818879002774e-25
3.088987069696701724e+02 4.146203926002496746e-25
3.113059622318079391e+02 4.146586150843847861e-25
3.137319772937320295e+02 4.146979663838304386e-25
3.161768983510263524e+02 4.147384639948964546e-25
3.186408727385806401e+02 4.147801258991104594e-25
3.211240489394681958e+02 4.148229706037539779e-25
3.236265765938954928e+02 4.148670171934982274e-25
3.261486065082187338e+02 4.149122853978373615e-25
3.286902906640310107e+02 4.149587956810526344e-25
3.312517822273226216e+02 4.150065693653151283e-25
3.338332355577101112e+02 4.150556288034411786e-25
3.364348062177374459e+02 4.151059976282754294e-25
3.390566509822522789e+02 4.151577011234030884e-25
3.416989278478527012e+02 4.152107667929774259e-25
3.443617960424069793e+02 4.152652252706024561e-25
3.470454160346512253e+02 4.153211118320485153e-25
3.497499495438582926e+02 4.153784690416563776e-25
3.524755595495823854e+02 4.154373516664417050e-25
3.552224103014823982e+02 4.154978364945939988e-25
3.579906673292189225e+02 4.155600438612775573e-25
3.607804974524281647e+02 4.156241909776627866e-25
3.635920687907769207e+02 4.156907485200602146e-25
3.664255507740929261e+02 4.157610347600395020e-25
3.692811141525733660e+02 4.158407466698297642e-25
3.721589310070772285e+02 4.160079264068510186e-25
3.750591747594938852e+02 4.160055478023504971e-25
3.779820201831925033e+02 4.160210662086786581e-25
3.809276434135567797e+02 4.160951001318670825e-25
3.838962219585976641e+02 4.161718371248355888e-25
3.868879347096493007e+02 4.162501004682056925e-25
3.899029619521515997e+02 4.163299174366435853e-25
3.929414853765134694e+02 4.164113791312114322e-25
3.960036880890602902e+02 4.164945625783355315e-25
3.990897546230708599e+02 4.165795303159081418e-25
4.021998709498963649e+02 4.166663354371218769e-25
4.053342244901661502e+02 4.167550253050153240e-25
4.084930041250843828e+02 4.168456438843847575e-25
4.116764002078110138e+02 4.169382331827761953e-25
4.148846045749318137e+02 4.170328341567672985e-25
4.181178105580209490e+02 4.171294872980968647e-25
4.213762129952903024e+02 4.172282330246294732e-25
4.246600082433295711e+02 4.173291119497391179e-25
4.279693941889414077e+02 4.174321650740325192e-25
4.313045702610652938e+02 4.175374339265751275e-25
4.346657374427940113e+02 4.176449606724776928e-25
4.380530982834878273e+02 4.177547881977406919e-25
4.414668569109793452e+02 4.178669601785834239e-25
4.449072190438729422e+02 4.179815211400723419e-25
4.483743920039445356e+02 4.180985165073032711e-25
4.518685847286337207e+02 4.182179926514687568e-25
4.553900077836335072e+02 4.183399969326092327e-25
4.589388733755817498e+02 4.184645777400939240e-25
4.625153953648480751e+02 4.185917845320246117e-25
4.661197892784197165e+02 4.187216678742139236e-25
4.697522723228924519e+02 4.188542794795877211e-25
4.734130633975585738e+02 4.189896722486467166e-25
4.771023831075963244e+02 4.191279003118221067e-25
4.808204537773672200e+02 4.192690190746388914e-25
4.845674994638119415e+02 4.194130852668598031e-25
4.883437459699508736e+02 4.195601569973814443e-25
4.921494208584945795e+02 4.197102938170529807e-25
4.959847534655552863e+02 4.198635567930958620e-25
4.998499749144658608e+02 4.200200086002912355e-25
5.037453181297104834e+02 4.201797136375758526e-25
5.076710178509595153e+02 4.203427381837084700e-25
5.116273106472139034e+02 4.205091506154353557e-25
5.156144349310642383e+02 4.206790217291269418e-25
5.196326309730563935e+02 4.208524252413633789e-25
5.236821409161686915e+02 4.210294386145417082e-25
5.277632087904075888e+02 4.212101445084826309e-25
5.318760805275113626e+02 4.213946335273744723e-25
5.360210039757685081e+02 4.215830098962215343e-25
5.401982289149573262e+02 4.217754045723630944e-25
5.444080070713953319e+02 4.219720104191766694e-25
5.486505921331101945e+02 4.221731995677022528e-25
5.529262397651248193e+02 4.223800860307811104e-25
5.572352076248678259e+02 4.226005928169123724e-25
5.615777553776983950e+02 4.228014410617210304e-25
5.659541447125526474e+02 4.230041352035522734e-25
5.703646393577165554e+02 4.232281818195590314e-25
5.748095050967175439e+02 4.234554322155239302e-25
5.792890097843385320e+02 4.236868439351984602e-25
5.838034233627633967e+02 4.239227877100387249e-25
5.883530178778419213e+02 4.241634735331198956e-25
5.929380674954823007e+02 4.244090566106933911e-25
5.975588485181762053e+02 4.246596705461707110e-25
6.022156394016473087e+02 4.249154399548953269e-25
6.069087207716299872e+02 4.251764859952112213e-25
6.116383754407836477e+02 4.254429290772893337e-25
6.164048884257337022e+02 4.257148903171006569e-25
6.212085469642455564e+02 4.259925016037852484e-25
6.260496405325370688e+02 4.262759088800975201e-25
6.309284608627218631e+02 4.265652091838748976e-25
6.358453019603869052e+02 4.268605324156555534e-25
6.408004601223141208e+02 4.271620113859917107e-25
6.457942339543335493e+02 4.274697819867411181e-25
6.508269243893156499e+02 4.277839833431307441e-25
6.558988347053104917e+02 4.281049129661074635e-25
6.610102705438212070e+02 4.284325719292742362e-25
6.661615399282209182e+02 4.287671008675524967e-25
6.713529532823184809e+02 4.291086532684876696e-25
6.765848234490631512e+02 4.294573866044888563e-25
6.818574657093947735e+02 4.298134625374077392e-25
6.871711978012478994e+02 4.301770471769019538e-25
6.925263399386961964e+02 4.305483114314430295e-25
6.979232148312477193e+02 4.309274315257591752e-25
7.033621477032955909e+02 4.313145898346647593e-25
7.088434663137147709e+02 4.317099763611473852e-25
7.143675009756112786e+02 4.321137916457472665e-25
7.199345845762311455e+02 4.325262532286191277e-25
7.255450525970192075e+02 4.329476123516231256e-25
7.311992431338331926e+02 4.333782072592523857e-25
7.368974969173224281e+02 4.338187017880139801e-25
7.426401573334585464e+02 4.342722814065771775e-25
7.484275704442266033e+02 4.347094046896067744e-25
7.542600850084832018e+02 4.351850138953637609e-25
7.601380525029715045e+02 4.356650881167846078e-25
7.660618271434990447e+02 4.361542228956593401e-25
7.720317659062886833e+02 4.366535074831650687e-25
7.780482285494875896e+02 4.371634134278102116e-25
7.841115776348444797e+02 4.376843856132632603e-25
7.902221785495635231e+02 4.382165894450442958e-25
7.963803995283201402e+02 4.387603081724548385e-25
8.025866116754493760e+02 4.393158190193357012e-25
8.088411889873140126e+02 4.398834121439956650e-25
8.151445083748395746e+02 4.404633752222608885e-25
8.214969496862253209e+02 4.410560037820947657e-25
8.278988957298396372e+02 4.416616001463697860e-25
8.343507322972856173e+02 4.422804739051497564e-25
8.408528481866477478e+02 4.429129423239079496e-25
8.474056352259257210e+02 4.435593307100549666e-25
8.540094882966449177e+02 4.442199727701912148e-25
8.606648053576492430e+02 4.448952109881247688e-25
8.673719874690885945e+02 4.455853970612836586e-25
8.741314388165844775e+02 4.462908924570992021e-25
8.809435667355842270e+02 4.470120692084363088e-25
8.878087817359131577e+02 4.477493112088837453e-25
8.947274975265096373e+02 4.485030166431952346e-25
9.017001310403536536e+02 4.492736033147419857e-25
9.087271024595964946e+02 4.500615226515838110e-25
9.158088352408796027e+02 4.508673066447495340e-25
9.229457561408497668e+02 4.516918008672880090e-25
9.301382952418814511e+02 4.525391417255776690e-25
9.373868859779920513e+02 4.533838280338748153e-25
9.446919651609578068e+02 4.542694912084695612e-25
9.520539730066429911e+02 4.551708375119405050e-25
9.594733531615247557e+02 4.560919638635693147e-25
9.669505527294256808e+02 4.570337847129215360e-25
9.744860222984621032e+02 4.579974755087436778e-25
9.820802159681948069e+02 4.589833513048447688e-25
9.897335913769907165e+02 4.599916819607435732e-25
9.974466097296069620e+02 4.610230324955370133e-25
1.005219735824979466e+03 4.620779778235946103e-25
1.013053438084235040e+03 4.631571053204985417e-25
1.020948188578914824e+03 4.642610162826784874e-25
1.028904463059428053e+03 4.653903269216574241e-25
1.036922740983718768e+03 4.665456691662646230e-25
1.045003505546155566e+03 4.677276914177610986e-25
1.053147243706655672e+03 4.689370593722240887e-25
1.061354446220027512e+03 4.701744570639851764e-25
1.069625607665539974e+03 4.714405884365891337e-25
1.077961226476733827e+03 4.727361802054996506e-25
1.086361804971455058e+03 4.740619882810975383e-25
1.094827849382121485e+03 4.754188160421320908e-25
1.103359869886236311e+03 4.768075858004796253e-25
1.111958380637128130e+03 4.782298333518143454e-25
1.120623899794932186e+03 4.798365490817730091e-25
1.129356949557821736e+03 4.811660816500997200e-25
1.138158056193473385e+03 4.826907708715314296e-25
1.147027750070777074e+03 4.842503242278407742e-25
1.155966565691804135e+03 4.858463973813097079e-25
1.164975041724014091e+03 4.874800658953203393e-25
1.174053721032711564e+03 4.891523288679657686e-25
1.183203150713767400e+03 4.908641813979719309e-25
1.192423882126584203e+03 4.926166332061620510e-25
1.201716470927318369e+03 4.944107153297680337e-25
1.211081477102371991e+03 4.962474832804183541e-25
1.220519465002135348e+03 4.981280189747596011e-25
1.230031003374991315e+03 5.000534322503244018e-25
1.239616665401596720e+03 5.020248623689641756e-25
1.249277028729419499e+03 5.040434798931948904e-25
1.259012675507545055e+03 5.061104896780467337e-25
1.268824192421763883e+03 5.082271371063339387e-25
1.278712170729924765e+03 5.103947255329892982e-25
1.288677206297558541e+03 5.126146869571906287e-25
1.298719899633795194e+03 5.148891353150224941e-25
1.308840855927546954e+03 5.171970945884475833e-25
1.319040685083974950e+03 5.195962003040234824e-25
1.329320001761249159e+03 5.220388792666383289e-25
1.339679425407587132e+03 5.245400637743944015e-25
1.350119580298576466e+03 5.271017139450764838e-25
1.360641095574804922e+03 5.297254781405640069e-25
1.371244605279767711e+03 5.324129807936783853e-25
1.381930748398072865e+03 5.351658692401825722e-25
1.392700168893955606e+03 5.379858270145320735e-25
1.403553515750080123e+03 5.408745794147282956e-25
1.414491443006643976e+03 5.438338968431389688e-25
1.425514609800801281e+03 5.468655976335276232e-25
1.436623680406377389e+03 5.499715513513422322e-25
1.447819324273896427e+03 5.531536841502842776e-25
1.459102216070931036e+03 5.564139912435661891e-25
1.470473035722754730e+03 5.597545807301422732e-25
1.481932468453311458e+03 5.631779544970911303e-25
1.493481204826516205e+03 5.667119300714497417e-25
1.505119940787866653e+03 5.702741607209901950e-25
1.516849377706375208e+03 5.739573540390654457e-25
1.528670222416845718e+03 5.777308887785341020e-25
1.540583187262463071e+03 5.815977067784815113e-25
1.552588990137714973e+03 5.855603590316432572e-25
1.564688354531663890e+03 5.896213939539448488e-25
1.576882009571540493e+03 5.937834119408507036e-25
1.589170690066676798e+03 5.980490808402562386e-25
1.601555136552796966e+03 6.024211432919489477e-25
1.614036095336638937e+03 6.069024222823114481e-25
1.626614318540922113e+03 6.114958275223382893e-25
1.639290564149681586e+03 6.162043666280981077e-25
1.652065596053941363e+03 6.210311770793554235e-25
1.664940184097741849e+03 6.259796970819208227e-25
1.677915104124541813e+03 6.310581391860824289e-25
1.690991138023968006e+03 6.362489837945692497e-25
1.704169073778926304e+03 6.415820873546691611e-25
1.717449705513098706e+03 6.470492588827334164e-25
1.730833833538792760e+03 6.526549103515780324e-25
1.744322264405163878e+03 6.584029599358785234e-25
1.757915810946830561e+03 6.642973665542263516e-25
1.771615292332851595e+03 6.703421953619383846e-25
1.785421534116085240e+03 6.765416374866934668e-25
1.799335368282948593e+03 6.829000215344624182e-25
1.813357633303549846e+03 6.894218250895558785e-25
1.827489174182209808e+03 6.961116937624605821e-25
1.841730842508394517e+03 7.029745000420268445e-25
1.856083496508025974e+03 7.100157918095440924e-25
1.870548001095203745e+03 7.172291984594703852e-25
1.885125227924318551e+03 7.246466885441089595e-25
1.899816055442591278e+03 7.322519706588748902e-25
1.914621368943003745e+03 7.400561307169836391e-25
1.929542060617641937e+03 7.480653076283913395e-25
1.944579029611473061e+03 7.562856559806393627e-25
1.959733182076522326e+03 7.647235192442091158e-25
1.975005431226475366e+03 7.733854691066475016e-25
1.990396697391719727e+03 7.822783272651935240e-25
2.005907908074800844e+03 7.914091884795619280e-25
2.021539998006308224e+03 8.007854661946054624e-25
2.037293909201216138e+03 8.104151150643484613e-25
2.053170591015644732e+03 8.203260676027956897e-25
2.069171000204064057e+03 8.304610474970376630e-25
2.085296100976960588e+03 8.408985835995481044e-25
2.101546865058938693e+03 8.516222514903292102e-25
2.117924271747268904e+03 8.626417920359001384e-25
2.134429307970916398e+03 8.739669997544364351e-25
2.151062968350008305e+03 8.856080301662320461e-25
2.167826255255764409e+03 8.975754623129717450e-25
2.184720178870914424e+03 9.098803373041655433e-25
2.201745757250567294e+03 9.225342080656807792e-25
2.218904016383554790e+03 9.355492950441765831e-25
2.236195990254269873e+03 9.489415948486818539e-25
2.253622720904973448e+03 9.627089374608134201e-25
2.271185258498579060e+03 9.768848970117413797e-25
2.288884661381954174e+03 9.914746281566821020e-25
2.306721996149688039e+03 1.006493746319760831e-24
2.324698337708362033e+03 1.021958014138800339e-24
2.342814769341337978e+03 1.037883850306965081e-24
2.361072382774031212e+03 1.054288421442654161e-24
2.379472278239693878e+03 1.071189704935979952e-24
2.398015564545729376e+03 1.088606600328403434e-24
2.416703359140505199e+03 1.106559791354641746e-24
2.435536788180683743e+03 1.125061372685127131e-24
2.454516986599102438e+03 1.144147876021315488e-24
2.473645098173158203e+03 1.163832157136917143e-24
2.492922275593724407e+03 1.184139277271805038e-24
2.512349680534632625e+03 1.205093934790770258e-24
2.531928483722665987e+03 1.226721793748275928e-24
2.551659865008103225e+03 1.249049601636672429e-24
2.571545013435832971e+03 1.272105249312968282e-24
2.591585127317000570e+03 1.295917966330705297e-24
2.611781414301211498e+03 1.320530414256768302e-24
2.632135091449321862e+03 1.345930640208618919e-24
2.652647385306774140e+03 1.372198121491724708e-24
2.673319531977500901e+03 1.399348167366923442e-24
2.694152777198432432e+03 1.427415182223349712e-24
2.715148376414555969e+03 1.456433934649924219e-24
2.736307594854566105e+03 1.486439664461477639e-24
2.757631707607123190e+03 1.517467898236018959e-24
2.779121999697685624e+03 1.549554383054824034e-24
2.800779766165938327e+03 1.582687042043188780e-24
2.822606312143850573e+03 1.617034530708839917e-24
2.844602952934317727e+03 1.652498373087045855e-24
2.866771014090414610e+03 1.689149715349684934e-24
2.889111831495292336e+03 1.727014793024425412e-24
2.911626751442673140e+03 1.766114847740365000e-24
2.934317130717970031e+03 1.806464485625328062e-24
2.957184336680067190e+03 1.848070195596279293e-24
2.980229747343711097e+03 1.890931380777858717e-24
3.003454751462540571e+03 1.935014656379449150e-24
3.026860748612797124e+03 1.980307261614104618e-24
3.050449149277652850e+03 2.026745785494607368e-24
3.074221374932201797e+03 2.074252973145880057e-24
3.098178858129137552e+03 2.122721913662262747e-24
3.122323042585072017e+03 2.172011177406147498e-24
3.146655383267527668e+03 2.221939179455621192e-24
3.171177346482633311e+03 2.272300045970996958e-24
3.195890409963478305e+03 2.322737746706011996e-24
3.220796062959153005e+03 2.372990177205229678e-24
3.245895806324512705e+03 2.422622918035825055e-24
3.271191152610610516e+03 2.471161722103325935e-24
3.296683626155838283e+03 2.518061456862735582e-24
3.322374763177804653e+03 2.562708104810252379e-24
3.348266111865900257e+03 2.604426500026664505e-24
3.374359232474582768e+03 2.642476407823482652e-24
3.400655697417423198e+03 2.676113105388129365e-24
3.427157091361845232e+03 2.704555576730736299e-24
3.453865011324629904e+03 2.727055082377666707e-24
3.480781066768138317e+03 2.742919357320228979e-24
3.507906879697322438e+03 2.751551976875558842e-24
3.535244084757458495e+03 2.752492120418180914e-24
3.562794329332642974e+03 2.745431350238220751e-24
3.590559273645089434e+03 2.730281772296903272e-24
3.618540590855162463e+03 2.707133569837318413e-24
3.646739967162196990e+03 2.676290084758685810e-24
3.675159101906131582e+03 2.638242750208489427e-24
3.703799707669903000e+03 2.593645264663859529e-24
3.732663510382638378e+03 2.543250260491111558e-24
3.761752249423684134e+03 2.487999654084639436e-24
3.791067677727412502e+03 2.428731064590582605e-24
3.820611561888846154e+03 2.366383796829704120e-24
3.850385682270137295e+03 2.301848589919260895e-24
3.880391833107845287e+03 2.235964474478005459e-24
3.910631822621046013e+03 2.169503794645958113e-24
3.941107473120324357e+03 2.103144234702403239e-24
3.971820621117577048e+03 2.037505847138720805e-24
4.002773117436670418e+03 1.973103707573491050e-24
4.033966827324999485e+03 1.910380231795062706e-24
4.065403630565878302e+03 1.849704550498385386e-24
4.097085421591806153e+03 1.791382825540354780e-24
4.129014109598654613e+03 1.735651861135738935e-24
4.161191618660706808e+03 1.682721337396081295e-24
4.193619887846588426e+03 1.632742424812252870e-24
4.226300871336150522e+03 1.585837023880416310e-24
4.259236538538216337e+03 1.542098062632816770e-24
4.292428874209245805e+03 1.501587502728152133e-24
4.325879878572969574e+03 1.464371704461683808e-24
4.359591567440910694e+03 1.430465675424532618e-24
4.393565972333847640e+03 1.399890571898186432e-24
4.427805140604265034e+03 1.372649584213592524e-24
4.462311135559713875e+03 1.348734158094651382e-24
4.497086036587142189e+03 1.328120346828290614e-24
4.532131939278221580e+03 1.310781396083885288e-24
4.567450955555624205e+03 1.296672731493271700e-24
4.603045213800271085e+03 1.285742572239148953e-24
4.638916858979625431e+03 1.277929674545918239e-24
4.675068052776933655e+03 1.273161657591472384e-24
4.711500973721477749e+03 1.271364683916536279e-24
4.748217817319889036e+03 1.272451344556060323e-24
4.785220796188435088e+03 1.276332223293344823e-24
4.822512140186340730e+03 1.282913684673681063e-24
4.860094096550195900e+03 1.292097417523711329e-24
4.897968930029359399e+03 1.303790221818162035e-24
4.936138923022424024e+03 1.317892627503884123e-24
4.974606375714784917e+03 1.334310479017100412e-24
5.013373606217240194e+03 1.352952534454449872e-24
5.052442950705666590e+03 1.373729376997681474e-24
5.091816763561832886e+03 1.396562294816585694e-24
5.131497417515263805e+03 1.421372919166912018e-24
5.171487303786206212e+03 1.448091785921313215e-24
5.211788832229764921e+03 1.476657451915957989e-24
5.252404431481100801e+03 1.507008781757091802e-24
5.293336549101775745e+03 1.539103999580825480e-24
5.334587651727275443e+03 1.572899744954013245e-24
5.376160225215634455e+03 1.608363213146052590e-24
5.418056774797226353e+03 1.645466938007811596e-24
5.460279825225763489e+03 1.684197169503810099e-24
5.502831920930424531e+03 1.724540795013890905e-24
5.545715626169172538e+03 1.766495947420370988e-24
5.588933525183312668e+03 1.810079812743096651e-24
5.632488222353206766e+03 1.855268057552634202e-24
5.676382342355199398e+03 1.902119860427895442e-24
5.720618530319820820e+03 1.950651037165614339e-24
5.765199451991168644e+03 2.000900074135943942e-24
5.810127793887530970e+03 2.052908985550715852e-24
5.855406263463321011e+03 2.106738581667445729e-24
5.901037589272206787e+03 2.162451879965101581e-24
5.947024521131527763e+03 2.220125695541649749e-24
5.993369830288033882e+03 2.279844233582778808e-24
6.040076309584871524e+03 2.341712206510285075e-24
6.087146773629861855e+03 2.405841542638348504e-24
6.134584058965156146e+03 2.472362975530001723e-24
6.182391024238146201e+03 2.541419494398217761e-24
6.230570550373715378e+03 2.613183107927216360e-24
6.279125540747884770e+03 2.687840476138434608e-24
6.328058921362751789e+03 2.765609873305769517e-24
6.377373641022825723e+03 2.846722951551129494e-24
6.427072671512701163e+03 2.931470734947678631e-24
6.477159007776187536e+03 3.020165175354891073e-24
6.527635668096761037e+03 3.113165706996434051e-24
6.578505694279438103e+03 3.210895428318229831e-24
6.629772151834115903e+03 3.313826349583502524e-24
6.681438130160286164e+03 3.422511748294904413e-24
6.733506742733188730e+03 3.537585767194417883e-24
6.785981127291471239e+03 3.659790762366821173e-24
6.838864446026256701e+03 3.789979423798780313e-24
6.892159885771680820e+03 3.929134394908730762e-24
6.945870658196978184e+03 4.078426250513861907e-24
7.000000000000001819e+03 4.239150357267529207e-24
