3.000000000000000000e+00 1.162198372312387274e-20
3.023379074186677951e+00 1.028340179566116398e-20
3.046940342076630781e+00 9.123948080333470804e-21
3.070685223509894257e+00 8.115333164747987560e-21
3.094615149391351849e+00 7.234540356345063618e-21
3.118731561776963979e+00 6.462681957326674684e-21
3.143035913960669614e+00 5.784138465550929739e-21
3.167529670561962885e+00 5.185902477300847723e-21
3.192214307614152702e+00 4.657072829661550737e-21
3.217091312653314272e+00 4.188460460208898099e-21
3.242162184807927616e+00 3.772278339657295477e-21
3.267428434889215527e+00 3.401895374173213470e-21
3.292891585482193850e+00 3.071639478012934055e-21
3.318553171037419425e+00 2.776638797796673801e-21
3.344414737963458339e+00 2.512692798047449745e-21
3.370477844720079830e+00 2.276166909303820345e-21
3.396744061912168711e+00 2.063905909610839555e-21
3.423214972384368782e+00 1.873162305325566570e-21
3.449892171316475409e+00 1.701536800931851993e-21
3.476777266319557746e+00 1.546928572633351142e-21
3.503871877532837242e+00 1.407493538739008977e-21
3.531177637721321538e+00 1.281609188564816606e-21
3.558696192374196876e+00 1.167844817942435876e-21
3.586429199803984336e+00 1.064936243351821400e-21
3.614378331246479004e+00 9.717642429618748896e-22
3.642545270961456083e+00 8.873361124260900785e-22
3.670931716334169703e+00 8.107698344950714325e-22
3.699539377977637766e+00 7.412804505467495688e-22
3.728369979835728820e+00 6.781682938592240465e-22
3.757425259287050068e+00 6.208088024861311072e-22
3.786706967249639177e+00 5.686436767772993504e-22
3.816216868286484765e+00 5.211731851291890444e-22
3.845956740711859112e+00 4.779494531815309553e-22
3.875928376698477340e+00 4.385705977065319795e-22
3.906133582385504788e+00 4.026755879863680586e-22
3.936574177987393064e+00 3.699397353596921815e-22
3.967251997903568306e+00 3.400707265059764268e-22
3.998168890828979194e+00 3.128051285097606427e-22
4.029326719865498063e+00 2.879053041756174093e-22
4.060727362634198201e+00 2.651566848725458846e-22
4.092372711388496676e+00 2.443653556166558007e-22
4.124264673128191561e+00 2.253559133597339552e-22
4.156405169714378012e+00 2.079695648187629345e-22
4.188796137985258738e+00 1.920624347153605617e-22
4.221439529872867524e+00 1.775040591583342303e-22
4.254337312520692471e+00 1.641760422585303874e-22
4.287491468402215844e+00 1.519708568749266560e-22
4.320903995440390055e+00 1.407919342326362584e-22
4.354576907128027585e+00 1.305499969868575745e-22
4.388512232649141254e+00 1.211634521188238493e-22
4.422712017001222407e+00 1.125585958496710690e-22
4.457178321118484554e+00 1.046682443014799771e-22
4.491913221996044037e+00 9.743111440632931066e-23
4.526918812815098114e+00 9.079126813796979719e-23
4.562197203069056073e+00 8.469761332470889816e-23
4.597750518690657096e+00 7.910345521098312072e-23
4.633580902180091776e+00 7.396609345834688225e-23
4.669690512734105958e+00 6.924645994483738713e-23
4.706081526376117985e+00 6.490879316493963651e-23
4.742756136087351138e+00 6.092034545703945958e-23
4.779716551938987479e+00 5.725111965960540497e-23
4.816965001225343990e+00 5.387363211211132822e-23
4.854503728598102974e+00 5.076269919676710430e-23
4.892334996201570085e+00 4.789524485661059144e-23
4.930461083808994616e+00 4.525012676897098976e-23
4.968884288959960038e+00 4.280797904575234308e-23
5.007606927098831484e+00 4.055106955154543129e-23
5.046631331714285906e+00 3.846317009226971590e-23
5.085959854479939146e+00 3.652943794488757477e-23
5.125594865396055688e+00 3.473630735113932551e-23
5.165538752932373079e+00 3.307138978248099142e-23
5.205793924172026799e+00 3.152338195399741361e-23
5.246362804956618220e+00 3.008198068958081397e-23
5.287247840032386570e+00 2.873780392758581856e-23
5.328451493197543520e+00 2.748231723241338047e-23
5.369976247450735762e+00 2.630776532979841224e-23
5.411824605140684419e+00 2.520710825226639119e-23
5.453999088116976424e+00 2.417396175341039508e-23
5.496502237882029185e+00 2.320254174655688992e-23
5.539336615744256065e+00 2.228761251050804196e-23
5.582504802972412250e+00 2.142443849618980118e-23
5.626009400951136996e+00 2.060873955698577710e-23
5.669853031337731331e+00 1.983664943805462005e-23
5.714038336220133019e+00 1.910467738670221237e-23
5.758567978276136756e+00 1.840967274416492764e-23
5.803444640933850707e+00 1.774879234208472752e-23
5.848671028533408034e+00 1.711947059593002846e-23
5.894249866489925438e+00 1.651438648934347448e-23
5.940183901457753102e+00 1.592305340030312258e-23
5.986475901495984075e+00 1.535825766593496879e-23
6.033128656235260401e+00 1.481824325242568646e-23
6.080144977045891963e+00 1.430141614409165649e-23
6.127527697207263202e+00 1.380632790246761302e-23
6.175279672078572979e+00 1.333166081542042873e-23
6.223403779270908487e+00 1.287621448664977931e-23
6.271902918820651429e+00 1.243889374848022041e-23
6.320780013364233341e+00 1.201869779393017951e-23
6.370038008314270250e+00 1.161471040461112947e-23
6.419679872037050039e+00 1.122609118133033769e-23
6.469708596031408021e+00 1.085206768658449659e-23
6.520127195109008511e+00 1.049192840701604877e-23
6.570938707576019056e+00 1.014501645289253142e-23
6.622146195416195980e+00 9.810723945308472036e-24
6.673752744475415000e+00 9.487850832072305308e-24
6.725761464647628252e+00 9.176196107949646312e-24
6.778175490062257502e+00 8.875613576251938576e-24
6.830997979273086607e+00 8.585645873946757738e-24
6.884232115448578604e+00 8.305864427177792624e-24
6.937881106563702716e+00 8.035866647353875273e-24
6.991948185593272136e+00 7.775273435454030049e-24
7.046436610706736658e+00 7.523726971098953284e-24
7.101349665464545602e+00 7.280888743757920761e-24
7.156690659016025080e+00 7.046437818425962404e-24
7.212462926298772281e+00 6.820069281307986954e-24
7.268669828239636921e+00 6.601492876300179169e-24
7.325314751957265003e+00 6.390431789329829149e-24
7.382401110966188895e+00 6.186621571345997947e-24
7.439932345382551659e+00 5.989809188432039054e-24
7.497911922131407003e+00 5.799752175177257476e-24
7.556343335155633945e+00 5.616217883453640181e-24
7.615230105626504375e+00 5.438982821512524447e-24
7.674575782155860004e+00 5.267832061707620445e-24
7.734383941009959962e+00 5.102558710131604856e-24
7.794658186324999072e+00 4.942963446146727712e-24
7.855402150324295896e+00 4.788854099719598939e-24
7.916619493537168317e+00 4.640045275590189806e-24
7.978313905019535746e+00 4.496358022591839071e-24
8.040489102576222180e+00 4.357619524838926918e-24
8.103148832984988559e+00 4.223662832255259860e-24
8.166296872222336134e+00 4.094326610291775721e-24
8.229937025691045349e+00 3.969454909679659376e-24
8.294073128449483079e+00 3.848896967542022118e-24
8.358709045442731522e+00 3.732507003098296712e-24
8.423848671735486349e+00 3.620144053186739621e-24
8.489495932746768503e+00 3.511671794879674644e-24
8.555654784486495856e+00 3.406958397902340076e-24
8.622329213793868519e+00 3.305876374338977402e-24
8.689523238577617548e+00 3.208302442360011989e-24
8.757240908058138373e+00 3.114117392181158864e-24
8.825486303011505385e+00 3.023205964430850699e-24
8.894263536015376559e+00 2.935456720150564968e-24
8.963576751696830769e+00 2.850761934080301225e-24
9.033430126982132435e+00 2.769017476454525342e-24
9.103827871348423528e+00 2.690122701797579065e-24
9.174774227077424626e+00 2.613980349585696584e-24
9.246273469511047338e+00 2.540496430752340604e-24
9.318329907309045979e+00 2.469580135854901791e-24
9.390947882708687189e+00 2.401143730743525752e-24
9.464131771786378877e+00 2.335102461290899151e-24
9.537885984721404142e+00 2.271374458591170123e-24
9.612214966061698007e+00 2.209880649454974359e-24
9.687123194991649200e+00 2.150544659528493480e-24
9.762615185602044221e+00 2.093292732709933703e-24
9.838695487162103959e+00 2.038053639370450107e-24
9.915368684393603971e+00 1.984758591106420933e-24
9.992639397747167251e+00 1.933341162618727605e-24
1.007051228368071882e+01 1.885055357148675362e-24
1.014899203494005953e+01 1.838561039996949315e-24
1.022808338084167801e+01 1.793660090087067009e-24
1.030779108755775475e+01 1.750299423792895539e-24
1.038811995840335101e+01 1.708427744101026024e-24
1.046907483412588746e+01 1.667995479330338135e-24
1.055066059319685934e+01 1.628954722538246195e-24
1.063288215210579679e+01 1.591259171217759632e-24
1.071574446565655414e+01 1.554864067267639612e-24
1.079925252726591012e+01 1.519726145782926203e-24
1.088341136926445074e+01 1.485803574875857735e-24
1.096822606319983606e+01 1.453055908163078636e-24
1.105370172014243657e+01 1.421444031364702771e-24
1.113984349099330551e+01 1.390930112624054428e-24
1.122665656679461144e+01 1.361477557702059302e-24
1.131414617904242803e+01 1.333050961852347450e-24
1.140231760000200723e+01 1.305616067487666463e-24
1.149117614302551083e+01 1.279139721605710073e-24
1.158072716287217041e+01 1.253589836882029032e-24
1.167097605603098742e+01 1.228935350391238145e-24
1.176192826104595213e+01 1.205146188325327689e-24
1.185358925884374592e+01 1.182193230024722603e-24
1.194596457306404602e+01 1.160048274435923678e-24
1.203905977039241115e+01 1.138684007622438146e-24
1.213288046089569505e+01 1.118073971366246686e-24
1.222743229836014933e+01 1.098192534175093737e-24
1.232272098063213228e+01 1.079014863949873387e-24
1.241875224996144311e+01 1.060516900206212700e-24
1.251553189334737759e+01 1.042675329173521027e-24
1.261306574288748017e+01 1.025467559436064912e-24
1.271135967612895179e+01 1.008871698495649487e-24
1.281041961642286786e+01 9.928665328939302008e-25
1.291025153328114428e+01 9.774315043669827787e-25
1.301086144273622835e+01 9.625466920471002776e-25
1.311225540770366216e+01 9.481927933205313697e-25
1.321443953834745422e+01 9.343511047102114727e-25
1.331741999244825436e+01 9.210035063558144268e-25
1.342120297577444710e+01 9.081324439843872997e-25
1.352579474245614577e+01 8.957209145138670139e-25
1.363120159536203424e+01 8.837524497644027984e-25
1.373742988647920527e+01 8.722111028632181519e-25
1.384448601729596717e+01 8.610814341244439468e-25
1.395237643918756554e+01 8.503484969935311731e-25
1.406110765380496730e+01 8.399978262241147991e-25
1.417068621346669133e+01 8.300154247541534596e-25
1.428111872155361617e+01 8.203877511436421929e-25
1.439241183290693016e+01 8.111017087882868388e-25
1.450457225422918128e+01 8.021446337086419240e-25
1.461760674448840014e+01 7.935042835628191481e-25
1.473152211532542033e+01 7.851688267879529081e-25
1.484632523146438210e+01 7.771268315644088058e-25
1.496202301112636057e+01 7.693672559066513279e-25
1.507862242644633000e+01 7.618794373182924035e-25
1.519613050389326148e+01 7.546530821812493842e-25
1.531455432469357625e+01 7.476782560614784897e-25
1.543390102525788343e+01 7.409453745534992114e-25
1.555417779761100050e+01 7.344451923974502377e-25
1.567539188982537013e+01 7.281687956594618010e-25
1.579755060645786280e+01 7.221075905126180235e-25
1.592066130898992427e+01 7.162532959042818398e-25
1.604473141627120114e+01 7.105979328245158400e-25
1.616976840496664281e+01 7.051338169818620275e-25
1.629577981000701570e+01 6.998535485644252010e-25
1.642277322504298454e+01 6.947500044296846135e-25
1.655075630290274091e+01 6.898163292656380544e-25
1.667973675605313844e+01 6.850459273874918300e-25
1.680972235706447293e+01 6.804324544007350566e-25
1.694072093907889709e+01 6.759698089888473945e-25
1.707274039628241269e+01 6.716521250148702027e-25
1.720578868438059672e+01 6.674737640045603329e-25
1.733987382107807917e+01 6.634293070202842832e-25
1.747500388656161974e+01 6.595135475220013147e-25
1.761118702398708180e+01 6.557214838513055705e-25
1.774843143997016526e+01 6.520483121985517404e-25
1.788674540508091226e+01 6.484894196023796465e-25
1.802613725434210679e+01 6.450403769475538298e-25
1.816661538773160700e+01 6.416969324613125685e-25
1.830818827068848265e+01 6.384550051742494748e-25
1.845086443462317405e+01 6.353106785836689443e-25
1.859465247743164085e+01 6.322601946006882168e-25
1.873956106401342936e+01 6.292999473583536677e-25
1.888559892679387175e+01 6.264264776561272233e-25
1.903277486625032822e+01 6.236364671656081061e-25
1.918109775144246498e+01 6.209267331345347902e-25
1.933057652054675302e+01 6.182942228212190100e-25
1.948122018139512690e+01 6.157360085682461984e-25
1.963303781201774356e+01 6.132492830583511012e-25
1.978603856119007531e+01 6.108313539541352518e-25
1.994023164898425549e+01 6.084796398197289019e-25
2.009562636732463758e+01 6.061916653290245847e-25
2.025223208054777757e+01 6.039650570397186285e-25
2.041005822596676111e+01 6.017975393466917818e-25
2.056911431443985094e+01 5.996869303145103575e-25
2.072940993094369944e+01 5.976311378159816566e-25
2.089095473515089907e+01 5.956281559477671663e-25
2.105375846201209811e+01 5.936760613529259007e-25
2.121783092234269219e+01 5.917730097712061905e-25
2.138318200341397457e+01 5.899172327045954282e-25
2.154982166954898304e+01 5.881070343481837564e-25
2.171775996272300446e+01 5.863407884947663845e-25
2.188700700316866232e+01 5.846169354136202037e-25
2.205757298998579330e+01 5.829339793491961739e-25
2.222946820175610938e+01 5.812904855634490795e-25
2.240270299716252822e+01 5.796850778294478317e-25
2.257728781561344533e+01 5.781164359545118928e-25
2.275323317787184862e+01 5.765832933847567463e-25
2.293054968668926463e+01 5.750844349248216491e-25
2.310924802744472473e+01 5.736186944828661967e-25
2.328933896878871934e+01 5.721849530726221565e-25
2.347083336329205494e+01 5.707821367065084738e-25
2.365374214809989795e+01 5.694092145740114817e-25
2.383807634559089195e+01 5.680651970787504869e-25
2.402384706404131620e+01 5.667491341833312138e-25
2.421106549829451282e+01 5.654601136328189882e-25
2.439974293043556486e+01 5.641972594070757117e-25
2.458989073047107254e+01 5.629597301205315761e-25
2.478152035701439360e+01 5.617467175949599745e-25
2.497464335797616286e+01 5.605574453878336956e-25
2.516927137126014813e+01 5.593911674804492594e-25
2.536541612546457714e+01 5.582471669783190971e-25
2.556308944058897836e+01 5.571247548642501226e-25
2.576230322874638290e+01 5.560232688125440621e-25
2.596306949488122484e+01 5.549420720730338098e-25
2.616540033749279459e+01 5.538805523699681154e-25
2.636930794936425215e+01 5.528381208795295880e-25
2.657480461829742424e+01 5.518142112507426756e-25
2.678190272785330706e+01 5.508082786275629258e-25
2.699061475809826760e+01 5.498197987962714635e-25
2.720095328635613185e+01 5.488482672673227102e-25
2.741293098796615979e+01 5.478931984864740747e-25
2.762656063704679710e+01 5.469541250362772318e-25
2.784185510726555535e+01 5.460305968778895006e-25
2.805882737261472570e+01 5.451221806352754783e-25
2.827749050819322818e+01 5.442284588989203177e-25
2.849785769099460708e+01 5.433490295602930195e-25
2.871994220070099502e+01 5.424835052103458816e-25
2.894375742048341138e+01 5.416315125142335126e-25
2.916931683780831364e+01 5.407926916322862643e-25
2.939663404525025925e+01 5.399666956770110950e-25
2.962572274131109040e+01 5.391531901850296607e-25
2.985659673124544611e+01 5.383518526248430863e-25
3.008926992789260524e+01 5.375623718902676446e-25
3.032375635251500157e+01 5.367844478628127188e-25
3.056007013564306618e+01 5.360177909460034816e-25
3.079822551792681296e+01 5.352621216862870889e-25
3.103823685099403207e+01 5.345171703095122066e-25
3.128011859831505959e+01 5.337826763913661292e-25
3.152388533607441090e+01 5.330583884579596149e-25
3.176955175404921761e+01 5.323440636321943796e-25
3.201713265649436124e+01 5.316394673114040667e-25
3.226664296303464141e+01 5.309443728241334069e-25
3.251809770956392498e+01 5.302585611404170639e-25
3.277151204915110583e+01 5.295818205566368539e-25
3.302690125295332990e+01 5.289139464250336083e-25
3.328428071113629017e+01 5.282547408709107832e-25
3.354366593380158434e+01 5.276040125391546226e-25
3.380507255192139837e+01 5.269615763476495152e-25
3.406851631828053684e+01 5.263272532337633516e-25
3.433401310842558019e+01 5.257008699447652390e-25
3.460157892162165183e+01 5.250822588012941806e-25
3.487122988181658201e+01 5.244712575004672619e-25
3.514298223861248260e+01 5.238677089000507144e-25
3.541685236824501004e+01 5.232714608442587240e-25
3.569285677457028783e+01 5.226823659616881565e-25
3.597101209005933953e+01 5.221002814930935739e-25
3.625133507680045142e+01 5.215250691281853639e-25
3.653384262750932976e+01 5.209565948297756018e-25
3.681855176654698880e+01 5.203947286905625222e-25
3.710547965094568923e+01 5.198393447721317825e-25
3.739464357144293416e+01 5.192903209685018646e-25
3.768606095352331664e+01 5.187475388652815758e-25
3.797974935846865918e+01 5.182108836033414492e-25
3.827572648441636005e+01 5.176802437590991029e-25
3.857401016742574740e+01 5.171555112180608431e-25
3.887461838255303803e+01 5.166365810570311617e-25
3.917756924493453852e+01 5.161233514322338665e-25
3.948288101087822355e+01 5.156157234736529563e-25
3.979057207896390480e+01 5.151136011791578641e-25
4.010066099115206129e+01 5.146168913168962841e-25
4.041316643390103280e+01 5.141255033250057694e-25
4.072810723929327992e+01 5.136393492255430251e-25
4.104550238617008517e+01 5.131583435319497274e-25
4.136537100127531374e+01 5.126824031679120984e-25
4.168773236040807717e+01 5.122114473833132428e-25
4.201260588958419362e+01 5.117453976749158404e-25
4.234001116620692784e+01 5.112841777153696343e-25
4.266996792024676921e+01 5.108277132771034979e-25
4.300249603543031185e+01 5.103759321632633051e-25
4.333761555043851388e+01 5.099287641433993489e-25
4.367534666011432876e+01 5.094861408853452496e-25
4.401570971667955945e+01 5.090479958979687169e-25
4.435872523096138309e+01 5.086142644668764169e-25
4.470441387362842534e+01 5.081848836014421561e-25
4.505279647643626362e+01 5.077597919761877328e-25
4.540389403348287800e+01 5.073389298814942756e-25
4.575772770247383647e+01 5.069222391694993812e-25
4.611431880599715782e+01 5.065096632072749702e-25
4.647368883280831398e+01 5.061011468283708389e-25
4.683585943912525096e+01 5.056966362886477544e-25
4.720085244993330065e+01 5.052960792210425957e-25
4.756868986030042379e+01 5.048994245950634817e-25
4.793939383670277010e+01 5.045066226756422337e-25
4.831298671836032099e+01 5.041176249837117854e-25
4.868949101858314776e+01 5.037323842603187989e-25
4.906892942612816455e+01 5.033508544282844576e-25
4.945132480656627649e+01 5.029729905594962440e-25
4.983670020366032816e+01 5.025987488398175965e-25
5.022507884075386642e+01 5.022280865379326259e-25
5.061648412217044779e+01 5.018609619738481006e-25
5.101093963462410130e+01 5.014973344888577303e-25
5.140846914864078343e+01 5.011371644167238189e-25
5.180909661999065463e+01 5.007804130568081277e-25
5.221284619113180980e+01 5.004270426456913088e-25
5.261974219266517139e+01 5.000770163328983957e-25
5.302980914480057351e+01 4.997302981550423357e-25
5.344307175883443506e+01 4.993868530127888009e-25
5.385955493863902177e+01 4.990466466466899523e-25
5.427928378216299166e+01 4.987096456163560581e-25
5.470228358294394866e+01 4.983758172777998599e-25
5.512857983163273445e+01 4.980451297636222382e-25
5.555819821752935184e+01 4.977175519626975578e-25
5.599116463013128708e+01 4.973930535013601559e-25
5.642750516069339994e+01 4.970716047244484860e-25
5.686724610380037603e+01 4.967531766782456639e-25
5.731041395895132240e+01 4.964377410925262713e-25
5.775703543215650626e+01 4.961252703648371492e-25
5.820713743754681246e+01 4.958157375438947342e-25
5.866074709899567097e+01 4.955091163145376288e-25
5.911789175175346145e+01 4.952053809832548885e-25
5.957859894409484980e+01 4.949045064634424753e-25
6.004289643897896411e+01 4.946064682617554015e-25
6.051081221572227520e+01 4.943112424651918016e-25
6.098237447168475001e+01 4.940188057281859123e-25
6.145761162396918564e+01 4.937291352603708094e-25
6.193655231113346105e+01 4.934422088144987336e-25
6.241922539491645239e+01 4.931580046755791554e-25
6.290565996197736354e+01 4.928765016493176049e-25
6.339588532564837209e+01 4.925976790522091926e-25
6.388993102770116650e+01 4.923215167008297644e-25
6.438782684012728907e+01 4.920479949022378062e-25
6.488960276693207163e+01 4.917770944445809588e-25
6.539528904594276071e+01 4.915087965881448117e-25
6.590491615063088204e+01 4.912430830563784634e-25
6.641851479194833985e+01 4.909799360277042636e-25
6.693611592017829537e+01 4.907193381274329846e-25
6.745775072680027051e+01 4.904612724198871817e-25
6.798345064636970392e+01 4.902057224009870386e-25
6.851324735841228630e+01 4.899526719911761872e-25
6.904717278933314617e+01 4.897021055284197099e-25
6.958525911434054478e+01 4.894540077617401151e-25
7.012753875938497572e+01 4.892083638445720284e-25
7.067404440311324265e+01 4.889651593290817081e-25
7.122480897883757223e+01 4.887243801600077303e-25
7.177986567652027361e+01 4.884860126690796867e-25
7.233924794477398734e+01 4.882500435698387544e-25
7.290298949287712560e+01 4.880164599523461347e-25
7.347112429280528545e+01 4.877852492782185179e-25
7.404368658127866354e+01 4.875563993760555938e-25
7.462071086182491797e+01 4.873298984368390019e-25
7.520223190685867110e+01 4.871057350096264402e-25
7.578828475977674373e+01 4.868838979974737101e-25
7.637890473707000183e+01 4.866643766535572379e-25
7.697412743045173045e+01 4.864471605772899848e-25
7.757398870900217958e+01 4.862322397109770729e-25
7.817852472133024833e+01 4.860196043362451299e-25
7.878777189775192369e+01 4.858092450709671775e-25
7.940176695248545968e+01 4.856011528660702452e-25
8.002054688586392217e+01 4.853953190028951008e-25
8.064414898656497144e+01 4.851917350901730249e-25
8.127261083385778306e+01 4.849903930616918123e-25
8.190597029986767552e+01 4.847912851737691022e-25
8.254426555185850134e+01 4.845944040029649389e-25
8.318753505453241814e+01 4.843997424440010557e-25
8.383581757234797749e+01 4.842072937077103716e-25
8.448915217185621884e+01 4.840170513192360054e-25
8.514757822405468346e+01 4.838290091162582996e-25
8.581113540676001605e+01 4.836431612474342601e-25
8.647986370699926795e+01 4.834595021709168921e-25
8.715380342341917697e+01 4.832780266529875859e-25
8.783299516871490198e+01 4.830987297668754803e-25
8.851747987207740209e+01 4.829216068916569052e-25
8.920729878165977311e+01 4.827466537112282024e-25
8.990249346706292499e+01 4.825738662134889401e-25
9.060310582184085604e+01 4.824032406895675561e-25
9.130917806602495546e+01 4.822347737331778668e-25
9.202075274866830057e+01 4.820684622401073594e-25
9.273787275041000555e+01 4.819043034077713310e-25
9.346058128605885429e+01 4.817422947348964229e-25
9.418892190719775215e+01 4.815824340213591745e-25
9.492293850480828610e+01 4.814247193680287085e-25
9.566267531191542162e+01 4.812691491767534150e-25
9.640817690625316061e+01 4.811157221505299289e-25
9.715948821295106086e+01 4.809644372936486889e-25
9.791665450724114805e+01 4.808152939120019542e-25
9.867972141718647094e+01 4.806682916134877882e-25
9.944873492643085910e+01 4.805234303085399500e-25
1.002237413769696843e+02 4.803807102106866209e-25
1.010047874719425067e+02 4.802401318372687424e-25
1.017919202784478472e+02 4.801016960102073928e-25
1.025851872303792192e+02 4.799654038569616320e-25
1.033846361312837132e+02 4.798312568114523664e-25
1.041903151572423241e+02 4.796992566151776910e-25
1.050022728597737967e+02 4.795694053184517501e-25
1.058205581687600016e+02 4.794417052816135684e-25
1.066452203953943325e+02 4.793161591764875104e-25
1.074763092351537921e+02 4.791927699878686278e-25
1.083138747707935323e+02 4.790715410151075567e-25
1.091579674753644582e+02 4.789524758738552082e-25
1.100086382152555871e+02 4.788355784978426324e-25
1.108659382532589319e+02 4.787208531408681543e-25
1.117299192516584156e+02 4.786083043788124289e-25
1.126006332753437249e+02 4.784979371118311051e-25
1.134781327949475127e+02 4.783897565666466725e-25
1.143624706900070578e+02 4.782837682989903672e-25
1.152537002521514893e+02 4.781799781961598823e-25
1.161518751883129568e+02 4.780783924797391677e-25
1.170570496239626834e+02 4.779790177084738917e-25
1.179692781063733946e+02 4.778818607812934712e-25
1.188886156079060470e+02 4.777869289405393653e-25
1.198151175293222082e+02 4.776942297753420501e-25
1.207488397031233518e+02 4.776037712252187659e-25
1.216898383969149506e+02 4.775155615839345571e-25
1.226381703167970159e+02 4.774296095035219119e-25
1.235938926107819071e+02 4.773459239986751825e-25
1.245570628722379070e+02 4.772645144513051666e-25
1.255277391433594403e+02 4.771853906155873967e-25
1.265059799186655596e+02 4.771085626232258747e-25
1.274918441485245921e+02 4.770340409892369636e-25
1.284853912427061289e+02 4.769618366181604979e-25
1.294866810739619325e+02 4.768919608108123552e-25
1.304957739816336186e+02 4.768244252716366228e-25
1.315127307752884178e+02 4.767592421168072330e-25
1.325376127383843823e+02 4.766964238830925685e-25
1.335704816319631050e+02 4.766359835377007780e-25
1.346113996983710308e+02 4.765779344892154558e-25
1.356604296650112076e+02 4.765222905998699148e-25
1.367176347481229470e+02 4.764690661993114904e-25
1.377830786565907033e+02 4.764182761002446159e-25
1.388568255957844144e+02 4.763699356162421327e-25
1.399389402714279811e+02 4.763240605821917291e-25
1.410294878934981853e+02 4.762806673779147441e-25
1.421285341801552420e+02 4.762397729556881637e-25
1.432361453617025404e+02 4.762013948724416867e-25
1.443523881845774781e+02 4.761655513278449354e-25
1.454773299153745256e+02 4.761322612095584780e-25
1.466110383448984180e+02 4.761015441475505756e-25
1.477535817922487809e+02 4.760734205796759920e-25
1.489050291089381517e+02 4.760479118316479043e-25
1.500654496830406970e+02 4.760250402152775480e-25
1.512349134433729603e+02 4.760048291502896863e-25
1.524134908637090291e+02 4.759873033167587885e-25
1.536012529670268520e+02 4.759724888476341585e-25
1.547982713297877240e+02 4.759604135744749165e-25
1.560046180862505310e+02 4.759511073444551113e-25
1.572203659328182255e+02 4.759446024338332056e-25
1.584455881324181519e+02 4.759409340941421277e-25
1.596803585189179557e+02 4.759401412828832646e-25
1.609247515015744341e+02 4.759422676552363114e-25
1.621788420695170316e+02 4.759473629308181243e-25
1.634427057962678873e+02 4.759554848093598748e-25
1.647164188442954185e+02 4.759667017062022495e-25
1.660000579696035743e+02 4.759810967397343773e-25
1.672937005263582364e+02 4.759987736792729204e-25
1.685974244715482087e+02 4.760198660501140132e-25
1.699113083696825299e+02 4.760445514882042101e-25
1.712354313975259004e+02 4.760730751478707059e-25
1.725698733488695211e+02 4.761057893951936658e-25
1.739147146393390528e+02 4.761432242811238840e-25
1.752700363112416539e+02 4.761862197039952571e-25
1.766359200384491714e+02 4.762361903002101008e-25
1.780124481313194451e+02 4.762957020804617759e-25
1.793997035416574590e+02 4.763698677277369840e-25
1.807977698677136971e+02 4.764702339894038282e-25
1.822067313592213509e+02 4.766280007680131045e-25
1.836266729224743983e+02 4.769552937949693986e-25
1.850576801254436248e+02 4.781526003320072614e-25
1.864998392029326340e+02 5.154383161535548219e-25
1.879532370617755248e+02 4.805955396987871159e-25
1.894179612860732789e+02 4.773239557656525856e-25
1.908941001424721833e+02 4.769612733774508874e-25
1.923817425854821010e+02 4.769033981716327162e-25
1.938809782628381413e+02 4.769246669651181653e-25
1.953918975209024325e+02 4.769767153275357440e-25
1.969145914101080166e+02 4.770443616204055255e-25
1.984491516904466835e+02 4.771216732951888016e-25
1.999956708369982152e+02 4.772059773251624483e-25
2.015542420455023489e+02 4.772959453940110077e-25
2.031249592379760713e+02 4.773908710411803370e-25
2.047079170683730354e+02 4.774903615494813728e-25
2.063032109282868873e+02 4.775941938053099650e-25
2.079109369527008937e+02 4.777022417023133011e-25
2.095311920257806548e+02 4.778144373138932360e-25
2.111640737867118389e+02 4.779307490644468271e-25
2.128096806355852948e+02 4.780511689294421439e-25
2.144681117393262753e+02 4.781757046548555980e-25
2.161394670376696752e+02 4.783043748782607837e-25
2.178238472491838138e+02 4.784372059855027674e-25
2.195213538773393793e+02 4.785742300368775470e-25
2.212320892166253827e+02 4.787154833701539931e-25
2.229561563587150204e+02 4.788610056419044831e-25
2.246936591986774658e+02 4.790108391590088856e-25
2.264447024412380358e+02 4.791650284056951433e-25
2.282093916070892590e+02 4.793236197048737486e-25
2.299878330392489829e+02 4.794866609729948251e-25
2.317801339094681907e+02 4.796542015410700209e-25
2.335864022246906018e+02 4.798262920231026404e-25
2.354067468335608453e+02 4.800029842189252300e-25
2.372412774329828551e+02 4.801843310422370079e-25
2.390901045747320666e+02 4.803703864673895103e-25
2.409533396721166127e+02 4.805612054901523550e-25
2.428310950066905889e+02 4.807568440990916995e-25
2.447234837350216878e+02 4.809573592549877014e-25
2.466306198955096249e+02 4.811628088765252630e-25
2.485526184152573421e+02 4.813732518307121911e-25
2.504895951169983448e+02 4.815887479271467331e-25
2.524416667260755673e+02 4.818093579151390855e-25
2.544089508774746662e+02 4.820351434832997873e-25
2.563915661229143552e+02 4.822661672608847425e-25
2.583896319379898614e+02 4.825024928207452517e-25
2.604032687293719732e+02 4.827441846834583137e-25
2.624325978420643537e+02 4.829913083224594032e-25
2.644777415667152241e+02 4.832439301700533792e-25
2.665388231469862035e+02 4.835021176240538247e-25
2.686159667869804935e+02 4.837659390551310795e-25
2.707092976587269959e+02 4.840354638145475446e-25
2.728189419097225255e+02 4.843107622424648455e-25
2.749450266705351851e+02 4.845919056766196231e-25
2.770876800624648695e+02 4.848789664613906364e-25
2.792470312052630561e+02 4.851720179572583693e-25
2.814232102249154082e+02 4.854711345506475916e-25
2.836163482614826989e+02 4.857763916641449767e-25
2.858265774770025587e+02 4.860878657671844367e-25
2.880540310634554544e+02 4.864056343871607791e-25
2.902988432507903553e+02 4.867297761210959367e-25
2.925611493150125284e+02 4.870603706479574140e-25
2.948410855863375559e+02 4.873974987416959888e-25
2.971387894574056077e+02 4.877412422852300544e-25
2.994543993915602869e+02 4.880916842855316201e-25
3.017880549311942673e+02 4.884489088901598228e-25
3.041398967061576855e+02 4.888130014055764149e-25
3.065100664422314480e+02 4.891840483177302315e-25
3.088987069696701724e+02 4.895621373157183305e-25
3.113059622318079391e+02 4.899473573192899888e-25
3.137319772937320295e+02 4.903397985116139750e-25
3.161768983510263524e+02 4.907395523790733493e-25
3.186408727385806401e+02 4.911467117606487157e-25
3.211240489394681958e+02 4.915613709105474595e-25
3.236265765938954928e+02 4.919836255794961604e-25
3.261486065082187338e+02 4.924135731227207696e-25
3.286902906640310107e+02 4.928513126467141502e-25
3.312517822273226216e+02 4.932969452138967157e-25
3.338332355577101112e+02 4.937505741352357278e-25
3.364348062177374459e+02 4.942123054006012174e-25
3.390566509822522789e+02 4.946822483308721185e-25
3.416989278478527012e+02 4.951605165996642945e-25
3.443617960424069793e+02 4.956472298960103598e-25
3.470454160346512253e+02 4.961425167502423134e-25
3.497499495438582926e+02 4.966465195897664768e-25
3.524755595495823854e+02 4.971594043586946063e-25
3.552224103014823982e+02 4.976813802631998733e-25
3.579906673292189225e+02 4.982127443918605327e-25
3.607804974524281647e+02 4.987539961631720431e-25
3.635920687907769207e+02 4.993061873169509416e-25
3.664255507740929261e+02 4.998723169088853852e-25
3.692811141525733660e+02 5.004661681663720302e-25
3.721589310070772285e+02 5.013005897659522860e-25
3.750591747594938852e+02 5.018457695863028039e-25
3.779820201831925033e+02 5.021860272741849828e-25
3.809276434135567797e+02 5.027780389611509147e-25
3.838962219585976641e+02 5.033910347506100351e-25
3.868879347096493007e+02 5.040160033179992975e-25
3.899029619521515997e+02 5.046516579390998035e-25
3.929414853765134694e+02 5.052977853721032673e-25
3.960036880890602902e+02 5.059544125388135070e-25
3.990897546230708599e+02 5.066216359035371828e-25
4.021998709498963649e+02 5.072995757945959302e-25
4.053342244901661502e+02 5.079883619439229103e-25
4.084930041250843828e+02 5.086881283841355789e-25
4.116764002078110138e+02 5.093990115254981014e-25
4.148846045749318137e+02 5.101211494130001067e-25
4.181178105580209490e+02 5.108546814482060712e-25
4.213762129952903024e+02 5.115997483003483646e-25
4.246600082433295711e+02 5.123564918947719571e-25
4.279693941889414077e+02 5.131250554316749215e-25
4.313045702610652938e+02 5.139055834150220126e-25
4.346657374427940113e+02 5.146982216831992642e-25
4.380530982834878273e+02 5.155031174380599034e-25
4.414668569109793452e+02 5.163204192713349534e-25
4.449072190438729422e+02 5.171502771881366006e-25
4.483743920039445356e+02 5.179928426280930318e-25
4.518685847286337207e+02 5.188482684843406574e-25
4.553900077836335072e+02 5.197167091210216208e-25
4.589388733755817498e+02 5.205983203896867197e-25
4.625153953648480751e+02 5.214932596451552128e-25
4.661197892784197165e+02 5.224016857613360553e-25
4.697522723228924519e+02 5.233237591476295347e-25
4.734130633975585738e+02 5.242596417665359011e-25
4.771023831075963244e+02 5.252094971533937537e-25
4.808204537773672200e+02 5.261734904394212914e-25
4.845674994638119415e+02 5.271517883795442128e-25
4.883437459699508736e+02 5.281445593873922040e-25
4.921494208584945795e+02 5.291519735807375800e-25
4.959847534655552863e+02 5.301742028423826788e-25
4.998499749144658608e+02 5.312114209043664902e-25
5.037453181297104834e+02 5.322638034679373546e-25
5.076710178509595153e+02 5.333315283798615956e-25
5.116273106472139034e+02 5.344147759001392352e-25
5.156144349310642383e+02 5.355137291235378302e-25
5.196326309730563935e+02 5.366285746704142465e-25
5.236821409161686915e+02 5.377595038737057125e-25
5.277632087904075888e+02 5.389067149353056044e-25
5.318760805275113626e+02 5.400704171201541888e-25
5.360210039757685081e+02 5.412508396449007870e-25
5.401982289149573262e+02 5.424482527488313069e-25
5.444080070713953319e+02 5.436630259363276358e-25
5.486505921331101945e+02 5.448958299088227926e-25
5.529262397651248193e+02 5.461486598123526438e-25
5.572352076248678259e+02 5.474370551309058015e-25
5.615777553776983950e+02 5.487830480733645751e-25
5.659541447125526474e+02 5.499832410585683943e-25
5.703646393577165554e+02 5.513040755265949758e-25
5.748095050967175439e+02 5.526431603820276850e-25
5.792890097843385320e+02 5.540004441202794020e-25
5.838034233627633967e+02 5.553762710138813227e-25
5.883530178778419213e+02 5.567709301959689928e-25
5.929380674954823007e+02 5.581846749933562362e-25
5.975588485181762053e+02 5.596177408940813769e-25
6.022156394016473087e+02 5.610703545912169336e-25
6.069087207716299872e+02 5.625427385110475201e-25
6.116383754407836477e+02 5.640351131943860250e-25
6.164048884257337022e+02 5.655476986181346161e-25
6.212085469642455564e+02 5.670807149662698109e-25
6.260496405325370688e+02 5.686343831004559569e-25
6.309284608627218631e+02 5.702089248596821394e-25
6.358453019603869052e+02 5.718045632590918159e-25
6.408004601223141208e+02 5.734215226279131198e-25
6.457942339543335493e+02 5.750600287103795499e-25
6.508269243893156499e+02 5.767203087446527534e-25
6.558988347053104917e+02 5.784025915301821167e-25
6.610102705438212070e+02 5.801071074916863728e-25
6.661615399282209182e+02 5.818340887473267629e-25
6.713529532823184809e+02 5.835837691900164401e-25
6.765848234490631512e+02 5.853563845938601968e-25
6.818574657093947735e+02 5.871521727646003854e-25
6.871711978012478994e+02 5.889713737657552148e-25
6.925263399386961964e+02 5.908142302775811136e-25
6.979232148312477193e+02 5.926809881983752837e-25
7.033621477032955909e+02 5.945718977114848720e-25
7.088434663137147709e+02 5.964872153105598497e-25
7.143675009756112786e+02 5.984272079732244091e-25
7.199345845762311455e+02 6.003921627228914771e-25
7.255450525970192075e+02 6.023824119169384123e-25
7.311992431338331926e+02 6.043984157156576377e-25
7.368974969173224281e+02 6.064411419042045338e-25
7.426401573334585464e+02 6.085157672998646123e-25
7.484275704442266033e+02 6.106031898855875631e-25
7.542600850084832018e+02 6.127081121947430751e-25
7.601380525029715045e+02 6.148562492501486966e-25
7.660618271434990447e+02 6.170298999823761276e-25
7.720317659062886833e+02 6.192302424219709148e-25
7.780482285494875896e+02 6.214577976800290929e-25
7.841115776348444797e+02 6.237129299772030837e-25
7.902221785495635231e+02 6.259959534706012131e-25
7.963803995283201402e+02 6.283071623384803125e-25
8.025866116754493760e+02 6.306468300684549610e-25
8.088411889873140126e+02 6.330152515067217572e-25
8.151445083748395746e+02 6.354127019043111101e-25
8.214969496862253209e+02 6.378394610786225895e-25
8.278988957298396372e+02 6.402958096987557889e-25
8.343507322972856173e+02 6.427820296135109939e-25
8.408528481866477478e+02 6.452984041336823136e-25
8.474056352259257210e+02 6.478452182607996064e-25
8.540094882966449177e+02 6.504227589024784936e-25
8.606648053576492430e+02 6.530313151165012003e-25
8.673719874690885945e+02 6.556711784391671170e-25
8.741314388165844775e+02 6.583426433907216671e-25
8.809435667355842270e+02 6.610460083401615309e-25
8.878087817359131577e+02 6.637815771297422169e-25
8.947274975265096373e+02 6.665496624394228911e-25
9.017001310403536536e+02 6.693505936188226700e-25
9.087271024595964946e+02 6.721847379839456484e-25
9.158088352408796027e+02 6.750525735925083762e-25
9.229457561408497668e+02 6.779550565168351780e-25
9.301382952418814511e+02 6.808984807447799084e-25
9.373868859779920513e+02 6.838435040408100420e-25
9.446919651609578068e+02 6.868543154641973817e-25
9.520539730066429911e+02 6.898944596010404751e-25
9.594733531615247557e+02 6.929689974176330703e-25
9.669505527294256808e+02 6.960787800533886146e-25
9.744860222984621032e+02 6.992242802744379412e-25
9.820802159681948069e+02 7.024058824633590281e-25
9.897335913769907165e+02 7.056239393165274939e-25
9.974466097296069620e+02 7.088787917521373955e-25
1.005219735824979466e+03 7.121709510496949425e-25
1.013053438084235040e+03 7.155007056415015406e-25
1.020948188578914824e+03 7.188682633500701036e-25
1.028904463059428053e+03 7.222739615833050804e-25
1.036922740983718768e+03 7.257181398276453779e-25
1.045003505546155566e+03 7.292011402068726098e-25
1.053147243706655672e+03 7.327233081407126639e-25
1.061354446220027512e+03 7.362849933446671155e-25
1.069625607665539974e+03 7.398865516587982985e-25
1.077961226476733827e+03 7.435283489272892591e-25
1.086361804971455058e+03 7.472107705627997259e-25
1.094827849382121485e+03 7.509342501053290234e-25
1.103359869886236311e+03 7.546993833428194477e-25
1.111958380637128130e+03 7.585077272610386579e-25
1.120623899794932186e+03 7.626278296623830879e-25
1.129356949557821736e+03 7.662364011340048983e-25
1.138158056193473385e+03 7.701717354615601440e-25
1.147027750070777074e+03 7.741485788719433225e-25
1.155966565691804135e+03 7.781684789184189366e-25
1.164975041724014091e+03 7.822320484238325011e-25
1.174053721032711564e+03 7.863397458116685665e-25
1.183203150713767400e+03 7.904919875764267082e-25
1.192423882126584203e+03 7.946891765696054561e-25
1.201716470927318369e+03 7.989318863829621791e-25
1.211081477102371991e+03 8.032204053350780204e-25
1.220519465002135348e+03 8.075550686656753642e-25
1.230031003374991315e+03 8.119362800397463509e-25
1.239616665401596720e+03 8.163644475989061354e-25
1.249277028729419499e+03 8.208399858310226203e-25
1.259012675507545055e+03 8.253633192389683050e-25
1.268824192421763883e+03 8.299348913008056783e-25
1.278712170729924765e+03 8.345551918124091067e-25
1.288677206297558541e+03 8.392248717179219732e-25
1.298719899633795194e+03 8.439456526523715746e-25
1.308840855927546954e+03 8.486817653381873866e-25
1.319040685083974950e+03 8.535245418852895241e-25
1.329320001761249159e+03 8.583953880592690859e-25
1.339679425407587132e+03 8.633163791006049454e-25
1.350119580298576466e+03 8.682886969535879993e-25
1.360641095574804922e+03 8.733129530793835960e-25
1.371244605279767711e+03 8.783896570144801566e-25
1.381930748398072865e+03 8.835192911412271113e-25
1.392700168893955606e+03 8.887023305281507116e-25
1.403553515750080123e+03 8.939392500424389039e-25
1.414491443006643976e+03 8.992305277440629835e-25
1.425514609800801281e+03 9.045766473599946545e-25
1.436623680406377389e+03 9.099781014578683103e-25
1.447819324273896427e+03 9.154353979293154328e-25
1.459102216070931036e+03 9.209490781418730527e-25
1.470473035722754730e+03 9.265197868364947940e-25
1.481932468453311458e+03 9.321487337851658684e-25
1.493481204826516205e+03 9.378790022779661619e-25
1.505119940787866653e+03 9.435726227405951331e-25
1.516849377706375208e+03 9.493780324141804150e-25
1.528670222416845718e+03 9.552415412424940285e-25
1.540583187262463071e+03 9.611646138362523534e-25
1.552588990137714973e+03 9.671479617481612452e-25
1.564688354531663890e+03 9.731921834331813375e-25
1.576882009571540493e+03 9.792978507594153573e-25
1.589170690066676798e+03 9.854655305667838030e-25
1.601555136552796966e+03 9.916957925445037257e-25
1.614036095336638937e+03 9.979892139240471523e-25
1.626614318540922113e+03 1.004346385268927573e-24
1.639290564149681586e+03 1.010767923850259857e-24
1.652065596053941363e+03 1.017254520638786928e-24
1.664940184097741849e+03 1.023807213307208397e-24
1.677915104124541813e+03 1.030434640040562794e-24
1.690991138023968006e+03 1.037103455940533991e-24
1.704169073778926304e+03 1.043857234874929677e-24
1.717449705513098706e+03 1.050677429385493025e-24
1.730833833538792760e+03 1.057565861629876107e-24
1.744322264405163878e+03 1.064523361801656447e-24
1.757915810946830561e+03 1.071550635970505092e-24
1.771615292332851595e+03 1.078648364978189304e-24
1.785421534116085240e+03 1.085817227984451743e-24
1.799335368282948593e+03 1.093057912018165088e-24
1.813357633303549846e+03 1.100371120864619049e-24
1.827489174182209808e+03 1.107757595262061669e-24
1.841730842508394517e+03 1.115218195206172486e-24
1.856083496508025974e+03 1.122754594669276761e-24
1.870548001095203745e+03 1.130349344767147363e-24
1.885125227924318551e+03 1.138045465316073807e-24
1.899816055442591278e+03 1.145809158223240730e-24
1.914621368943003745e+03 1.153649779141022753e-24
1.929542060617641937e+03 1.161568500670465472e-24
1.944579029611473061e+03 1.169566188805306616e-24
1.959733182076522326e+03 1.177643660423893834e-24
1.975005431226475366e+03 1.185801727987874058e-24
1.990396697391719727e+03 1.194041215354065373e-24
2.005907908074800844e+03 1.202362974047943510e-24
2.021539998006308224e+03 1.210767932072088489e-24
2.037293909201216138e+03 1.219257405808907192e-24
2.053170591015644732e+03 1.227861765501229161e-24
2.069171000204064057e+03 1.236485003947592234e-24
2.085296100976960588e+03 1.245231454887759361e-24
2.101546865058938693e+03 1.254064431275855526e-24
2.117924271747268904e+03 1.262985465254095164e-24
2.134429307970916398e+03 1.271995595080574073e-24
2.151062968350008305e+03 1.281095795626656441e-24
2.167826255255764409e+03 1.290287039538288656e-24
2.184720178870914424e+03 1.299570320254873878e-24
2.201745757250567294e+03 1.308946688300729924e-24
2.218904016383554790e+03 1.318417433475556553e-24
2.236195990254269873e+03 1.327988375010786046e-24
2.253622720904973448e+03 1.337639244904147323e-24
2.271185258498579060e+03 1.347398818051193227e-24
2.288884661381954174e+03 1.357255358232353527e-24
2.306721996149688039e+03 1.367210841913846442e-24
2.324698337708362033e+03 1.377266505684965616e-24
2.342814769341337978e+03 1.387423510829371257e-24
2.361072382774031212e+03 1.397683021825849647e-24
2.379472278239693878e+03 1.408046241753921419e-24
2.398015564545729376e+03 1.418514508206319097e-24
2.416703359140505199e+03 1.429090351515585449e-24
2.435536788180683743e+03 1.439764116133087681e-24
2.454516986599102438e+03 1.450556378646068931e-24
2.473645098173158203e+03 1.461456010358324768e-24
2.492922275593724407e+03 1.472466310035856226e-24
2.512349680534632625e+03 1.483588780507953108e-24
2.531928483722665987e+03 1.494824806453152063e-24
2.551659865008103225e+03 1.506175777812643048e-24
2.571545013435832971e+03 1.517643146026061421e-24
2.591585127317000570e+03 1.529228648264719236e-24
2.611781414301211498e+03 1.540948334210954150e-24
2.632135091449321862e+03 1.552753681578377317e-24
2.652647385306774140e+03 1.564701089651541098e-24
2.673319531977500901e+03 1.576771379394784084e-24
2.694152777198432432e+03 1.588966588124140010e-24
2.715148376414555969e+03 1.601288380615017865e-24
2.736307594854566105e+03 1.613738404294310893e-24
2.757631707607123190e+03 1.626318373024934699e-24
2.779121999697685624e+03 1.639030349955077552e-24
2.800779766165938327e+03 1.651826268454184030e-24
2.822606312143850573e+03 1.664850949450110793e-24
2.844602952934317727e+03 1.677967568555095214e-24
2.866771014090414610e+03 1.691222164358270283e-24
2.889111831495292336e+03 1.704616925271836473e-24
2.911626751442673140e+03 1.718153807741100584e-24
2.934317130717970031e+03 1.731834791050387117e-24
2.957184336680067190e+03 1.745662038728582131e-24
2.980229747343711097e+03 1.759640867997756950e-24
3.003454751462540571e+03 1.773758478103216543e-24
3.026860748612797124e+03 1.788036351327246120e-24
3.050449149277652850e+03 1.802467607112240137e-24
3.074221374932201797e+03 1.817055059585112634e-24
3.098178858129137552e+03 1.831801036452314923e-24
3.122323042585072017e+03 1.846707883532467722e-24
3.146655383267527668e+03 1.861778203852007620e-24
3.171177346482633311e+03 1.877033035454649317e-24
3.195890409963478305e+03 1.892413826364689417e-24
3.220796062959153005e+03 1.907987912174024598e-24
3.245895806324512705e+03 1.923734369600867814e-24
3.271191152610610516e+03 1.939656157778307526e-24
3.296683626155838283e+03 1.955756018417002124e-24
3.322374763177804653e+03 1.972036811569257012e-24
3.348266111865900257e+03 1.988502833335438343e-24
3.374359232474582768e+03 2.005148075277401056e-24
3.400655697417423198e+03 2.021988820255169269e-24
3.427157091361845232e+03 2.039020740143191839e-24
3.453865011324629904e+03 2.056247705108779125e-24
3.480781066768138317e+03 2.073672954355497122e-24
3.507906879697322438e+03 2.091299832289907864e-24
3.535244084757458495e+03 2.109133355755128501e-24
3.562794329332642974e+03 2.127167622314489897e-24
3.590559273645089434e+03 2.145419314339404993e-24
3.618540590855162463e+03 2.163885089262350993e-24
3.646739967162196990e+03 2.182569207177120715e-24
3.675159101906131582e+03 2.201475470644892859e-24
3.703799707669903000e+03 2.220607943957084106e-24
3.732663510382638378e+03 2.239946382062329952e-24
3.761752249423684134e+03 2.259562504585129175e-24
3.791067677727412502e+03 2.279395766945893590e-24
3.820611561888846154e+03 2.299470445347402593e-24
3.850385682270137295e+03 2.319791031891585256e-24
3.880391833107845287e+03 2.340362053046579460e-24
3.910631822621046013e+03 2.361191090399930334e-24
3.941107473120324357e+03 2.382269646843514738e-24
3.971820621117577048e+03 2.403618604988342388e-24
4.002773117436670418e+03 2.425235567136401459e-24
4.033966827324999485e+03 2.447125821518737121e-24
4.065403630565878302e+03 2.469294540139254323e-24
4.097085421591806153e+03 2.491750256762768812e-24
4.129014109598654613e+03 2.514484334282937573e-24
4.161191618660706808e+03 2.537518873475365875e-24
4.193619887846588426e+03 2.560852066762469136e-24
4.226300871336150522e+03 2.584489808715808687e-24
4.259236538538216337e+03 2.608438008940275524e-24
4.292428874209245805e+03 2.632690532571860559e-24
4.325879878572969574e+03 2.657284618239227277e-24
4.359591567440910694e+03 2.682197410599713865e-24
4.393565972333847640e+03 2.707443278948933169e-24
4.427805140604265034e+03 2.733028497471631942e-24
4.462311135559713875e+03 2.758960520803048716e-24
4.497086036587142189e+03 2.785238750717476951e-24
4.532131939278221580e+03 2.811878989011493427e-24
4.567450955555624205e+03 2.838882108595725830e-24
4.603045213800271085e+03 2.866254772538863309e-24
4.638916858979625431e+03 2.894003575957286510e-24
4.675068052776933655e+03 2.922129439514975054e-24
4.711500973721477749e+03 2.950647608238629681e-24
4.748217817319889036e+03 2.979557251774657044e-24
4.785220796188435088e+03 3.008864943421958845e-24
4.822512140186340730e+03 3.038576268020866943e-24
4.860094096550195900e+03 3.068691062149571155e-24
4.897968930029359399e+03 3.099223021972273057e-24
4.936138923022424024e+03 3.130169026230855500e-24
4.974606375714784917e+03 3.161533326940419844e-24
5.013373606217240194e+03 3.193318735522202906e-24
5.052442950705666590e+03 3.225521346616344578e-24
5.091816763561832886e+03 3.258149133554644419e-24
5.131497417515263805e+03 3.291195523042663933e-24
5.171487303786206212e+03 3.324657951325583427e-24
5.211788832229764921e+03 3.358534326918253553e-24
5.252404431481100801e+03 3.392804464888622437e-24
5.293336549101775745e+03 3.427472502535470762e-24
5.334587651727275443e+03 3.462518541195948999e-24
5.376160225215634455e+03 3.497925520129392618e-24
5.418056774797226353e+03 3.533666924400175095e-24
5.460279825225763489e+03 3.569724111782397685e-24
5.502831920930424531e+03 3.606057206284325110e-24
5.545715626169172538e+03 3.642626940203439730e-24
5.588933525183312668e+03 3.679408733862119156e-24
5.632488222353206766e+03 3.716268192429353454e-24
5.676382342355199398e+03 3.753213250911844358e-24
5.720618530319820820e+03 3.790134234019141333e-24
5.765199451991168644e+03 3.826935260067959625e-24
5.810127793887530970e+03 3.863493031022782751e-24
5.855406263463321011e+03 3.899682371205254459e-24
5.901037589272206787e+03 3.935340491661041067e-24
5.947024521131527763e+03 3.970284258650292549e-24
5.993369830288033882e+03 4.004293184025714803e-24
6.040076309584871524e+03 4.037126818284205862e-24
6.087146773629861855e+03 4.068494507702530108e-24
6.134584058965156146e+03 4.098068638722370541e-24
6.182391024238146201e+03 4.125465928681854606e-24
6.230570550373715378e+03 4.150267084075037431e-24
6.279125540747884770e+03 4.171984956107789714e-24
6.328058921362751789e+03 4.190083990186895957e-24
6.377373641022825723e+03 4.203945359734748259e-24
6.427072671512701163e+03 4.212930756806139558e-24
6.477159007776187536e+03 4.216320552871875760e-24
6.527635668096761037e+03 4.213353450728612681e-24
6.578505694279438103e+03 4.203251531222594248e-24
6.629772151834115903e+03 4.185208744604096057e-24
6.681438130160286164e+03 4.158448720374027919e-24
6.733506742733188730e+03 4.122244378732731910e-24
6.785981127291471239e+03 4.075977957454311261e-24
6.838864446026256701e+03 4.019175135290078554e-24
6.892159885771680820e+03 3.951564124706971612e-24
6.945870658196978184e+03 3.873170957406495874e-24
7.000000000000001819e+03 3.784291287197032851e-24
