3.000000000000000000e+00 2.324396060893287338e-20
3.023379074186677951e+00 2.056679702759050193e-20
3.046940342076630781e+00 1.824788980103697985e-20
3.070685223509894257e+00 1.623066011282641188e-20
3.094615149391351849e+00 1.446907458455574109e-20
3.118731561776963979e+00 1.292535782606875766e-20
3.143035913960669614e+00 1.156827083750680003e-20
3.167529670561962885e+00 1.037179881504602262e-20
3.192214307614152702e+00 9.314139435806261449e-21
3.217091312653314272e+00 8.376914577348963209e-21
3.242162184807927616e+00 7.544550183068207804e-21
3.267428434889215527e+00 6.803784066893949138e-21
3.292891585482193850e+00 6.143272058628945932e-21
3.318553171037419425e+00 5.553270452547113917e-21
3.344414737963458339e+00 5.025378178512571051e-21
3.370477844720079830e+00 4.552326098239496518e-21
3.396744061912168711e+00 4.127803768303105369e-21
3.423214972384368782e+00 3.746316201775435785e-21
3.449892171316475409e+00 3.403064807876475259e-21
3.476777266319557746e+00 3.093847939179136943e-21
3.503871877532837242e+00 2.814977432397254793e-21
3.531177637721321538e+00 2.563208266204634553e-21
3.558696192374196876e+00 2.335679032266803825e-21
3.586429199803984336e+00 2.129861363520034055e-21
3.614378331246479004e+00 1.943516816266008828e-21
3.642545270961456083e+00 1.774659981776325898e-21
3.670931716334169703e+00 1.621526825530794366e-21
3.699539377977637766e+00 1.482547430291407224e-21
3.728369979835728820e+00 1.356322462662004775e-21
3.757425259287050068e+00 1.241602798853594906e-21
3.786706967249639177e+00 1.137271839741005290e-21
3.816216868286484765e+00 1.042330122379962207e-21
3.845956740711859112e+00 9.558818984175543002e-22
3.875928376698477340e+00 8.771234018888775506e-22
3.906133582385504788e+00 8.053325719913624986e-22
3.936574177987393064e+00 7.398600321982475189e-22
3.967251997903568306e+00 6.801211568488151715e-22
3.998168890828979194e+00 6.255890812994552903e-22
4.029326719865498063e+00 5.757885325770368998e-22
4.060727362634198201e+00 5.302903750917996520e-22
4.092372711388496676e+00 4.887067808271963649e-22
4.124264673128191561e+00 4.506869459414753467e-22
4.156405169714378012e+00 4.159132864506468168e-22
4.188796137985258738e+00 3.840980547301584463e-22
4.221439529872867524e+00 3.549803263009311618e-22
4.254337312520692471e+00 3.283233130772661917e-22
4.287491468402215844e+00 3.039119648735468062e-22
4.320903995440390055e+00 2.815531489014995143e-22
4.354576907128027585e+00 2.610683153912605473e-22
4.388512232649141254e+00 2.422942835340124408e-22
4.422712017001222407e+00 2.250836515368903242e-22
4.457178321118484554e+00 2.093020577922169158e-22
4.491913221996044037e+00 1.948269426643947538e-22
4.526918812815098114e+00 1.815464369111640635e-22
4.562197203069056073e+00 1.693583632561145445e-22
4.597750518690657096e+00 1.581693394476090000e-22
4.633580902180091776e+00 1.478939721862652163e-22
4.669690512734105958e+00 1.384541326402176945e-22
4.706081526376117985e+00 1.297783051544923108e-22
4.742756136087351138e+00 1.218010016107318495e-22
4.779716551938987479e+00 1.144622346427101001e-22
4.816965001225343990e+00 1.077070435429883687e-22
4.854503728598102974e+00 1.014850672563734028e-22
4.892334996201570085e+00 9.575015933478703797e-23
4.930461083808994616e+00 9.046004021484758796e-23
4.968884288959960038e+00 8.557598256386318328e-23
5.007606927098831484e+00 8.106252587841995307e-23
5.046631331714285906e+00 7.688721684230157451e-23
5.085959854479939146e+00 7.302037238529656413e-23
5.125594865396055688e+00 6.943486268833211370e-23
5.165538752932373079e+00 6.610591174800171458e-23
5.205793924172026799e+00 6.301091345401460557e-23
5.246362804956618220e+00 6.012926138153777388e-23
5.287247840032386570e+00 5.744219087393310589e-23
5.328451493197543520e+00 5.493263214366186157e-23
5.369976247450735762e+00 5.258507342386085702e-23
5.411824605140684419e+00 5.038543334065241699e-23
5.453999088116976424e+00 4.832094182095317301e-23
5.496502237882029185e+00 4.638002904484467266e-23
5.539336615744256065e+00 4.455222192620805744e-23
5.582504802972412250e+00 4.282804778814644035e-23
5.626009400951136996e+00 4.119894487803199008e-23
5.669853031337731331e+00 3.965717939244921127e-23
5.714038336220133019e+00 3.819576873621420462e-23
5.758567978276136756e+00 3.680841073647878296e-23
5.803444640933850707e+00 3.548941845895524746e-23
5.848671028533408034e+00 3.423366041143388365e-23
5.894249866489925438e+00 3.302649384812361244e-23
5.940183901457753102e+00 3.184694911366128099e-23
5.986475901495984075e+00 3.072060436620509397e-23
6.033128656235260401e+00 2.964394879409981929e-23
6.080144977045891963e+00 2.861379588482131567e-23
6.127527697207263202e+00 2.762725053827032089e-23
6.175279672078572979e+00 2.668167935806983665e-23
6.223403779270908487e+00 2.577468382197060804e-23
6.271902918820651429e+00 2.490407609750191529e-23
6.320780013364233341e+00 2.406785729509038233e-23
6.370038008314270250e+00 2.326419791200138276e-23
6.419679872037050039e+00 2.249142028102671934e-23
6.469708596031408021e+00 2.174798284242673656e-23
6.520127195109008511e+00 2.103246605539587975e-23
6.570938707576019056e+00 2.034355978328221190e-23
6.622146195416195980e+00 1.968005205390535018e-23
6.673752744475415000e+00 1.903955094603968460e-23
6.725761464647628252e+00 1.842165759483782054e-23
6.778175490062257502e+00 1.782608180366041247e-23
6.830997979273086607e+00 1.725191317844139060e-23
6.884232115448578604e+00 1.669829897901936004e-23
6.937881106563702716e+00 1.616443849602630261e-23
6.991948185593272136e+00 1.564957804392537238e-23
7.046436610706736658e+00 1.515300652315782492e-23
7.101349665464545602e+00 1.467405146623983034e-23
7.156690659016025080e+00 1.421207555217602131e-23
7.212462926298772281e+00 1.376647348064259100e-23
7.268669828239636921e+00 1.333666922701232580e-23
7.325314751957265003e+00 1.292211359264075578e-23
7.382401110966188895e+00 1.252228203185469601e-23
7.439932345382551659e+00 1.213667273244082317e-23
7.497911922131407003e+00 1.176480490208517784e-23
7.556343335155633945e+00 1.140621724496115916e-23
7.615230105626504375e+00 1.106046661808454502e-23
7.674575782155860004e+00 1.072712682435108996e-23
7.734383941009959962e+00 1.040578752884451415e-23
7.794658186324999072e+00 1.009605331380172422e-23
7.855402150324295896e+00 9.797542808936237912e-24
7.916619493537168317e+00 9.509887914744309542e-24
7.978313905019535746e+00 9.232733115223760820e-24
8.040489102576222180e+00 8.965734834354704522e-24
8.103148832984988559e+00 8.708560870374437308e-24
8.166296872222336134e+00 8.460889868415434096e-24
8.229937025691045349e+00 8.222410833206931744e-24
8.294073128449483079e+00 7.992822703651367408e-24
8.358709045442731522e+00 7.771833918182352162e-24
8.423848671735486349e+00 7.559162058312073712e-24
8.489495932746768503e+00 7.354533468749636141e-24
8.555654784486495856e+00 7.157682936450676890e-24
8.622329213793868519e+00 6.968353366217839387e-24
8.689523238577617548e+00 6.786295485125135645e-24
8.757240908058138373e+00 6.611267553440545220e-24
8.825486303011505385e+00 6.443035101546906646e-24
8.894263536015376559e+00 6.281370653900645153e-24
8.963576751696830769e+00 6.126053499882470262e-24
9.033430126982132435e+00 5.976869446308791493e-24
9.103827871348423528e+00 5.833610586803110684e-24
9.174774227077424626e+00 5.696075097018839061e-24
9.246273469511047338e+00 5.564067007861376893e-24
9.318329907309045979e+00 5.437396023090800160e-24
9.390947882708687189e+00 5.315877318521020159e-24
9.464131771786378877e+00 5.199331362718518784e-24
9.537885984721404142e+00 5.087583743517598836e-24
9.612214966061698007e+00 4.980465009124688104e-24
9.687123194991649200e+00 4.877810501246427921e-24
9.762615185602044221e+00 4.779460222441506847e-24
9.838695487162103959e+00 4.685258688628444274e-24
9.915368684393603971e+00 4.595054798314831114e-24
9.992639397747167251e+00 4.508701718999321189e-24
1.007051228368071882e+01 4.428301000347012637e-24
1.014899203494005953e+01 4.351503346604113168e-24
1.022808338084167801e+01 4.277939673066678426e-24
1.030779108755775475e+01 4.207489978862782575e-24
1.038811995840335101e+01 4.140037677617370459e-24
1.046907483412588746e+01 4.075469526498222527e-24
1.055066059319685934e+01 4.013675557997841706e-24
1.063288215210579679e+01 3.954549013462773613e-24
1.071574446565655414e+01 3.897986278023592197e-24
1.079925252726591012e+01 3.843886830130417393e-24
1.088341136926445074e+01 3.792153176654994606e-24
1.096822606319983606e+01 3.742690807774402357e-24
1.105370172014243657e+01 3.695408141569344514e-24
1.113984349099330551e+01 3.650216473338023340e-24
1.122665656679461144e+01 3.607029930789435612e-24
1.131414617904242803e+01 3.565765422198485951e-24
1.140231760000200723e+01 3.526342591213818504e-24
1.149117614302551083e+01 3.488683768787969402e-24
1.158072716287217041e+01 3.452713927872347315e-24
1.167097605603098742e+01 3.418360631806677905e-24
1.176192826104595213e+01 3.385553988578869267e-24
1.185358925884374592e+01 3.354226600998185307e-24
1.194596457306404602e+01 3.324313517297426800e-24
1.203905977039241115e+01 3.295752180165761370e-24
1.213288046089569505e+01 3.268482374330867073e-24
1.222743229836014933e+01 3.242446174566356613e-24
1.232272098063213228e+01 3.217587893120022269e-24
1.241875224996144311e+01 3.193854023860146511e-24
1.251553189334737759e+01 3.171193187817723174e-24
1.261306574288748017e+01 3.149556077097046195e-24
1.271135967612895179e+01 3.128895397888928161e-24
1.281041961642286786e+01 3.109165816166821250e-24
1.291025153328114428e+01 3.090323896536475928e-24
1.301086144273622835e+01 3.072328047426140512e-24
1.311225540770366216e+01 3.055138463223781123e-24
1.321443953834745422e+01 3.038717065449056578e-24
1.331741999244825436e+01 3.023027447587358957e-24
1.342120297577444710e+01 3.008034816194039977e-24
1.352579474245614577e+01 2.993705936071727870e-24
1.363120159536203424e+01 2.980009072927752810e-24
1.373742988647920527e+01 2.966913939273154139e-24
1.384448601729596717e+01 2.954391639820579485e-24
1.395237643918756554e+01 2.942414617294805554e-24
1.406110765380496730e+01 2.930956601310163340e-24
1.417068621346669133e+01 2.919992556304651537e-24
1.428111872155361617e+01 2.909498630860916185e-24
1.439241183290693016e+01 2.899452109859463829e-24
1.450457225422918128e+01 2.889831365908930592e-24
1.461760674448840014e+01 2.880615813154576894e-24
1.473152211532542033e+01 2.871785862272531235e-24
1.484632523146438210e+01 2.863322876377312643e-24
1.496202301112636057e+01 2.855209129311451277e-24
1.507862242644633000e+01 2.847427764624774149e-24
1.519613050389326148e+01 2.839962755480284170e-24
1.531455432469357625e+01 2.832798866768987786e-24
1.543390102525788343e+01 2.825921619002362471e-24
1.555417779761100050e+01 2.819317251601347459e-24
1.567539188982537013e+01 2.812972690621527469e-24
1.579755060645786280e+01 2.806875514112487839e-24
1.592066130898992427e+01 2.801013922703845141e-24
1.604473141627120114e+01 2.795376707820122744e-24
1.616976840496664281e+01 2.789953224527850318e-24
1.629577981000701570e+01 2.784733362492465113e-24
1.642277322504298454e+01 2.779707520475968632e-24
1.655075630290274091e+01 2.774866580810132282e-24
1.667973675605313844e+01 2.770201885500168064e-24
1.680972235706447293e+01 2.765705213142612026e-24
1.694072093907889709e+01 2.761368756883038276e-24
1.707274039628241269e+01 2.757185103556786093e-24
1.720578868438059672e+01 2.753147214033790720e-24
1.733987382107807917e+01 2.749248403763564108e-24
1.747500388656161974e+01 2.745482325039397505e-24
1.761118702398708180e+01 2.741842949611899642e-24
1.774843143997016526e+01 2.738324552450055461e-24
1.788674540508091226e+01 2.734921696175346081e-24
1.802613725434210679e+01 2.731629216105148796e-24
1.816661538773160700e+01 2.728442206345347695e-24
1.830818827068848265e+01 2.725356006389254688e-24
1.845086443462317405e+01 2.722366188419259038e-24
1.859465247743164085e+01 2.719468545352907198e-24
1.873956106401342936e+01 2.716659079211283716e-24
1.888559892679387175e+01 2.713933990503807949e-24
1.903277486625032822e+01 2.711289667785985299e-24
1.918109775144246498e+01 2.708722678051067739e-24
1.933057652054675302e+01 2.706229757220502871e-24
1.948122018139512690e+01 2.703807801548976748e-24
1.963303781201774356e+01 2.701453859496324469e-24
1.978603856119007531e+01 2.699165123322987280e-24
1.994023164898425549e+01 2.696938922118711003e-24
2.009562636732463758e+01 2.694772714427792761e-24
2.025223208054777757e+01 2.692664081618782967e-24
2.041005822596676111e+01 2.690610721629236133e-24
2.056911431443985094e+01 2.688610442801324459e-24
2.072940993094369944e+01 2.686661158179272655e-24
2.089095473515089907e+01 2.684760880226788450e-24
2.105375846201209811e+01 2.682907715621602959e-24
2.121783092234269219e+01 2.681099860403558612e-24
2.138318200341397457e+01 2.679335595363624922e-24
2.154982166954898304e+01 2.677613281796419737e-24
2.171775996272300446e+01 2.675931357349360891e-24
2.188700700316866232e+01 2.674288331961251667e-24
2.205757298998579330e+01 2.672682784448697374e-24
2.222946820175610938e+01 2.671113358787726140e-24
2.240270299716252822e+01 2.669578760880187993e-24
2.257728781561344533e+01 2.668077755428079019e-24
2.275323317787184862e+01 2.666609162955125567e-24
2.293054968668926463e+01 2.665171856999740842e-24
2.310924802744472473e+01 2.663764761396086269e-24
2.328933896878871934e+01 2.662386847838408991e-24
2.347083336329205494e+01 2.661037133407925188e-24
2.365374214809989795e+01 2.659714678398093073e-24
2.383807634559089195e+01 2.658418584067046025e-24
2.402384706404131620e+01 2.657147990699628150e-24
2.421106549829451282e+01 2.655902075606755430e-24
2.439974293043556486e+01 2.654680051359688023e-24
2.458989073047107254e+01 2.653481164015332076e-24
2.478152035701439360e+01 2.652304691521917471e-24
2.497464335797616286e+01 2.651149942118237905e-24
2.516927137126014813e+01 2.650016252896680676e-24
2.536541612546457714e+01 2.648902988403542786e-24
2.556308944058897836e+01 2.647809539308163786e-24
2.576230322874638290e+01 2.646735321146590844e-24
2.596306949488122484e+01 2.645679773145307462e-24
2.616540033749279459e+01 2.644642357076769242e-24
2.636930794936425215e+01 2.643622556199487076e-24
2.657480461829742424e+01 2.642619874250833096e-24
2.678190272785330706e+01 2.641633834456816726e-24
2.699061475809826760e+01 2.640663978661018752e-24
2.720095328635613185e+01 2.639709866411705350e-24
2.741293098796615979e+01 2.638771074169786972e-24
2.762656063704679710e+01 2.637847194519696498e-24
2.784185510726555535e+01 2.636937835424700340e-24
2.805882737261472570e+01 2.636042619527107924e-24
2.827749050819322818e+01 2.635161183473770453e-24
2.849785769099460708e+01 2.634293177275723756e-24
2.871994220070099502e+01 2.633438263728300754e-24
2.894375742048341138e+01 2.632596117818899412e-24
2.916931683780831364e+01 2.631766426179931908e-24
2.939663404525025925e+01 2.630948886577109538e-24
2.962572274131109040e+01 2.630143207416433771e-24
2.985659673124544611e+01 2.629349107285321459e-24
3.008926992789260524e+01 2.628566314487333153e-24
3.032375635251500157e+01 2.627794566637792757e-24
3.056007013564306618e+01 2.627033610240762384e-24
3.079822551792681296e+01 2.626283200340619942e-24
3.103823685099403207e+01 2.625543100108310113e-24
3.128011859831505959e+01 2.624813080540508525e-24
3.152388533607441090e+01 2.624092920104446503e-24
3.176955175404921761e+01 2.623382404423278988e-24
3.201713265649436124e+01 2.622681325989362359e-24
3.226664296303464141e+01 2.621989483863270947e-24
3.251809770956392498e+01 2.621306683417902930e-24
3.277151204915110583e+01 2.620632736064773820e-24
3.302690125295332990e+01 2.619967459017985284e-24
3.328428071113629017e+01 2.619310675050081574e-24
3.354366593380158434e+01 2.618662212273162198e-24
3.380507255192139837e+01 2.618021903927377787e-24
3.406851631828053684e+01 2.617389588164832730e-24
3.433401310842558019e+01 2.616765107870573911e-24
3.460157892162165183e+01 2.616148310462620019e-24
3.487122988181658201e+01 2.615539047725348816e-24
3.514298223861248260e+01 2.614937175628524637e-24
3.541685236824501004e+01 2.614342554180577595e-24
3.569285677457028783e+01 2.613755047260458665e-24
3.597101209005933953e+01 2.613174522474339944e-24
3.625133507680045142e+01 2.612600851019851662e-24
3.653384262750932976e+01 2.612033907541277078e-24
3.681855176654698880e+01 2.611473570011136481e-24
3.710547965094568923e+01 2.610919719598238321e-24
3.739464357144293416e+01 2.610372240555833489e-24
3.768606095352331664e+01 2.609831020106605320e-24
3.797974935846865918e+01 2.609295948331760229e-24
3.827572648441636005e+01 2.608766918073762535e-24
3.857401016742574740e+01 2.608243824833800129e-24
3.887461838255303803e+01 2.607726566676849712e-24
3.917756924493453852e+01 2.607215044141307365e-24
3.948288101087822355e+01 2.606709160154022708e-24
3.979057207896390480e+01 2.606208819945356583e-24
4.010066099115206129e+01 2.605713930970995985e-24
4.041316643390103280e+01 2.605224402831687997e-24
4.072810723929327992e+01 2.604740147204678353e-24
4.104550238617008517e+01 2.604261077769793042e-24
4.136537100127531374e+01 2.603787110144952162e-24
4.168773236040807717e+01 2.603318161819481551e-24
4.201260588958419362e+01 2.602854152090794786e-24
4.234001116620692784e+01 2.602395002008547280e-24
4.266996792024676921e+01 2.601940634314007592e-24
4.300249603543031185e+01 2.601490973385578406e-24
4.333761555043851388e+01 2.601045945187707710e-24
4.367534666011432876e+01 2.600605477217278540e-24
4.401570971667955945e+01 2.600169498458056367e-24
4.435872523096138309e+01 2.599737939330120068e-24
4.470441387362842534e+01 2.599310731647824777e-24
4.505279647643626362e+01 2.598887808573524509e-24
4.540389403348287800e+01 2.598469104578574769e-24
4.575772770247383647e+01 2.598054555400472559e-24
4.611431880599715782e+01 2.597644098005922340e-24
4.647368883280831398e+01 2.597237670552175500e-24
4.683585943912525096e+01 2.596835212352240491e-24
4.720085244993330065e+01 2.596436663838822707e-24
4.756868986030042379e+01 2.596041966532099037e-24
4.793939383670277010e+01 2.595651063006971902e-24
4.831298671836032099e+01 2.595263896861527434e-24
4.868949101858314776e+01 2.594880412688430554e-24
4.906892942612816455e+01 2.594500556044084781e-24
4.945132480656627649e+01 2.594124273422337517e-24
4.983670020366032816e+01 2.593751512226342762e-24
5.022507884075386642e+01 2.593382220743190267e-24
5.061648412217044779e+01 2.593016348118429633e-24
5.101093963462410130e+01 2.592653844331758885e-24
5.140846914864078343e+01 2.592294660173298589e-24
5.180909661999065463e+01 2.591938747221636186e-24
5.221284619113180980e+01 2.591586057820572880e-24
5.261974219266517139e+01 2.591236545058855541e-24
5.302980914480057351e+01 2.590890162748887403e-24
5.344307175883443506e+01 2.590546865407356284e-24
5.385955493863902177e+01 2.590206608235120406e-24
5.427928378216299166e+01 2.589869347099427576e-24
5.470228358294394866e+01 2.589535038514826259e-24
5.512857983163273445e+01 2.589203639626266377e-24
5.555819821752935184e+01 2.588875108191564240e-24
5.599116463013128708e+01 2.588549402565202396e-24
5.642750516069339994e+01 2.588226481681763979e-24
5.686724610380037603e+01 2.587906305040935603e-24
5.731041395895132240e+01 2.587588832691775207e-24
5.775703543215650626e+01 2.587274025218526412e-24
5.820713743754681246e+01 2.586961843725756229e-24
5.866074709899567097e+01 2.586652249824862586e-24
5.911789175175346145e+01 2.586345205620545131e-24
5.957859894409484980e+01 2.586040673697347280e-24
6.004289643897896411e+01 2.585738617107026642e-24
6.051081221572227520e+01 2.585438999356196893e-24
6.098237447168475001e+01 2.585141784393955702e-24
6.145761162396918564e+01 2.584846936600401617e-24
6.193655231113346105e+01 2.584554420774701334e-24
6.241922539491645239e+01 2.584264202124196164e-24
6.290565996197736354e+01 2.583976246253163942e-24
6.339588532564837209e+01 2.583690519152493413e-24
6.388993102770116650e+01 2.583406987188904578e-24
6.438782684012728907e+01 2.583125617094969118e-24
6.488960276693207163e+01 2.582846375959009957e-24
6.539528904594276071e+01 2.582569231215620164e-24
6.590491615063088204e+01 2.582294150635971738e-24
6.641851479194833985e+01 2.582021102318601571e-24
6.693611592017829537e+01 2.581750054680298425e-24
6.745775072680027051e+01 2.581480976447319419e-24
6.798345064636970392e+01 2.581213836646458108e-24
6.851324735841228630e+01 2.580948604596817861e-24
6.904717278933314617e+01 2.580685249901252424e-24
6.958525911434054478e+01 2.580423742438331049e-24
7.012753875938497572e+01 2.580164052354111871e-24
7.067404440311324265e+01 2.579906150054637108e-24
7.122480897883757223e+01 2.579650006197845298e-24
7.177986567652027361e+01 2.579395591686054743e-24
7.233924794477398734e+01 2.579142877658891443e-24
7.290298949287712560e+01 2.578891835485470956e-24
7.347112429280528545e+01 2.578642436757583837e-24
7.404368658127866354e+01 2.578394653282428878e-24
7.462071086182491797e+01 2.578148457075823528e-24
7.520223190685867110e+01 2.577903820355236147e-24
7.578828475977674373e+01 2.577660715533163203e-24
7.637890473707000183e+01 2.577419115210484417e-24
7.697412743045173045e+01 2.577178992169833343e-24
7.757398870900217958e+01 2.576940319369409498e-24
7.817852472133024833e+01 2.576703069936417992e-24
7.878777189775192369e+01 2.576467217160875418e-24
7.940176695248545968e+01 2.576232734489455395e-24
8.002054688586392217e+01 2.575999595519503472e-24
8.064414898656497144e+01 2.575767773992833452e-24
8.127261083385778306e+01 2.575537243790012287e-24
8.190597029986767552e+01 2.575307978924289018e-24
8.254426555185850134e+01 2.575079953535939545e-24
8.318753505453241814e+01 2.574853141886463355e-24
8.383581757234797749e+01 2.574627518352938216e-24
8.448915217185621884e+01 2.574403057422443554e-24
8.514757822405468346e+01 2.574179733686386121e-24
8.581113540676001605e+01 2.573957521835244439e-24
8.647986370699926795e+01 2.573736396652826869e-24
8.715380342341917697e+01 2.573516333010977485e-24
8.783299516871490198e+01 2.573297305864355775e-24
8.851747987207740209e+01 2.573079290245021284e-24
8.920729878165977311e+01 2.572862261257121850e-24
8.990249346706292499e+01 2.572646194071717390e-24
9.060310582184085604e+01 2.572431063921703229e-24
9.130917806602495546e+01 2.572216846096475567e-24
9.202075274866830057e+01 2.572003515936955088e-24
9.273787275041000555e+01 2.571791048830477975e-24
9.346058128605885429e+01 2.571579420205721445e-24
9.418892190719775215e+01 2.571368605527801571e-24
9.492293850480828610e+01 2.571158580293183023e-24
9.566267531191542162e+01 2.570949320024720686e-24
9.640817690625316061e+01 2.570740800266913971e-24
9.715948821295106086e+01 2.570532996580751901e-24
9.791665450724114805e+01 2.570325884539115463e-24
9.867972141718647094e+01 2.570119439721717837e-24
9.944873492643085910e+01 2.569913637710552663e-24
1.002237413769696843e+02 2.569708454084809290e-24
1.010047874719425067e+02 2.569503864416330963e-24
1.017919202784478472e+02 2.569299844264847460e-24
1.025851872303792192e+02 2.569096369173197436e-24
1.033846361312837132e+02 2.568893414662796164e-24
1.041903151572423241e+02 2.568690956228847229e-24
1.050022728597737967e+02 2.568488969335810264e-24
1.058205581687600016e+02 2.568287429412882641e-24
1.066452203953943325e+02 2.568086311849268478e-24
1.074763092351537921e+02 2.567885591989891385e-24
1.083138747707935323e+02 2.567685245130873960e-24
1.091579674753644582e+02 2.567485246514946008e-24
1.100086382152555871e+02 2.567285571327363745e-24
1.108659382532589319e+02 2.567086194691387077e-24
1.117299192516584156e+02 2.566887091664116518e-24
1.126006332753437249e+02 2.566688237232297775e-24
1.134781327949475127e+02 2.566489606308220011e-24
1.143624706900070578e+02 2.566291173725700790e-24
1.152537002521514893e+02 2.566092914236132381e-24
1.161518751883129568e+02 2.565894802504756912e-24
1.170570496239626834e+02 2.565696813106849311e-24
1.179692781063733946e+02 2.565498920524308380e-24
1.188886156079060470e+02 2.565301099142140596e-24
1.198151175293222082e+02 2.565103323245468109e-24
1.207488397031233518e+02 2.564905567016210541e-24
1.216898383969149506e+02 2.564707804530734000e-24
1.226381703167970159e+02 2.564510009757044954e-24
1.235938926107819071e+02 2.564312156552810256e-24
1.245570628722379070e+02 2.564114218663484802e-24
1.255277391433594403e+02 2.563916169721039063e-24
1.265059799186655596e+02 2.563717983243014640e-24
1.274918441485245921e+02 2.563519632632041587e-24
1.284853912427061289e+02 2.563321091176507698e-24
1.294866810739619325e+02 2.563122332051362993e-24
1.304957739816336186e+02 2.562923328320071773e-24
1.315127307752884178e+02 2.562724052937875345e-24
1.325376127383843823e+02 2.562524478755761528e-24
1.335704816319631050e+02 2.562324578526055593e-24
1.346113996983710308e+02 2.562124324909879509e-24
1.356604296650112076e+02 2.561923690486327414e-24
1.367176347481229470e+02 2.561722647764093456e-24
1.377830786565907033e+02 2.561521169195886661e-24
1.388568255957844144e+02 2.561319227196118448e-24
1.399389402714279811e+02 2.561116794162824499e-24
1.410294878934981853e+02 2.560913842504015300e-24
1.421285341801552420e+02 2.560710344670349006e-24
1.432361453617025404e+02 2.560506273194608950e-24
1.443523881845774781e+02 2.560301600739948872e-24
1.454773299153745256e+02 2.560096300159126809e-24
1.466110383448984180e+02 2.559890344566716086e-24
1.477535817922487809e+02 2.559683707428039173e-24
1.489050291089381517e+02 2.559476362669032698e-24
1.500654496830406970e+02 2.559268284812134221e-24
1.512349134433729603e+02 2.559059449146034643e-24
1.524134908637090291e+02 2.558849831937993056e-24
1.536012529670268520e+02 2.558639410702258672e-24
1.547982713297877240e+02 2.558428164541639361e-24
1.560046180862505310e+02 2.558216074585003382e-24
1.572203659328182255e+02 2.558003124554664061e-24
1.584455881324181519e+02 2.557789301508078884e-24
1.596803585189179557e+02 2.557574596819745445e-24
1.609247515015744341e+02 2.557359007497305855e-24
1.621788420695170316e+02 2.557142537970462170e-24
1.634427057962678873e+02 2.556925202560802424e-24
1.647164188442954185e+02 2.556707028951865470e-24
1.660000579696035743e+02 2.556488063159803692e-24
1.672937005263582364e+02 2.556268376812238351e-24
1.685974244715482087e+02 2.556048078074739290e-24
1.699113083696825299e+02 2.555827328524433976e-24
1.712354313975259004e+02 2.555606370072272336e-24
1.725698733488695211e+02 2.555385569580873506e-24
1.739147146393390528e+02 2.555165496188905331e-24
1.752700363112416539e+02 2.554947062672698055e-24
1.766359200384491714e+02 2.554731801245711908e-24
1.780124481313194451e+02 2.554522447045349237e-24
1.793997035416574590e+02 2.554324307743662206e-24
1.807977698677136971e+02 2.554148957049928673e-24
1.822067313592213509e+02 2.554026358554525831e-24
1.836266729224743983e+02 2.554058906417500533e-24
1.850576801254436248e+02 2.554849133620520287e-24
1.864998392029326340e+02 2.584993400254522078e-24
1.879532370617755248e+02 2.555012542470583606e-24
1.894179612860732789e+02 2.552648683013061332e-24
1.908941001424721833e+02 2.552180057717059585e-24
1.923817425854821010e+02 2.551878172369330878e-24
1.938809782628381413e+02 2.551609922661362001e-24
1.953918975209024325e+02 2.551349954900097417e-24
1.969145914101080166e+02 2.551091274882161529e-24
1.984491516904466835e+02 2.550831514065050450e-24
1.999956708369982152e+02 2.550569759418856662e-24
2.015542420455023489e+02 2.550305624743029460e-24
2.031249592379760713e+02 2.550038932357758259e-24
2.047079170683730354e+02 2.549769591399397142e-24
2.063032109282868873e+02 2.549497547551358850e-24
2.079109369527008937e+02 2.549222761157253025e-24
2.095311920257806548e+02 2.548945197394295261e-24
2.111640737867118389e+02 2.548664821830429600e-24
2.128096806355852948e+02 2.548381598469631663e-24
2.144681117393262753e+02 2.548095488968247346e-24
2.161394670376696752e+02 2.547806452403836261e-24
2.178238472491838138e+02 2.547514445297303728e-24
2.195213538773393793e+02 2.547219421743176767e-24
2.212320892166253827e+02 2.546921333576412994e-24
2.229561563587150204e+02 2.546620130542371596e-24
2.246936591986774658e+02 2.546315760454388712e-24
2.264447024412380358e+02 2.546008169333398248e-24
2.282093916070892590e+02 2.545697301528001641e-24
2.299878330392489829e+02 2.545383099816036453e-24
2.317801339094681907e+02 2.545065505489713017e-24
2.335864022246906018e+02 2.544744458425524388e-24
2.354067468335608453e+02 2.544419897141946226e-24
2.372412774329828551e+02 2.544091758846000691e-24
2.390901045747320666e+02 2.543759979470978796e-24
2.409533396721166127e+02 2.543424493705751358e-24
2.428310950066905889e+02 2.543085235018145904e-24
2.447234837350216878e+02 2.542742135672200729e-24
2.466306198955096249e+02 2.542395126740765457e-24
2.485526184152573421e+02 2.542044138114313577e-24
2.504895951169983448e+02 2.541689098505811192e-24
2.524416667260755673e+02 2.541329935453110253e-24
2.544089508774746662e+02 2.540966575318442732e-24
2.563915661229143552e+02 2.540598943285909100e-24
2.583896319379898614e+02 2.540226963357128998e-24
2.604032687293719732e+02 2.539850558345116918e-24
2.624325978420643537e+02 2.539469649867009190e-24
2.644777415667152241e+02 2.539084158335389944e-24
2.665388231469862035e+02 2.538694002948787965e-24
2.686159667869804935e+02 2.538299101681272842e-24
2.707092976587269959e+02 2.537899371271309435e-24
2.728189419097225255e+02 2.537494727210204245e-24
2.749450266705351851e+02 2.537085083730022793e-24
2.770876800624648695e+02 2.536670353791543012e-24
2.792470312052630561e+02 2.536250449071500398e-24
2.814232102249154082e+02 2.535825279950715145e-24
2.836163482614826989e+02 2.535394755501931298e-24
2.858265774770025587e+02 2.534958783478217919e-24
2.880540310634554544e+02 2.534517270302322056e-24
2.902988432507903553e+02 2.534070121056919113e-24
2.925611493150125284e+02 2.533617239476223497e-24
2.948410855863375559e+02 2.533158527939818743e-24
2.971387894574056077e+02 2.532693887468533729e-24
2.994543993915602869e+02 2.532223217724143662e-24
3.017880549311942673e+02 2.531746417012652648e-24
3.041398967061576855e+02 2.531263382293777721e-24
3.065100664422314480e+02 2.530774009196994718e-24
3.088987069696701724e+02 2.530278192047341838e-24
3.113059622318079391e+02 2.529775823903550485e-24
3.137319772937320295e+02 2.529266796612396814e-24
3.161768983510263524e+02 2.528751000885236333e-24
3.186408727385806401e+02 2.528228326404195126e-24
3.211240489394681958e+02 2.527698661969173501e-24
3.236265765938954928e+02 2.527161895701458879e-24
3.261486065082187338e+02 2.526617915327228577e-24
3.286902906640310107e+02 2.526066608575623263e-24
3.312517822273226216e+02 2.525507863744394467e-24
3.338332355577101112e+02 2.524941570515872882e-24
3.364348062177374459e+02 2.524367621156224230e-24
3.390566509822522789e+02 2.523785912317885817e-24
3.416989278478527012e+02 2.523196347822437359e-24
3.443617960424069793e+02 2.522598843095100166e-24
3.470454160346512253e+02 2.521993332505733519e-24
3.497499495438582926e+02 2.521379782089188917e-24
3.524755595495823854e+02 2.520758212850150468e-24
3.552224103014823982e+02 2.520128746525824980e-24
3.579906673292189225e+02 2.519491703746077843e-24
3.607804974524281647e+02 2.518847840667805542e-24
3.635920687907769207e+02 2.518199020033489008e-24
3.664255507740929261e+02 2.517550642270694112e-24
3.692811141525733660e+02 2.516925155617220742e-24
3.721589310070772285e+02 2.516590770454593253e-24
3.750591747594938852e+02 2.515368893047497535e-24
3.779820201831925033e+02 2.514638515897162062e-24
3.809276434135567797e+02 2.513944040277331733e-24
3.838962219585976641e+02 2.513228495108933183e-24
3.868879347096493007e+02 2.512497618694676361e-24
3.899029619521515997e+02 2.511753646841237817e-24
3.929414853765134694e+02 2.510997482418598461e-24
3.960036880890602902e+02 2.510229495081966665e-24
3.990897546230708599e+02 2.509449811200208570e-24
4.021998709498963649e+02 2.508658433262427584e-24
4.053342244901661502e+02 2.507855294782370454e-24
4.084930041250843828e+02 2.507040287862996534e-24
4.116764002078110138e+02 2.506213278043211309e-24
4.148846045749318137e+02 2.505374112763896834e-24
4.181178105580209490e+02 2.504522626426362204e-24
4.213762129952903024e+02 2.503658643533616008e-24
4.246600082433295711e+02 2.502781980705226092e-24
4.279693941889414077e+02 2.501892448003556738e-24
4.313045702610652938e+02 2.500989849826383967e-24
4.346657374427940113e+02 2.500073985517524085e-24
4.380530982834878273e+02 2.499144649790198991e-24
4.414668569109793452e+02 2.498201633022682188e-24
4.449072190438729422e+02 2.497244721466011578e-24
4.483743920039445356e+02 2.496273697389373864e-24
4.518685847286337207e+02 2.495288339181597471e-24
4.553900077836335072e+02 2.494288421421112088e-24
4.589388733755817498e+02 2.493273714923903700e-24
4.625153953648480751e+02 2.492243986775929574e-24
4.661197892784197165e+02 2.491199000355954077e-24
4.697522723228924519e+02 2.490138515353279905e-24
4.734130633975585738e+02 2.489062287784927566e-24
4.771023831075963244e+02 2.487970070016965459e-24
4.808204537773672200e+02 2.486861610794949302e-24
4.845674994638119415e+02 2.485736655290925005e-24
4.883437459699508736e+02 2.484594945175499702e-24
4.921494208584945795e+02 2.483436218728300380e-24
4.959847534655552863e+02 2.482260211005682764e-24
4.998499749144658608e+02 2.481066654095075964e-24
5.037453181297104834e+02 2.479855277501932443e-24
5.076710178509595153e+02 2.478625808744057593e-24
5.116273106472139034e+02 2.477377974279506038e-24
5.156144349310642383e+02 2.476111500988026306e-24
5.196326309730563935e+02 2.474826118610436052e-24
5.236821409161686915e+02 2.473521563920174170e-24
5.277632087904075888e+02 2.472197588215177015e-24
5.318760805275113626e+02 2.470853971623278048e-24
5.360210039757685081e+02 2.469490552659581293e-24
5.401982289149573262e+02 2.468107295967388034e-24
5.444080070713953319e+02 2.466704471318325967e-24
5.486505921331101945e+02 2.465283236578834999e-24
5.529262397651248193e+02 2.463848322580142712e-24
5.572352076248678259e+02 2.462434595824331570e-24
5.615777553776983950e+02 2.460715712228242171e-24
5.659541447125526474e+02 2.459283624020054622e-24
5.703646393577165554e+02 2.457764014879835735e-24
5.748095050967175439e+02 2.456209713889655026e-24
5.792890097843385320e+02 2.454628144909541912e-24
5.838034233627633967e+02 2.453020953060995975e-24
5.883530178778419213e+02 2.451388514453394135e-24
5.929380674954823007e+02 2.449730791547782009e-24
5.975588485181762053e+02 2.448047576555675681e-24
6.022156394016473087e+02 2.446338579092575452e-24
6.069087207716299872e+02 2.444603463097660614e-24
6.116383754407836477e+02 2.442841864233952743e-24
6.164048884257337022e+02 2.441053398811802986e-24
6.212085469642455564e+02 2.439237668673575446e-24
6.260496405325370688e+02 2.437394264008626652e-24
6.309284608627218631e+02 2.435522765043218643e-24
6.358453019603869052e+02 2.433622743089157272e-24
6.408004601223141208e+02 2.431693761213834642e-24
6.457942339543335493e+02 2.429735374681474789e-24
6.508269243893156499e+02 2.427747131256112937e-24
6.558988347053104917e+02 2.425728571424906005e-24
6.610102705438212070e+02 2.423679228584483350e-24
6.661615399282209182e+02 2.421598629225867832e-24
6.713529532823184809e+02 2.419486293155281402e-24
6.765848234490631512e+02 2.417341733798477286e-24
6.818574657093947735e+02 2.415164458658651605e-24
6.871711978012478994e+02 2.412953970044388455e-24
6.925263399386961964e+02 2.410709766273047270e-24
6.979232148312477193e+02 2.408431343741201429e-24
7.033621477032955909e+02 2.406118200651189713e-24
7.088434663137147709e+02 2.403769844115718204e-24
7.143675009756112786e+02 2.401385804748667381e-24
7.199345845762311455e+02 2.398965669743287159e-24
7.255450525970192075e+02 2.396509168800005209e-24
7.311992431338331926e+02 2.394016446587525850e-24
7.368974969173224281e+02 2.391489260025925588e-24
7.426401573334585464e+02 2.388941495390416117e-24
7.484275704442266033e+02 2.386153027177266798e-24
7.542600850084832018e+02 2.383604813326411897e-24
7.601380525029715045e+02 2.380924242804857206e-24
7.660618271434990447e+02 2.378194873589348713e-24
7.720317659062886833e+02 2.375421437408197289e-24
7.780482285494875896e+02 2.372604563445336083e-24
7.841115776348444797e+02 2.369744056056429766e-24
7.902221785495635231e+02 2.366839458727782358e-24
7.963803995283201402e+02 2.363890205966651049e-24
8.025866116754493760e+02 2.360895664264271630e-24
8.088411889873140126e+02 2.357855192684746223e-24
8.151445083748395746e+02 2.354768108374626593e-24
8.214969496862253209e+02 2.351633715466813404e-24
8.278988957298396372e+02 2.348451303355318419e-24
8.343507322972856173e+02 2.345220148232819197e-24
8.408528481866477478e+02 2.341939514109775593e-24
8.474056352259257210e+02 2.338608653542268305e-24
8.540094882966449177e+02 2.335226808256417808e-24
8.606648053576492430e+02 2.331793209831812352e-24
8.673719874690885945e+02 2.328307080636934048e-24
8.741314388165844775e+02 2.324767635326008022e-24
8.809435667355842270e+02 2.321174083491326527e-24
8.878087817359131577e+02 2.317525634763017305e-24
8.947274975265096373e+02 2.313821509497458867e-24
9.017001310403536536e+02 2.310060963727067275e-24
9.087271024595964946e+02 2.306243356695627409e-24
9.158088352408796027e+02 2.302368378901969469e-24
9.229457561408497668e+02 2.298437175557586561e-24
9.301382952418814511e+02 2.294466187668405243e-24
9.373868859779920513e+02 2.290324965028758707e-24
9.446919651609578068e+02 2.286234830451126457e-24
9.520539730066429911e+02 2.282057725411494405e-24
9.594733531615247557e+02 2.277813437873768244e-24
9.669505527294256808e+02 2.273503216679040506e-24
9.744860222984621032e+02 2.269126684047777202e-24
9.820802159681948069e+02 2.264683081421703741e-24
9.897335913769907165e+02 2.260171515213107216e-24
9.974466097296069620e+02 2.255591028515860822e-24
1.005219735824979466e+03 2.250940627385344212e-24
1.013053438084235040e+03 2.246219292081293544e-24
1.020948188578914824e+03 2.241425982495194079e-24
1.028904463059428053e+03 2.236559641100132193e-24
1.036922740983718768e+03 2.231619194833320933e-24
1.045003505546155566e+03 2.226603556642358134e-24
1.053147243706655672e+03 2.221511627247255726e-24
1.061354446220027512e+03 2.216342297827828829e-24
1.069625607665539974e+03 2.211094455023930611e-24
1.077961226476733827e+03 2.205766991681744128e-24
1.086361804971455058e+03 2.200358833505661786e-24
1.094827849382121485e+03 2.194869018619911599e-24
1.103359869886236311e+03 2.189297013650896318e-24
1.111958380637128130e+03 2.183644892033157629e-24
1.120623899794932186e+03 2.178454512008917762e-24
1.129356949557821736e+03 2.172041525864579446e-24
1.138158056193473385e+03 2.166128746557332905e-24
1.147027750070777074e+03 2.160121729386790906e-24
1.155966565691804135e+03 2.154022720953456636e-24
1.164975041724014091e+03 2.147831112205586539e-24
1.174053721032711564e+03 2.141545812166453742e-24
1.183203150713767400e+03 2.135165582320022835e-24
1.192423882126584203e+03 2.128689119821157403e-24
1.201716470927318369e+03 2.122115085332303023e-24
1.211081477102371991e+03 2.115442114429783557e-24
1.220519465002135348e+03 2.108668823242494731e-24
1.230031003374991315e+03 2.101793812034950149e-24
1.239616665401596720e+03 2.094815668514454925e-24
1.249277028729419499e+03 2.087732972458751078e-24
1.259012675507545055e+03 2.080544345195444796e-24
1.268824192421763883e+03 2.073248375094819274e-24
1.278712170729924765e+03 2.065843728845697592e-24
1.288677206297558541e+03 2.058329459757062771e-24
1.298719899633795194e+03 2.050707136580214887e-24
1.308840855927546954e+03 2.042882554270136656e-24
1.319040685083974950e+03 2.035089960527862040e-24
1.329320001761249159e+03 2.027120799404953549e-24
1.339679425407587132e+03 2.019030945037516633e-24
1.350119580298576466e+03 2.010820633426127746e-24
1.360641095574804922e+03 2.002488678711502870e-24
1.371244605279767711e+03 1.994033625552570470e-24
1.381930748398072865e+03 1.985453932255767718e-24
1.392700168893955606e+03 1.976748019589467843e-24
1.403553515750080123e+03 1.967914288573048005e-24
1.414491443006643976e+03 1.958951129177722163e-24
1.425514609800801281e+03 1.949856926636872091e-24
1.436623680406377389e+03 1.940630068991784388e-24
1.447819324273896427e+03 1.931268961273476276e-24
1.459102216070931036e+03 1.921772063217695327e-24
1.470473035722754730e+03 1.912138031193119598e-24
1.481932468453311458e+03 1.902366647858983552e-24
1.493481204826516205e+03 1.892540043731868198e-24
1.505119940787866653e+03 1.882380347579887992e-24
1.516849377706375208e+03 1.872181939649323883e-24
1.528670222416845718e+03 1.861835224024832966e-24
1.540583187262463071e+03 1.851340480300630221e-24
1.552588990137714973e+03 1.840696465067488469e-24
1.564688354531663890e+03 1.829901709464372101e-24
1.576882009571540493e+03 1.818954830288305796e-24
1.589170690066676798e+03 1.807854322673932045e-24
1.601555136552796966e+03 1.796598543552444319e-24
1.614036095336638937e+03 1.785186021085309204e-24
1.626614318540922113e+03 1.773615326780871305e-24
1.639290564149681586e+03 1.761885102229020196e-24
1.652065596053941363e+03 1.749994142333535463e-24
1.664940184097741849e+03 1.737941857370560516e-24
1.677915104124541813e+03 1.725740505417454370e-24
1.690991138023968006e+03 1.713331830898708519e-24
1.704169073778926304e+03 1.700786712897270286e-24
1.717449705513098706e+03 1.688071986717944792e-24
1.730833833538792760e+03 1.675188626389978684e-24
1.744322264405163878e+03 1.662136035638839108e-24
1.757915810946830561e+03 1.648913496413642437e-24
1.771615292332851595e+03 1.635520343006561816e-24
1.785421534116085240e+03 1.621956011680528533e-24
1.799335368282948593e+03 1.608220067620582070e-24
1.813357633303549846e+03 1.594312230772064108e-24
1.827489174182209808e+03 1.580232417885506878e-24
1.841730842508394517e+03 1.565980870759354477e-24
1.856083496508025974e+03 1.551559127973908390e-24
1.870548001095203745e+03 1.536943150114110856e-24
1.885125227924318551e+03 1.522190287344562187e-24
1.899816055442591278e+03 1.507255325964207571e-24
1.914621368943003745e+03 1.492150877173784738e-24
1.929542060617641937e+03 1.476878990053434093e-24
1.944579029611473061e+03 1.461441618570782445e-24
1.959733182076522326e+03 1.445841086376136830e-24
1.975005431226475366e+03 1.430082018787781970e-24
1.990396697391719727e+03 1.414165443851890709e-24
2.005907908074800844e+03 1.398094919037958577e-24
2.021539998006308224e+03 1.381874601515372906e-24
2.037293909201216138e+03 1.365509643947684639e-24
2.053170591015644732e+03 1.349040011703067804e-24
2.069171000204064057e+03 1.332358440932197731e-24
2.085296100976960588e+03 1.315592072782619326e-24
2.101546865058938693e+03 1.298704974225109821e-24
2.117924271747268904e+03 1.281706314259714258e-24
2.134429307970916398e+03 1.264605725809006721e-24
2.151062968350008305e+03 1.247413868299580138e-24
2.167826255255764409e+03 1.230142601092264433e-24
2.184720178870914424e+03 1.212805124660701598e-24
2.201745757250567294e+03 1.195416142359795342e-24
2.218904016383554790e+03 1.177992161060131593e-24
2.236195990254269873e+03 1.160555474380850335e-24
2.253622720904973448e+03 1.143107242275881364e-24
2.271185258498579060e+03 1.125693828567101513e-24
2.288884661381954174e+03 1.108328446441267995e-24
2.306721996149688039e+03 1.091038728983875062e-24
2.324698337708362033e+03 1.073854402097783263e-24
2.342814769341337978e+03 1.056808081906579869e-24
2.361072382774031212e+03 1.039935585907571704e-24
2.379472278239693878e+03 1.023276213020670682e-24
2.398015564545729376e+03 1.006873067178551436e-24
2.416703359140505199e+03 9.907740476414665164e-25
2.435536788180683743e+03 9.750229649382030755e-25
2.454516986599102438e+03 9.596885270822531323e-25
2.473645098173158203e+03 9.448227523200467909e-25
2.492922275593724407e+03 9.304920877243686908e-25
2.512349680534632625e+03 9.167666749527684738e-25
2.531928483722665987e+03 9.037214565405768056e-25
2.551659865008103225e+03 8.914361544438048992e-25
2.571545013435832971e+03 8.799950701861395595e-25
2.591585127317000570e+03 8.694868221821201924e-25
2.611781414301211498e+03 8.600122490070460067e-25
2.632135091449321862e+03 8.516364480523053334e-25
2.652647385306774140e+03 8.444886672503427400e-25
2.673319531977500901e+03 8.386542321169024304e-25
2.694152777198432432e+03 8.342302054673647235e-25
2.715148376414555969e+03 8.313112496685844134e-25
2.736307594854566105e+03 8.299881891966031671e-25
2.757631707607123190e+03 8.303463875801694457e-25
2.779121999697685624e+03 8.324642675193506033e-25
2.800779766165938327e+03 8.363917559480770271e-25
2.822606312143850573e+03 8.422446068607118431e-25
2.844602952934317727e+03 8.500180143859051483e-25
2.866771014090414610e+03 8.597664085580105619e-25
2.889111831495292336e+03 8.715157887140514538e-25
2.911626751442673140e+03 8.852805330631050277e-25
2.934317130717970031e+03 9.010640671892165211e-25
2.957184336680067190e+03 9.188598080347016799e-25
2.980229747343711097e+03 9.386538807267321777e-25
3.003454751462540571e+03 9.604149252589262279e-25
3.026860748612797124e+03 9.841236132758754217e-25
3.050449149277652850e+03 1.009740459407611274e-24
3.074221374932201797e+03 1.037227481584209919e-24
3.098178858129137552e+03 1.066544019185251881e-24
3.122323042585072017e+03 1.097648105699280535e-24
3.146655383267527668e+03 1.130497571713787737e-24
3.171177346482633311e+03 1.165062509506040632e-24
3.195890409963478305e+03 1.201263217008617517e-24
3.220796062959153005e+03 1.239101966379780466e-24
3.245895806324512705e+03 1.278526790229952740e-24
3.271191152610610516e+03 1.319503188375362209e-24
3.296683626155838283e+03 1.361999000954716444e-24
3.322374763177804653e+03 1.405984732822576179e-24
3.348266111865900257e+03 1.451434566550886391e-24
3.374359232474582768e+03 1.498317715962524223e-24
3.400655697417423198e+03 1.546622356135193606e-24
3.427157091361845232e+03 1.596324024627145954e-24
3.453865011324629904e+03 1.647406690647619949e-24
3.480781066768138317e+03 1.699856176791776332e-24
3.507906879697322438e+03 1.753660598911778836e-24
3.535244084757458495e+03 1.808811599373750534e-24
3.562794329332642974e+03 1.865293351933809454e-24
3.590559273645089434e+03 1.923111382523229644e-24
3.618540590855162463e+03 1.982255672542502560e-24
3.646739967162196990e+03 2.042724398252673212e-24
3.675159101906131582e+03 2.104516880630590280e-24
3.703799707669903000e+03 2.167634137181607505e-24
3.732663510382638378e+03 2.232054443954884397e-24
3.761752249423684134e+03 2.297848416332768505e-24
3.791067677727412502e+03 2.364956875661021981e-24
3.820611561888846154e+03 2.433405730185359696e-24
3.850385682270137295e+03 2.503202351178562241e-24
3.880391833107845287e+03 2.574355142001289691e-24
3.910631822621046013e+03 2.646876862302647691e-24
3.941107473120324357e+03 2.720763038194313287e-24
3.971820621117577048e+03 2.796043078957981129e-24
4.002773117436670418e+03 2.872720970275741202e-24
4.033966827324999485e+03 2.950810087491570874e-24
4.065403630565878302e+03 3.030324395287411345e-24
4.097085421591806153e+03 3.111282736638316374e-24
4.129014109598654613e+03 3.193683077754228715e-24
4.161191618660706808e+03 3.277562506636600503e-24
4.193619887846588426e+03 3.362928751398015620e-24
4.226300871336150522e+03 3.449799769533465778e-24
4.259236538538216337e+03 3.538194128288451880e-24
4.292428874209245805e+03 3.628114361218638450e-24
4.325879878572969574e+03 3.719623249634256334e-24
4.359591567440910694e+03 3.812701380238823922e-24
4.393565972333847640e+03 3.907381125383022875e-24
4.427805140604265034e+03 4.003684264543481854e-24
4.462311135559713875e+03 4.101634728607401053e-24
4.497086036587142189e+03 4.201244919201159720e-24
4.532131939278221580e+03 4.302553000659979691e-24
4.567450955555624205e+03 4.405575013082202346e-24
4.603045213800271085e+03 4.510336312685867497e-24
4.638916858979625431e+03 4.616862902219325914e-24
4.675068052776933655e+03 4.725172416958007970e-24
4.711500973721477749e+03 4.835306378088949734e-24
4.748217817319889036e+03 4.947281340492063065e-24
4.785220796188435088e+03 5.061126784701914073e-24
4.822512140186340730e+03 5.176871756524879485e-24
4.860094096550195900e+03 5.294536715119657399e-24
4.897968930029359399e+03 5.414167394666258576e-24
4.936138923022424024e+03 5.535782255900523788e-24
4.974606375714784917e+03 5.659414296862359137e-24
5.013373606217240194e+03 5.785096213839752372e-24
5.052442950705666590e+03 5.912850975716097224e-24
5.091816763561832886e+03 6.042726094739105920e-24
5.131497417515263805e+03 6.174745856976984926e-24
5.171487303786206212e+03 6.308945665106686055e-24
5.211788832229764921e+03 6.445366458254234419e-24
5.252404431481100801e+03 6.584019638512130014e-24
5.293336549101775745e+03 6.724969477003521667e-24
5.334587651727275443e+03 6.868241021340508333e-24
5.376160225215634455e+03 7.013872918342520434e-24
5.418056774797226353e+03 7.161894533053241887e-24
5.460279825225763489e+03 7.312362501431197036e-24
5.502831920930424531e+03 7.465303661856777546e-24
5.545715626169172538e+03 7.620761290268988864e-24
5.588933525183312668e+03 7.778828131458240105e-24
5.632488222353206766e+03 7.939386117416082760e-24
5.676382342355199398e+03 8.102642418192159394e-24
5.720618530319820820e+03 8.268583994944114914e-24
5.765199451991168644e+03 8.437259766182288609e-24
5.810127793887530970e+03 8.608697303224344964e-24
5.855406263463321011e+03 8.782965199106133007e-24
5.901037589272206787e+03 8.960100846718438221e-24
5.947024521131527763e+03 9.140155240352085941e-24
5.993369830288033882e+03 9.323163544377326302e-24
6.040076309584871524e+03 9.509194233829346518e-24
6.087146773629861855e+03 9.698289019156686516e-24
6.134584058965156146e+03 9.890503942665221730e-24
6.182391024238146201e+03 1.008587540181804015e-23
6.230570550373715378e+03 1.028447820779818764e-23
6.279125540747884770e+03 1.048635751230720409e-23
6.328058921362751789e+03 1.069158345466071275e-23
6.377373641022825723e+03 1.090016569443921362e-23
6.427072671512701163e+03 1.111221377144239947e-23
6.477159007776187536e+03 1.132776770524125401e-23
6.527635668096761037e+03 1.154687633053098160e-23
6.578505694279438103e+03 1.176962830256197318e-23
6.629772151834115903e+03 1.199606335145613408e-23
6.681438130160286164e+03 1.222625249627452723e-23
6.733506742733188730e+03 1.246024998325271879e-23
6.785981127291471239e+03 1.269813827883590372e-23
6.838864446026256701e+03 1.293997580014848189e-23
6.892159885771680820e+03 1.318580256418718520e-23
6.945870658196978184e+03 1.343577043963531221e-23
7.000000000000001819e+03 1.368987314473330146e-23
