3.000000000000000000e+00 1.162198262604141238e-20
3.023379074186677951e+00 1.028340059910519086e-20
3.046940342076630781e+00 9.123946779021041721e-21
3.070685223509894257e+00 8.115331753203209727e-21
3.094615149391351849e+00 7.234538828896941521e-21
3.118731561776963979e+00 6.462680308107444460e-21
3.143035913960669614e+00 5.784136688494999913e-21
3.167529670561962885e+00 5.185900566144408003e-21
3.192214307614152702e+00 4.657070777942951935e-21
3.217091312653314272e+00 4.188458261269905490e-21
3.242162184807927616e+00 3.772275986645332956e-21
3.267428434889215527e+00 3.401892860044727162e-21
3.292891585482193850e+00 3.071636795538017181e-21
3.318553171037419425e+00 2.776635939565106269e-21
3.344414737963458339e+00 2.512689756476327770e-21
3.370477844720079830e+00 2.276163676646963790e-21
3.396744061912168711e+00 2.063902477970186510e-21
3.423214972384368782e+00 1.873158666664780883e-21
3.449892171316475409e+00 1.701532947092394621e-21
3.476777266319557746e+00 1.546924495353289756e-21
3.503871877532837242e+00 1.407489229674862222e-21
3.531177637721321538e+00 1.281604639316753689e-21
3.558696192374196876e+00 1.167840020083188649e-21
3.586429199803984336e+00 1.064931188459680016e-21
3.614378331246479004e+00 9.717589226581796804e-22
3.642545270961456083e+00 8.873305184176531669e-22
3.670931716334169703e+00 8.107639586219916130e-22
3.699539377977637766e+00 7.412742848361124629e-22
3.728369979835728820e+00 6.781618305851986399e-22
3.757425259287050068e+00 6.208020342369996348e-22
3.786706967249639177e+00 5.686365965299657712e-22
3.816216868286484765e+00 5.211657863317215960e-22
3.845956740711859112e+00 4.779417298442868523e-22
3.875928376698477340e+00 4.385625445023983057e-22
3.906133582385504788e+00 4.026672003606133126e-22
3.936574177987393064e+00 3.699310096498724368e-22
3.967251997903568306e+00 3.400616600722568894e-22
3.998168890828979194e+00 3.127957198759030797e-22
4.029326719865498063e+00 2.878955531807397143e-22
4.060727362634198201e+00 2.651465928335742682e-22
4.092372711388496676e+00 2.443549255011600759e-22
4.124264673128191561e+00 2.253451499685580294e-22
4.156405169714378012e+00 2.079584749775332454e-22
4.188796137985258738e+00 1.920510274735715863e-22
4.221439529872867524e+00 1.774923459942775630e-22
4.254337312520692471e+00 1.641640372878545923e-22
4.287491468402215844e+00 1.519585770600999216e-22
4.320903995440390055e+00 1.407793996934517963e-22
4.354576907128027585e+00 1.305372310907902027e-22
4.388512232649141254e+00 1.211504816291115761e-22
4.422712017001222407e+00 1.125454511552991293e-22
4.457178321118484554e+00 1.046549595716566939e-22
4.491913221996044037e+00 9.741772771897957098e-23
4.526918812815098114e+00 9.077782157685330212e-23
4.562197203069056073e+00 8.468415303997111099e-23
4.597750518690657096e+00 7.909003143843356247e-23
4.633580902180091776e+00 7.395276049351834583e-23
4.669690512734105958e+00 6.923327606894776650e-23
4.706081526376117985e+00 6.489582052122022322e-23
4.742756136087351138e+00 6.090764987747433997e-23
4.779716551938987479e+00 5.723877044388107580e-23
4.816965001225343990e+00 5.386170176241161771e-23
4.854503728598102974e+00 5.075126311385888192e-23
4.892334996201570085e+00 4.788438100432970933e-23
4.930461083808994616e+00 4.523991531562574683e-23
4.968884288959960038e+00 4.279850199200255160e-23
5.007606927098831484e+00 4.054241035491841767e-23
5.046631331714285906e+00 3.845541329858381426e-23
5.085959854479939146e+00 3.652266883647557417e-23
5.125594865396055688e+00 3.473061162091776422e-23
5.165538752932373079e+00 3.306685324167287876e-23
5.205793924172026799e+00 3.152009027977804906e-23
5.246362804956618220e+00 3.008001921718653890e-23
5.287247840032386570e+00 2.873725748963183782e-23
5.328451493197543520e+00 2.748327004640715209e-23
5.369976247450735762e+00 2.631030093321627159e-23
5.411824605140684419e+00 2.521130948314923079e-23
5.453999088116976424e+00 2.417991077328473767e-23
5.496502237882029185e+00 2.321032010161588411e-23
5.539336615744256065e+00 2.229730122640643879e-23
5.582504802972412250e+00 2.143611820148485520e-23
5.626009400951136996e+00 2.062249063017101852e-23
5.669853031337731331e+00 1.985255217324935112e-23
5.714038336220133019e+00 1.912281217331965342e-23
5.758567978276136756e+00 1.843012025624413746e-23
5.803444640933850707e+00 1.777163373344226111e-23
5.848671028533408034e+00 1.714478769773220209e-23
5.894249866489925438e+00 1.654227044224021552e-23
5.940183901457753102e+00 1.595361589596565956e-23
5.986475901495984075e+00 1.539159018036484321e-23
6.033128656235260401e+00 1.485443894039075427e-23
6.080144977045891963e+00 1.434057000619321394e-23
6.127527697207263202e+00 1.384853694535455200e-23
6.175279672078572979e+00 1.337702420421772571e-23
6.223403779270908487e+00 1.292483368889273716e-23
6.271902918820651429e+00 1.249087266898630274e-23
6.320780013364233341e+00 1.207414290011041416e-23
6.370038008314270250e+00 1.167373084186350037e-23
6.419679872037050039e+00 1.128879887819927585e-23
6.469708596031408021e+00 1.091857744939728984e-23
6.520127195109008511e+00 1.056235800375848671e-23
6.570938707576019056e+00 1.021948668613271936e-23
6.622146195416195980e+00 9.889358713818648720e-24
6.673752744475415000e+00 9.570782693019439604e-24
6.725761464647628252e+00 9.263559213485004720e-24
6.778175490062257502e+00 8.967542650695913670e-24
6.830997979273086607e+00 8.682278960345511571e-24
6.884232115448578604e+00 8.407342893088287608e-24
6.937881106563702716e+00 8.142335177574055814e-24
6.991948185593272136e+00 7.886880011321979114e-24
7.046436610706736658e+00 7.640622835835550014e-24
7.101349665464545602e+00 7.403228353462687971e-24
7.156690659016025080e+00 7.174378778023256814e-24
7.212462926298772281e+00 6.953772265182961772e-24
7.268669828239636921e+00 6.741121532838092743e-24
7.325314751957265003e+00 6.536152628930636802e-24
7.382401110966188895e+00 6.338603837364540135e-24
7.439932345382551659e+00 6.148224710388822741e-24
7.497911922131407003e+00 5.964775203810195645e-24
7.556343335155633945e+00 5.788024907127503003e-24
7.615230105626504375e+00 5.617752363349596171e-24
7.674575782155860004e+00 5.453744457158266936e-24
7.734383941009959962e+00 5.295795864766557264e-24
7.794658186324999072e+00 5.143708572969712543e-24
7.855402150324295896e+00 4.997291436210625158e-24
7.916619493537168317e+00 4.856359780335425127e-24
7.978313905019535746e+00 4.720735051246918759e-24
8.040489102576222180e+00 4.590244486096347690e-24
8.103148832984988559e+00 4.464720823713383710e-24
8.166296872222336134e+00 4.344002035002595288e-24
8.229937025691045349e+00 4.227931074221740315e-24
8.294073128449483079e+00 4.116355661793632268e-24
8.358709045442731522e+00 4.009128064121803511e-24
8.423848671735486349e+00 3.906104912989880714e-24
8.489495932746768503e+00 3.807147015250140460e-24
8.555654784486495856e+00 3.712119192852190449e-24
8.622329213793868519e+00 3.620890123036266192e-24
8.689523238577617548e+00 3.533332194384525433e-24
8.757240908058138373e+00 3.449321368001958936e-24
8.825486303011505385e+00 3.368737053242156469e-24
8.894263536015376559e+00 3.291461979316792417e-24
8.963576751696830769e+00 3.217382091462997543e-24
9.033430126982132435e+00 3.146386440395276628e-24
9.103827871348423528e+00 3.078367081883987046e-24
9.174774227077424626e+00 3.013218990577032965e-24
9.246273469511047338e+00 2.950839965261358787e-24
9.318329907309045979e+00 2.891130556891563380e-24
9.390947882708687189e+00 2.833993989474309271e-24
9.464131771786378877e+00 2.779336092501028953e-24
9.537885984721404142e+00 2.727065237276658440e-24
9.612214966061698007e+00 2.677092280997366973e-24
9.687123194991649200e+00 2.629330507785137556e-24
9.762615185602044221e+00 2.583695586059751130e-24
9.838695487162103959e+00 2.540105519086437177e-24
9.915368684393603971e+00 2.498480603125971601e-24
9.992639397747167251e+00 2.458743393016294334e-24
1.007051228368071882e+01 2.421844511418056738e-24
1.014899203494005953e+01 2.386694394242630124e-24
1.022808338084167801e+01 2.353115518975489343e-24
1.030779108755775475e+01 2.321044874078183940e-24
1.038811995840335101e+01 2.290421344668616361e-24
1.046907483412588746e+01 2.261185687701602431e-24
1.055066059319685934e+01 2.233280506772671939e-24
1.063288215210579679e+01 2.206650226041251669e-24
1.071574446565655414e+01 2.181241063092688535e-24
1.079925252726591012e+01 2.157001006621409989e-24
1.088341136926445074e+01 2.133879785943078824e-24
1.096822606319983606e+01 2.111828847678996642e-24
1.105370172014243657e+01 2.090801326235149044e-24
1.113984349099330551e+01 2.070752014870485740e-24
1.122665656679461144e+01 2.051637337936279917e-24
1.131414617904242803e+01 2.033415318699406600e-24
1.140231760000200723e+01 2.016045548923920686e-24
1.149117614302551083e+01 1.999489156140998881e-24
1.158072716287217041e+01 1.983708771225541679e-24
1.167097605603098742e+01 1.968668492465999438e-24
1.176192826104595213e+01 1.954333851587415672e-24
1.185358925884374592e+01 1.940671777521255583e-24
1.194596457306404602e+01 1.927650560030510309e-24
1.203905977039241115e+01 1.915239812453211989e-24
1.213288046089569505e+01 1.903410433742813299e-24
1.222743229836014933e+01 1.892134570726502900e-24
1.232272098063213228e+01 1.881385580247932696e-24
1.241875224996144311e+01 1.871137990132133542e-24
1.251553189334737759e+01 1.861367461062501063e-24
1.261306574288748017e+01 1.852050748141581570e-24
1.271135967612895179e+01 1.843165662512897735e-24
1.281041961642286786e+01 1.834691034613732255e-24
1.291025153328114428e+01 1.826606675052071771e-24
1.301086144273622835e+01 1.818893338740721473e-24
1.311225540770366216e+01 1.811532688318341684e-24
1.321443953834745422e+01 1.804507257766094420e-24
1.331741999244825436e+01 1.797800418177003978e-24
1.342120297577444710e+01 1.791396342562011294e-24
1.352579474245614577e+01 1.785279972976719736e-24
1.363120159536203424e+01 1.779436987185998231e-24
1.373742988647920527e+01 1.773853767274073459e-24
1.384448601729596717e+01 1.768517368612536939e-24
1.395237643918756554e+01 1.763415489553117847e-24
1.406110765380496730e+01 1.758536442932230583e-24
1.417068621346669133e+01 1.753869127688851750e-24
1.428111872155361617e+01 1.749403001547746564e-24
1.439241183290693016e+01 1.745128055343380841e-24
1.450457225422918128e+01 1.741034787479747328e-24
1.461760674448840014e+01 1.737114179792878208e-24
1.473152211532542033e+01 1.733357674294383644e-24
1.484632523146438210e+01 1.729757150659945548e-24
1.496202301112636057e+01 1.726304905047395002e-24
1.507862242644633000e+01 1.722993629519731767e-24
1.519613050389326148e+01 1.719816392151225401e-24
1.531455432469357625e+01 1.716766618324577208e-24
1.543390102525788343e+01 1.713838073020328721e-24
1.555417779761100050e+01 1.711024843096925378e-24
1.567539188982537013e+01 1.708321321622606318e-24
1.579755060645786280e+01 1.705722191436945710e-24
1.592066130898992427e+01 1.703222411055612767e-24
1.604473141627120114e+01 1.700817199772803233e-24
1.616976840496664281e+01 1.698502024830916540e-24
1.629577981000701570e+01 1.696272587960886149e-24
1.642277322504298454e+01 1.694124813514224382e-24
1.655075630290274091e+01 1.692054836709558933e-24
1.667973675605313844e+01 1.690058992663240278e-24
1.680972235706447293e+01 1.688133805859509398e-24
1.694072093907889709e+01 1.686275980143345394e-24
1.707274039628241269e+01 1.684482389286559083e-24
1.720578868438059672e+01 1.682750068128028526e-24
1.733987382107807917e+01 1.681076203869673234e-24
1.747500388656161974e+01 1.679458128143981349e-24
1.761118702398708180e+01 1.677893309286162110e-24
1.774843143997016526e+01 1.676379345132027152e-24
1.788674540508091226e+01 1.674913956142581349e-24
1.802613725434210679e+01 1.673494978824589916e-24
1.816661538773160700e+01 1.672120359622974249e-24
1.830818827068848265e+01 1.670788149059170404e-24
1.845086443462317405e+01 1.669496496191622260e-24
1.859465247743164085e+01 1.668243643413469264e-24
1.873956106401342936e+01 1.667027921410952184e-24
1.888559892679387175e+01 1.665847744563682776e-24
1.903277486625032822e+01 1.664701606440315101e-24
1.918109775144246498e+01 1.663588075656333757e-24
1.933057652054675302e+01 1.662505791793209894e-24
1.948122018139512690e+01 1.661453461708597917e-24
1.963303781201774356e+01 1.660429856053670453e-24
1.978603856119007531e+01 1.659433805694050660e-24
1.994023164898425549e+01 1.658464198727779224e-24
2.009562636732463758e+01 1.657519977352596193e-24
2.025223208054777757e+01 1.656600135047786217e-24
2.041005822596676111e+01 1.655703713919344386e-24
2.056911431443985094e+01 1.654829802092052383e-24
2.072940993094369944e+01 1.653977531298423311e-24
2.089095473515089907e+01 1.653146074646530851e-24
2.105375846201209811e+01 1.652334644426647747e-24
2.121783092234269219e+01 1.651542490068548496e-24
2.138318200341397457e+01 1.650768896202815000e-24
2.154982166954898304e+01 1.650013180875820668e-24
2.171775996272300446e+01 1.649274693808693234e-24
2.188700700316866232e+01 1.648552814697938399e-24
2.205757298998579330e+01 1.647846951783029245e-24
2.222946820175610938e+01 1.647156540294589859e-24
2.240270299716252822e+01 1.646481041102702094e-24
2.257728781561344533e+01 1.645819939412577403e-24
2.275323317787184862e+01 1.645172743522986485e-24
2.293054968668926463e+01 1.644538983656956295e-24
2.310924802744472473e+01 1.643918210830865869e-24
2.328933896878871934e+01 1.643309995840698346e-24
2.347083336329205494e+01 1.642713928235328565e-24
2.365374214809989795e+01 1.642129615412754889e-24
2.383807634559089195e+01 1.641556681688629398e-24
2.402384706404131620e+01 1.640994767491842863e-24
2.421106549829451282e+01 1.640443528536419831e-24
2.439974293043556486e+01 1.639902635089916471e-24
2.458989073047107254e+01 1.639371771239305433e-24
2.478152035701439360e+01 1.638850634231546111e-24
2.497464335797616286e+01 1.638338933812092829e-24
2.516927137126014813e+01 1.637836391631291497e-24
2.536541612546457714e+01 1.637342740666264329e-24
2.556308944058897836e+01 1.636857724671935063e-24
2.576230322874638290e+01 1.636381097662804561e-24
2.596306949488122484e+01 1.635912623427896289e-24
2.616540033749279459e+01 1.635452075059172230e-24
2.636930794936425215e+01 1.634999234514902485e-24
2.657480461829742424e+01 1.634553892204862704e-24
2.678190272785330706e+01 1.634115846582955685e-24
2.699061475809826760e+01 1.633684903788313659e-24
2.720095328635613185e+01 1.633260877270338370e-24
2.741293098796615979e+01 1.632843587462628494e-24
2.762656063704679710e+01 1.632432861458725028e-24
2.784185510726555535e+01 1.632028532705912832e-24
2.805882737261472570e+01 1.631630440717893809e-24
2.827749050819322818e+01 1.631238430797554827e-24
2.849785769099460708e+01 1.630852353774105691e-24
2.871994220070099502e+01 1.630472065764790464e-24
2.894375742048341138e+01 1.630097427931914247e-24
2.916931683780831364e+01 1.629728306258214848e-24
2.939663404525025925e+01 1.629364571336978259e-24
2.962572274131109040e+01 1.629006098169567107e-24
2.985659673124544611e+01 1.628652765977164312e-24
3.008926992789260524e+01 1.628304458010063823e-24
3.032375635251500157e+01 1.627961061381571978e-24
3.056007013564306618e+01 1.627622466894673705e-24
3.079822551792681296e+01 1.627288568898790448e-24
3.103823685099403207e+01 1.626959265120606696e-24
3.128011859831505959e+01 1.626634456540110796e-24
3.152388533607441090e+01 1.626314047245219732e-24
3.176955175404921761e+01 1.625997944302749886e-24
3.201713265649436124e+01 1.625686057640649766e-24
3.226664296303464141e+01 1.625378299924539121e-24
3.251809770956392498e+01 1.625074586452880745e-24
3.277151204915110583e+01 1.624774835044539297e-24
3.302690125295332990e+01 1.624478965941896140e-24
3.328428071113629017e+01 1.624186901710775281e-24
3.354366593380158434e+01 1.623898567150558093e-24
3.380507255192139837e+01 1.623613889207225756e-24
3.406851631828053684e+01 1.623332796884854080e-24
3.433401310842558019e+01 1.623055221171777583e-24
3.460157892162165183e+01 1.622781094958765721e-24
3.487122988181658201e+01 1.622510352970353806e-24
3.514298223861248260e+01 1.622242931690449284e-24
3.541685236824501004e+01 1.621978769302126581e-24
3.569285677457028783e+01 1.621717805618375611e-24
3.597101209005933953e+01 1.621459982023178467e-24
3.625133507680045142e+01 1.621205241415588770e-24
3.653384262750932976e+01 1.620953528150168634e-24
3.681855176654698880e+01 1.620704787988168362e-24
3.710547965094568923e+01 1.620458968043129167e-24
3.739464357144293416e+01 1.620216016734821600e-24
3.768606095352331664e+01 1.619975883741779280e-24
3.797974935846865918e+01 1.619738519955508608e-24
3.827572648441636005e+01 1.619503877440350230e-24
3.857401016742574740e+01 1.619271909391145994e-24
3.887461838255303803e+01 1.619042570093880646e-24
3.917756924493453852e+01 1.618815814888393308e-24
3.948288101087822355e+01 1.618591600133309365e-24
3.979057207896390480e+01 1.618369883170580389e-24
4.010066099115206129e+01 1.618150622293282205e-24
4.041316643390103280e+01 1.617933776712382934e-24
4.072810723929327992e+01 1.617719306528025295e-24
4.104550238617008517e+01 1.617507172699117671e-24
4.136537100127531374e+01 1.617297337016338331e-24
4.168773236040807717e+01 1.617089762074360516e-24
4.201260588958419362e+01 1.616884411245789158e-24
4.234001116620692784e+01 1.616681248657434632e-24
4.266996792024676921e+01 1.616480239165356088e-24
4.300249603543031185e+01 1.616281348332006171e-24
4.333761555043851388e+01 1.616084542404924084e-24
4.367534666011432876e+01 1.615889788294181519e-24
4.401570971667955945e+01 1.615697053553484022e-24
4.435872523096138309e+01 1.615506306358817583e-24
4.470441387362842534e+01 1.615317515490928809e-24
4.505279647643626362e+01 1.615130650315819989e-24
4.540389403348287800e+01 1.614945680768309615e-24
4.575772770247383647e+01 1.614762577334100037e-24
4.611431880599715782e+01 1.614581311034067347e-24
4.647368883280831398e+01 1.614401853408085104e-24
4.683585943912525096e+01 1.614224176500207969e-24
4.720085244993330065e+01 1.614048252843453089e-24
4.756868986030042379e+01 1.613874055446197790e-24
4.793939383670277010e+01 1.613701557778150057e-24
4.831298671836032099e+01 1.613530733757131747e-24
4.868949101858314776e+01 1.613361557736685027e-24
4.906892942612816455e+01 1.613194004493163788e-24
4.945132480656627649e+01 1.613028049214392517e-24
4.983670020366032816e+01 1.612863667487582209e-24
5.022507884075386642e+01 1.612700835288603071e-24
5.061648412217044779e+01 1.612539528970996212e-24
5.101093963462410130e+01 1.612379725255488425e-24
5.140846914864078343e+01 1.612221401219948318e-24
5.180909661999065463e+01 1.612064534289740832e-24
5.221284619113180980e+01 1.611909102227775948e-24
5.261974219266517139e+01 1.611755083125784500e-24
5.302980914480057351e+01 1.611602455395083560e-24
5.344307175883443506e+01 1.611451197758068067e-24
5.385955493863902177e+01 1.611301289239633575e-24
5.427928378216299166e+01 1.611152709159339195e-24
5.470228358294394866e+01 1.611005437123140193e-24
5.512857983163273445e+01 1.610859453015873648e-24
5.555819821752935184e+01 1.610714736993772938e-24
5.599116463013128708e+01 1.610571269477201347e-24
5.642750516069339994e+01 1.610429031143482469e-24
5.686724610380037603e+01 1.610288002920200626e-24
5.731041395895132240e+01 1.610148165978344429e-24
5.775703543215650626e+01 1.610009501725983535e-24
5.820713743754681246e+01 1.609871991801728124e-24
5.866074709899567097e+01 1.609735618068642046e-24
5.911789175175346145e+01 1.609600362608317221e-24
5.957859894409484980e+01 1.609466207714892031e-24
6.004289643897896411e+01 1.609333135889281292e-24
6.051081221572227520e+01 1.609201129833748413e-24
6.098237447168475001e+01 1.609070172446375058e-24
6.145761162396918564e+01 1.608940246815791077e-24
6.193655231113346105e+01 1.608811336215836292e-24
6.241922539491645239e+01 1.608683424100662358e-24
6.290565996197736354e+01 1.608556494099658117e-24
6.339588532564837209e+01 1.608430530012729257e-24
6.388993102770116650e+01 1.608305515805388229e-24
6.438782684012728907e+01 1.608181435604152559e-24
6.488960276693207163e+01 1.608058273692091744e-24
6.539528904594276071e+01 1.607936014504313720e-24
6.590491615063088204e+01 1.607814642623589084e-24
6.641851479194833985e+01 1.607694142776108295e-24
6.693611592017829537e+01 1.607574499827252098e-24
6.745775072680027051e+01 1.607455698777513477e-24
6.798345064636970392e+01 1.607337724758455976e-24
6.851324735841228630e+01 1.607220563028743096e-24
6.904717278933314617e+01 1.607104198970229046e-24
6.958525911434054478e+01 1.606988618084223056e-24
7.012753875938497572e+01 1.606873805987588940e-24
7.067404440311324265e+01 1.606759748409196022e-24
7.122480897883757223e+01 1.606646431186238921e-24
7.177986567652027361e+01 1.606533840260570191e-24
7.233924794477398734e+01 1.606421961675329040e-24
7.290298949287712560e+01 1.606310781571353133e-24
7.347112429280528545e+01 1.606200286183902824e-24
7.404368658127866354e+01 1.606090461839108033e-24
7.462071086182491797e+01 1.605981294950834828e-24
7.520223190685867110e+01 1.605872772017299625e-24
7.578828475977674373e+01 1.605764879617834014e-24
7.637890473707000183e+01 1.605657604409850694e-24
7.697412743045173045e+01 1.605550933125411216e-24
7.757398870900217958e+01 1.605444852568431607e-24
7.817852472133024833e+01 1.605339349611415608e-24
7.878777189775192369e+01 1.605234411192423906e-24
7.940176695248545968e+01 1.605130024312137612e-24
8.002054688586392217e+01 1.605026176030901156e-24
8.064414898656497144e+01 1.604922853465634040e-24
8.127261083385778306e+01 1.604820043787114345e-24
8.190597029986767552e+01 1.604717734216925571e-24
8.254426555185850134e+01 1.604615912024713139e-24
8.318753505453241814e+01 1.604514564525289006e-24
8.383581757234797749e+01 1.604413679075808087e-24
8.448915217185621884e+01 1.604313243073052681e-24
8.514757822405468346e+01 1.604213243950598611e-24
8.581113540676001605e+01 1.604113669176092120e-24
8.647986370699926795e+01 1.604014506248526394e-24
8.715380342341917697e+01 1.603915742695584394e-24
8.783299516871490198e+01 1.603817366070811062e-24
8.851747987207740209e+01 1.603719363951111533e-24
8.920729878165977311e+01 1.603621723933961358e-24
8.990249346706292499e+01 1.603524433634879377e-24
9.060310582184085604e+01 1.603427480684666223e-24
9.130917806602495546e+01 1.603330852726926601e-24
9.202075274866830057e+01 1.603234537415422773e-24
9.273787275041000555e+01 1.603138522411403982e-24
9.346058128605885429e+01 1.603042795381155914e-24
9.418892190719775215e+01 1.602947343993408546e-24
9.492293850480828610e+01 1.602852155916735003e-24
9.566267531191542162e+01 1.602757218816985853e-24
9.640817690625316061e+01 1.602662520354896979e-24
9.715948821295106086e+01 1.602568048183429101e-24
9.791665450724114805e+01 1.602473789945312286e-24
9.867972141718647094e+01 1.602379733270519726e-24
9.944873492643085910e+01 1.602285865773847518e-24
1.002237413769696843e+02 1.602192175052320850e-24
1.010047874719425067e+02 1.602098648682841736e-24
1.017919202784478472e+02 1.602005274219584190e-24
1.025851872303792192e+02 1.601912039191699991e-24
1.033846361312837132e+02 1.601818931100771719e-24
1.041903151572423241e+02 1.601725937418386643e-24
1.050022728597737967e+02 1.601633045583847817e-24
1.058205581687600016e+02 1.601540243001587436e-24
1.066452203953943325e+02 1.601447517038917605e-24
1.074763092351537921e+02 1.601354855023615249e-24
1.083138747707935323e+02 1.601262244241599590e-24
1.091579674753644582e+02 1.601169671934582632e-24
1.100086382152555871e+02 1.601077125297743146e-24
1.108659382532589319e+02 1.600984591477533096e-24
1.117299192516584156e+02 1.600892057569363559e-24
1.126006332753437249e+02 1.600799510615426207e-24
1.134781327949475127e+02 1.600706937602511116e-24
1.143624706900070578e+02 1.600614325459892153e-24
1.152537002521514893e+02 1.600521661057251871e-24
1.161518751883129568e+02 1.600428931202643856e-24
1.170570496239626834e+02 1.600336122640601284e-24
1.179692781063733946e+02 1.600243222050174952e-24
1.188886156079060470e+02 1.600150216043264254e-24
1.198151175293222082e+02 1.600057091162823270e-24
1.207488397031233518e+02 1.599963833881293500e-24
1.216898383969149506e+02 1.599870430599255352e-24
1.226381703167970159e+02 1.599776867644004324e-24
1.235938926107819071e+02 1.599683131268590774e-24
1.245570628722379070e+02 1.599589207650663708e-24
1.255277391433594403e+02 1.599495082892022624e-24
1.265059799186655596e+02 1.599400743018009012e-24
1.274918441485245921e+02 1.599306173977453087e-24
1.284853912427061289e+02 1.599211361642905581e-24
1.294866810739619325e+02 1.599116291811271045e-24
1.304957739816336186e+02 1.599020950204861749e-24
1.315127307752884178e+02 1.598925322473197657e-24
1.325376127383843823e+02 1.598829394195255667e-24
1.335704816319631050e+02 1.598733150882606523e-24
1.346113996983710308e+02 1.598636577983390561e-24
1.356604296650112076e+02 1.598539660887483451e-24
1.367176347481229470e+02 1.598442384932746342e-24
1.377830786565907033e+02 1.598344735412953283e-24
1.388568255957844144e+02 1.598246697587426054e-24
1.399389402714279811e+02 1.598148256692856515e-24
1.410294878934981853e+02 1.598049397957682717e-24
1.421285341801552420e+02 1.597950106619712140e-24
1.432361453617025404e+02 1.597850367947381050e-24
1.443523881845774781e+02 1.597750167265880605e-24
1.454773299153745256e+02 1.597649489988792340e-24
1.466110383448984180e+02 1.597548321656995380e-24
1.477535817922487809e+02 1.597446647986142451e-24
1.489050291089381517e+02 1.597344454925295562e-24
1.500654496830406970e+02 1.597241728729302840e-24
1.512349134433729603e+02 1.597138456048800812e-24
1.524134908637090291e+02 1.597034624042812983e-24
1.536012529670268520e+02 1.596930220520246850e-24
1.547982713297877240e+02 1.596825234119492170e-24
1.560046180862505310e+02 1.596719654538131113e-24
1.572203659328182255e+02 1.596613472828912303e-24
1.584455881324181519e+02 1.596506681786061615e-24
1.596803585189179557e+02 1.596399276454028045e-24
1.609247515015744341e+02 1.596291254806678102e-24
1.621788420695170316e+02 1.596182618666279659e-24
1.634427057962678873e+02 1.596073374966001437e-24
1.647164188442954185e+02 1.595963537514469981e-24
1.660000579696035743e+02 1.595853129509363397e-24
1.672937005263582364e+02 1.595742187196334594e-24
1.685974244715482087e+02 1.595630765326198073e-24
1.699113083696825299e+02 1.595518945524814299e-24
1.712354313975259004e+02 1.595406849548516841e-24
1.725698733488695211e+02 1.595294661076703350e-24
1.739147146393390528e+02 1.595182663151668038e-24
1.752700363112416539e+02 1.595071305978871367e-24
1.766359200384491714e+02 1.594961337840991388e-24
1.780124481313194451e+02 1.594854078913407932e-24
1.793997035416574590e+02 1.594752055879255045e-24
1.807977698677136971e+02 1.594660689108365772e-24
1.822067313592213509e+02 1.594593741366581283e-24
1.836266729224743983e+02 1.594597143891570057e-24
1.850576801254436248e+02 1.594933059140677706e-24
1.864998392029326340e+02 1.607446648496669538e-24
1.879532370617755248e+02 1.594660144436060637e-24
1.894179612860732789e+02 1.593782497608479572e-24
1.908941001424721833e+02 1.593592095886943658e-24
1.923817425854821010e+02 1.593453559849264131e-24
1.938809782628381413e+02 1.593322696914605270e-24
1.953918975209024325e+02 1.593192134813859325e-24
1.969145914101080166e+02 1.593060203960636682e-24
1.984491516904466835e+02 1.592926500163705674e-24
1.999956708369982152e+02 1.592790950035295062e-24
2.015542420455023489e+02 1.592653568149824270e-24
2.031249592379760713e+02 1.592514386674941592e-24
2.047079170683730354e+02 1.592373434603874480e-24
2.063032109282868873e+02 1.592230732442525874e-24
2.079109369527008937e+02 1.592086291801628347e-24
2.095311920257806548e+02 1.591940116420164762e-24
2.111640737867118389e+02 1.591792203456862048e-24
2.128096806355852948e+02 1.591642544677734742e-24
2.144681117393262753e+02 1.591491127446659017e-24
2.161394670376696752e+02 1.591337935519091259e-24
2.178238472491838138e+02 1.591182949667631085e-24
2.195213538773393793e+02 1.591026148171777101e-24
2.212320892166253827e+02 1.590867507201471057e-24
2.229561563587150204e+02 1.590707001117396430e-24
2.246936591986774658e+02 1.590544602707470441e-24
2.264447024412380358e+02 1.590380283373197373e-24
2.282093916070892590e+02 1.590214013277596642e-24
2.299878330392489829e+02 1.590045761462643496e-24
2.317801339094681907e+02 1.589875495942960511e-24
2.335864022246906018e+02 1.589703183780621635e-24
2.354067468335608453e+02 1.589528791145061819e-24
2.372412774329828551e+02 1.589352283360806670e-24
2.390901045747320666e+02 1.589173624945727084e-24
2.409533396721166127e+02 1.588992779641303081e-24
2.428310950066905889e+02 1.588809710436592133e-24
2.447234837350216878e+02 1.588624379586820714e-24
2.466306198955096249e+02 1.588436748627923689e-24
2.485526184152573421e+02 1.588246778387130197e-24
2.504895951169983448e+02 1.588054428990974460e-24
2.524416667260755673e+02 1.587859659870368957e-24
2.544089508774746662e+02 1.587662429764058730e-24
2.563915661229143552e+02 1.587462696719851605e-24
2.583896319379898614e+02 1.587260418094707094e-24
2.604032687293719732e+02 1.587055550553407901e-24
2.624325978420643537e+02 1.586848050066088445e-24
2.644777415667152241e+02 1.586637871905065986e-24
2.665388231469862035e+02 1.586424970640609210e-24
2.686159667869804935e+02 1.586209300136494861e-24
2.707092976587269959e+02 1.585990813544555287e-24
2.728189419097225255e+02 1.585769463299215693e-24
2.749450266705351851e+02 1.585545201111563958e-24
2.770876800624648695e+02 1.585317977963181127e-24
2.792470312052630561e+02 1.585087744099934431e-24
2.814232102249154082e+02 1.584854449025785923e-24
2.836163482614826989e+02 1.584618041496662093e-24
2.858265774770025587e+02 1.584378469514755289e-24
2.880540310634554544e+02 1.584135680323077322e-24
2.902988432507903553e+02 1.583889620400729020e-24
2.925611493150125284e+02 1.583640235459098422e-24
2.948410855863375559e+02 1.583387470439053918e-24
2.971387894574056077e+02 1.583131269509851221e-24
2.994543993915602869e+02 1.582871576069816810e-24
3.017880549311942673e+02 1.582608332749781659e-24
3.041398967061576855e+02 1.582341481419762264e-24
3.065100664422314480e+02 1.582070963199882463e-24
3.088987069696701724e+02 1.581796718477239937e-24
3.113059622318079391e+02 1.581518686929971154e-24
3.137319772937320295e+02 1.581236807561324171e-24
3.161768983510263524e+02 1.580951018746977982e-24
3.186408727385806401e+02 1.580661258300244243e-24
3.211240489394681958e+02 1.580367463561659419e-24
3.236265765938954928e+02 1.580069571522556598e-24
3.261486065082187338e+02 1.579767518996464515e-24
3.286902906640310107e+02 1.579461242858602214e-24
3.312517822273226216e+02 1.579150680385453470e-24
3.338332355577101112e+02 1.578835769742588129e-24
3.364348062177374459e+02 1.578516450699703567e-24
3.390566509822522789e+02 1.578192665701630081e-24
3.416989278478527012e+02 1.577864361515735345e-24
3.443617960424069793e+02 1.577531491847698910e-24
3.470454160346512253e+02 1.577194021652148436e-24
3.497499495438582926e+02 1.576851934565344630e-24
3.524755595495823854e+02 1.576505246443517384e-24
3.552224103014823982e+02 1.576154031762124511e-24
3.579906673292189225e+02 1.575798479760338600e-24
3.607804974524281647e+02 1.575439028333979925e-24
3.635920687907769207e+02 1.575076738381701614e-24
3.664255507740929261e+02 1.574714623265566484e-24
3.692811141525733660e+02 1.574364808929635784e-24
3.721589310070772285e+02 1.574161612314556872e-24
3.750591747594938852e+02 1.573429787324645304e-24
3.779820201831925033e+02 1.573072055141425735e-24
3.809276434135567797e+02 1.572688380118034546e-24
3.838962219585976641e+02 1.572289287089261613e-24
3.868879347096493007e+02 1.571880542345519856e-24
3.899029619521515997e+02 1.571463951845137900e-24
3.929414853765134694e+02 1.571040206888448918e-24
3.960036880890602902e+02 1.570609592985137679e-24
3.990897546230708599e+02 1.570172219217624354e-24
4.021998709498963649e+02 1.569728107540822828e-24
4.053342244901661502e+02 1.569277232470994175e-24
4.084930041250843828e+02 1.568819540561409426e-24
4.116764002078110138e+02 1.568354960721698747e-24
4.148846045749318137e+02 1.567883410030476128e-24
4.181178105580209490e+02 1.567404797176113835e-24
4.213762129952903024e+02 1.566919024578316677e-24
4.246600082433295711e+02 1.566425989741463141e-24
4.279693941889414077e+02 1.565925586142386296e-24
4.313045702610652938e+02 1.565417703826358615e-24
4.346657374427940113e+02 1.564902229814761125e-24
4.380530982834878273e+02 1.564379048387966680e-24
4.414668569109793452e+02 1.563848041284018705e-24
4.449072190438729422e+02 1.563309087838650573e-24
4.483743920039445356e+02 1.562762065084950450e-24
4.518685847286337207e+02 1.562206847823762747e-24
4.553900077836335072e+02 1.561643308673805325e-24
4.589388733755817498e+02 1.561071318107083652e-24
4.625153953648480751e+02 1.560490744474402882e-24
4.661197892784197165e+02 1.559901454024464867e-24
4.697522723228924519e+02 1.559303310919648617e-24
4.734130633975585738e+02 1.558696177251155993e-24
4.771023831075963244e+02 1.558079913056639530e-24
4.808204537773672200e+02 1.557454376343639593e-24
4.845674994638119415e+02 1.556819423122896413e-24
4.883437459699508736e+02 1.556174907457325593e-24
4.921494208584945795e+02 1.555520681534763760e-24
4.959847534655552863e+02 1.554856595775945251e-24
4.998499749144658608e+02 1.554182498996044971e-24
5.037453181297104834e+02 1.553498238647928039e-24
5.076710178509595153e+02 1.552803661193046717e-24
5.116273106472139034e+02 1.552098612677299118e-24
5.156144349310642383e+02 1.551382939647190950e-24
5.196326309730563935e+02 1.550656490652176439e-24
5.236821409161686915e+02 1.549919118807073464e-24
5.277632087904075888e+02 1.549170686379784013e-24
5.318760805275113626e+02 1.548411073524583177e-24
5.360210039757685081e+02 1.547640196261605731e-24
5.401982289149573262e+02 1.546858047500780540e-24
5.444080070713953319e+02 1.546064804804087554e-24
5.486505921331101945e+02 1.545261178344475011e-24
5.529262397651248193e+02 1.544449990735007625e-24
5.572352076248678259e+02 1.543651297262477991e-24
5.615777553776983950e+02 1.542637563160972527e-24
5.659541447125526474e+02 1.541861495702447760e-24
5.703646393577165554e+02 1.541003464327113265e-24
5.748095050967175439e+02 1.540124435869972229e-24
5.792890097843385320e+02 1.539229570829032569e-24
5.838034233627633967e+02 1.538319998838710963e-24
5.883530178778419213e+02 1.537395999738199636e-24
5.929380674954823007e+02 1.536457581445201867e-24
5.975588485181762053e+02 1.535504641371579228e-24
6.022156394016473087e+02 1.534537023935777004e-24
6.069087207716299872e+02 1.533554544619935423e-24
6.116383754407836477e+02 1.532557001255288006e-24
6.164048884257337022e+02 1.531544179791978058e-24
6.212085469642455564e+02 1.530515857452649201e-24
6.260496405325370688e+02 1.529471804549543640e-24
6.309284608627218631e+02 1.528411785577305999e-24
6.358453019603869052e+02 1.527335559894025992e-24
6.408004601223141208e+02 1.526242882159531594e-24
6.457942339543335493e+02 1.525133502627292022e-24
6.508269243893156499e+02 1.524007167347999950e-24
6.558988347053104917e+02 1.522863618322241959e-24
6.610102705438212070e+02 1.521702593629572408e-24
6.661615399282209182e+02 1.520523827556236040e-24
6.713529532823184809e+02 1.519327050745305056e-24
6.765848234490631512e+02 1.518111990398919801e-24
6.818574657093947735e+02 1.516878370576372085e-24
6.871711978012478994e+02 1.515625912660595527e-24
6.925263399386961964e+02 1.514354336121079206e-24
6.979232148312477193e+02 1.513063359816329909e-24
7.033621477032955909e+02 1.511752704325592646e-24
7.088434663137147709e+02 1.510422096377503023e-24
7.143675009756112786e+02 1.509071277916956373e-24
7.199345845762311455e+02 1.507700026601344453e-24
7.255450525970192075e+02 1.506308208872601468e-24
7.311992431338331926e+02 1.504895947509070676e-24
7.368974969173224281e+02 1.503464352658357888e-24
7.426401573334585464e+02 1.502021835086609753e-24
7.484275704442266033e+02 1.500419142026041840e-24
7.542600850084832018e+02 1.498993862768882308e-24
7.601380525029715045e+02 1.497476061524259449e-24
7.660618271434990447e+02 1.495930010276801862e-24
7.720317659062886833e+02 1.494358864354093708e-24
7.780482285494875896e+02 1.492763085531924449e-24
7.841115776348444797e+02 1.491142603071093456e-24
7.902221785495635231e+02 1.489497179406171480e-24
7.963803995283201402e+02 1.487826508279553609e-24
8.025866116754493760e+02 1.486130243977412891e-24
8.088411889873140126e+02 1.484408031227186001e-24
8.151445083748395746e+02 1.482659493485076469e-24
8.214969496862253209e+02 1.480884245963662022e-24
8.278988957298396372e+02 1.479081895598329996e-24
8.343507322972856173e+02 1.477252042076227583e-24
8.408528481866477478e+02 1.475394278514458519e-24
8.474056352259257210e+02 1.473508191951175424e-24
8.540094882966449177e+02 1.471593363770800369e-24
8.606648053576492430e+02 1.469649370166185727e-24
8.673719874690885945e+02 1.467675782759795345e-24
8.741314388165844775e+02 1.465672169578067959e-24
8.809435667355842270e+02 1.463638096751898518e-24
8.878087817359131577e+02 1.461573131752520121e-24
8.947274975265096373e+02 1.459476850129033375e-24
9.017001310403536536e+02 1.457348851167756959e-24
9.087271024595964946e+02 1.455188800141457851e-24
9.158088352408796027e+02 1.452996570494488637e-24
9.229457561408497668e+02 1.450772940729778434e-24
9.301382952418814511e+02 1.448528051493882332e-24
9.373868859779920513e+02 1.446180028633043937e-24
9.446919651609578068e+02 1.443869564061415710e-24
9.520539730066429911e+02 1.441508021746453995e-24
9.594733531615247557e+02 1.439108578083763000e-24
9.669505527294256808e+02 1.436672105725766836e-24
9.744860222984621032e+02 1.434198452392729685e-24
9.820802159681948069e+02 1.431687228807956290e-24
9.897335913769907165e+02 1.429137961603617543e-24
9.974466097296069620e+02 1.426550139239601514e-24
1.005219735824979466e+03 1.423923316222464417e-24
1.013053438084235040e+03 1.421256923619504118e-24
1.020948188578914824e+03 1.418550340244106800e-24
1.028904463059428053e+03 1.415802999969288184e-24
1.036922740983718768e+03 1.413014329328581244e-24
1.045003505546155566e+03 1.410183748581237774e-24
1.053147243706655672e+03 1.407310672916806858e-24
1.061354446220027512e+03 1.404394514248346912e-24
1.069625607665539974e+03 1.401434684471342346e-24
1.077961226476733827e+03 1.398430602356791227e-24
1.086361804971455058e+03 1.395381710485632575e-24
1.094827849382121485e+03 1.392287525529029296e-24
1.103359869886236311e+03 1.389147837222065528e-24
1.111958380637128130e+03 1.385964072017602918e-24
1.120623899794932186e+03 1.383038399088529478e-24
1.129356949557821736e+03 1.379427686402181537e-24
1.138158056193473385e+03 1.376099815399302275e-24
1.147027750070777074e+03 1.372719466419298580e-24
1.155966565691804135e+03 1.369288254741178033e-24
1.164975041724014091e+03 1.365805956315630491e-24
1.174053721032711564e+03 1.362272042374859916e-24
1.183203150713767400e+03 1.358685894417649312e-24
1.192423882126584203e+03 1.355046857708109730e-24
1.201716470927318369e+03 1.351354362641787915e-24
1.211081477102371991e+03 1.347607662297204214e-24
1.220519465002135348e+03 1.343806027826174415e-24
1.230031003374991315e+03 1.339948764227461155e-24
1.239616665401596720e+03 1.336035174436585062e-24
1.249277028729419499e+03 1.332064562528049157e-24
1.259012675507545055e+03 1.328036239659127410e-24
1.268824192421763883e+03 1.323949538093056655e-24
1.278712170729924765e+03 1.319803853195335701e-24
1.288677206297558541e+03 1.315598817847322556e-24
1.298719899633795194e+03 1.311335665751547450e-24
1.308840855927546954e+03 1.306952298090565348e-24
1.319040685083974950e+03 1.302605150025682648e-24
1.329320001761249159e+03 1.298154633518453000e-24
1.339679425407587132e+03 1.293638993172218645e-24
1.350119580298576466e+03 1.289058683402180843e-24
1.360641095574804922e+03 1.284413248987916438e-24
1.371244605279767711e+03 1.279702071517838594e-24
1.381930748398072865e+03 1.274924487994824388e-24
1.392700168893955606e+03 1.270079822785315378e-24
1.403553515750080123e+03 1.265167399607980249e-24
1.414491443006643976e+03 1.260186547705184493e-24
1.425514609800801281e+03 1.255136606511341517e-24
1.436623680406377389e+03 1.250016931155737815e-24
1.447819324273896427e+03 1.244826902281973048e-24
1.459102216070931036e+03 1.239565951068569074e-24
1.470473035722754730e+03 1.234233651349276633e-24
1.481932468453311458e+03 1.228830317282818611e-24
1.493481204826516205e+03 1.223407452570882950e-24
1.505119940787866653e+03 1.217793392840055842e-24
1.516849377706375208e+03 1.212171251854323961e-24
1.528670222416845718e+03 1.206473028522551755e-24
1.540583187262463071e+03 1.200699472752594598e-24
1.552588990137714973e+03 1.194850362630808220e-24
1.564688354531663890e+03 1.188925353248963354e-24
1.576882009571540493e+03 1.182924093447204822e-24
1.589170690066676798e+03 1.176846257214415913e-24
1.601555136552796966e+03 1.170691557261109083e-24
1.614036095336638937e+03 1.164459754459975375e-24
1.626614318540922113e+03 1.158150668443508554e-24
1.639290564149681586e+03 1.151764196671114712e-24
1.652065596053941363e+03 1.145300370535179192e-24
1.664940184097741849e+03 1.138759658843262846e-24
1.677915104124541813e+03 1.132150869134925928e-24
1.690991138023968006e+03 1.125437092625894235e-24
1.704169073778926304e+03 1.118665462829914201e-24
1.717449705513098706e+03 1.111815321326805306e-24
1.730833833538792760e+03 1.104888381931587086e-24
1.744322264405163878e+03 1.097885364900166511e-24
1.757915810946830561e+03 1.090806959548741654e-24
1.771615292332851595e+03 1.083653941695532106e-24
1.785421534116085240e+03 1.076427208923178795e-24
1.799335368282948593e+03 1.069127800971754471e-24
1.813357633303549846e+03 1.061756919519552481e-24
1.827489174182209808e+03 1.054315958886424138e-24
1.841730842508394517e+03 1.046806594420530025e-24
1.856083496508025974e+03 1.039231433293920087e-24
1.870548001095203745e+03 1.031575832110199661e-24
1.885125227924318551e+03 1.023880495102336041e-24
1.899816055442591278e+03 1.016116372884997952e-24
1.914621368943003745e+03 1.008293955396054086e-24
1.929542060617641937e+03 1.000416564825200473e-24
1.944579029611473061e+03 9.924875368710831986e-25
1.959733182076522326e+03 9.845104785198990671e-25
1.975005431226475366e+03 9.764893330699005103e-25
1.990396697391719727e+03 9.684284201204548866e-25
2.005907908074800844e+03 9.603324765847299581e-25
2.021539998006308224e+03 9.522067240559620717e-25
2.037293909201216138e+03 9.440571389885781475e-25
2.053170591015644732e+03 9.359129806150961411e-25
2.069171000204064057e+03 9.277051371150688175e-25
2.085296100976960588e+03 9.195216047420346598e-25
2.101546865058938693e+03 9.113409617883712345e-25
2.117924271747268904e+03 9.031721897545887783e-25
2.134429307970916398e+03 8.950245911917264271e-25
2.151062968350008305e+03 8.869081619874109861e-25
2.167826255255764409e+03 8.788336862518261315e-25
2.184720178870914424e+03 8.708128034447318593e-25
2.201745757250567294e+03 8.628580843408927973e-25
2.218904016383554790e+03 8.549832008319778308e-25
2.236195990254269873e+03 8.472057398868779397e-25
2.253622720904973448e+03 8.395276461914032139e-25
2.271185258498579060e+03 8.319832962126919150e-25
2.288884661381954174e+03 8.245824160980495988e-25
2.306721996149688039e+03 8.173446592671283813e-25
2.324698337708362033e+03 8.102904755012748281e-25
2.342814769341337978e+03 8.034415698012322918e-25
2.361072382774031212e+03 7.968209864029619379e-25
2.379472278239693878e+03 7.904531560553416358e-25
2.398015564545729376e+03 7.843639646313882692e-25
2.416703359140505199e+03 7.785813325318526723e-25
2.435536788180683743e+03 7.731279824678823241e-25
2.454516986599102438e+03 7.680442398545223517e-25
2.473645098173158203e+03 7.633547234995676506e-25
2.492922275593724407e+03 7.590929956445665861e-25
2.512349680534632625e+03 7.552927985366836807e-25
2.531928483722665987e+03 7.519888254884957556e-25
2.551659865008103225e+03 7.492166399642679876e-25
2.571545013435832971e+03 7.470125303402854429e-25
2.591585127317000570e+03 7.454134184797649762e-25
2.611781414301211498e+03 7.444636292154512216e-25
2.632135091449321862e+03 7.441754534477120873e-25
2.652647385306774140e+03 7.446128959122836056e-25
2.673319531977500901e+03 7.458021000853470354e-25
2.694152777198432432e+03 7.477788433417743604e-25
2.715148376414555969e+03 7.505776274541536904e-25
2.736307594854566105e+03 7.542315683011598179e-25
2.757631707607123190e+03 7.587721720383426268e-25
2.779121999697685624e+03 7.642292279524593124e-25
2.800779766165938327e+03 7.706089176696120507e-25
2.822606312143850573e+03 7.779976938887350372e-25
2.844602952934317727e+03 7.863594043544547528e-25
2.866771014090414610e+03 7.957333086069548067e-25
2.889111831495292336e+03 8.061375673700714589e-25
2.911626751442673140e+03 8.175877578030525216e-25
2.934317130717970031e+03 8.300970547836987572e-25
2.957184336680067190e+03 8.436764142325961050e-25
2.980229747343711097e+03 8.583361750747977028e-25
3.003454751462540571e+03 8.740758017966224090e-25
3.026860748612797124e+03 8.909097437657442393e-25
3.050449149277652850e+03 9.088370052868353963e-25
3.074221374932201797e+03 9.278599670949155358e-25
3.098178858129137552e+03 9.479796505161187658e-25
3.122323042585072017e+03 9.691961927535113146e-25
3.146655383267527668e+03 9.915091965644130499e-25
3.171177346482633311e+03 1.014927922425969801e-24
3.195890409963478305e+03 1.039417737288759039e-24
3.220796062959153005e+03 1.065012894008735085e-24
3.245895806324512705e+03 1.091699430467351940e-24
3.271191152610610516e+03 1.119476691898275352e-24
3.296683626155838283e+03 1.148344294296114459e-24
3.322374763177804653e+03 1.178302431984231241e-24
3.348266111865900257e+03 1.209352788008340591e-24
3.374359232474582768e+03 1.241491436562669535e-24
3.400655697417423198e+03 1.274728869115402432e-24
3.427157091361845232e+03 1.309063814983515871e-24
3.453865011324629904e+03 1.344500916386701859e-24
3.480781066768138317e+03 1.381045380466542092e-24
3.507906879697322438e+03 1.418703475998477910e-24
3.535244084757458495e+03 1.457483652457191962e-24
3.562794329332642974e+03 1.497387811357477623e-24
3.590559273645089434e+03 1.538434623741848208e-24
3.618540590855162463e+03 1.580629932967448711e-24
3.646739967162196990e+03 1.623985975097162694e-24
3.675159101906131582e+03 1.668515798633972555e-24
3.703799707669903000e+03 1.714233798989283827e-24
3.732663510382638378e+03 1.761136485194259732e-24
3.761752249423684134e+03 1.809293553957716617e-24
3.791067677727412502e+03 1.858672322050293719e-24
3.820611561888846154e+03 1.909307721976149449e-24
3.850385682270137295e+03 1.961220426634309633e-24
3.880391833107845287e+03 2.014432395229678094e-24
3.910631822621046013e+03 2.068969539932954889e-24
3.941107473120324357e+03 2.124844919322683797e-24
3.971820621117577048e+03 2.182098753654609968e-24
4.002773117436670418e+03 2.240752138230044350e-24
4.033966827324999485e+03 2.300834317322651989e-24
4.065403630565878302e+03 2.362375870876910414e-24
4.097085421591806153e+03 2.425412124599855653e-24
4.129014109598654613e+03 2.489963138933888871e-24
4.161191618660706808e+03 2.556080550560281914e-24
4.193619887846588426e+03 2.623794255268820851e-24
4.226300871336150522e+03 2.693143342416476654e-24
4.259236538538216337e+03 2.764168669547273139e-24
4.292428874209245805e+03 2.836899925587461213e-24
4.325879878572969574e+03 2.911415343615622450e-24
4.359591567440910694e+03 2.987730423127809494e-24
4.393565972333847640e+03 3.065902754456707516e-24
4.427805140604265034e+03 3.145983338524463278e-24
4.462311135559713875e+03 3.228026747784794134e-24
4.497086036587142189e+03 3.312080364610153052e-24
4.532131939278221580e+03 3.398213443318538090e-24
4.567450955555624205e+03 3.486480106897711289e-24
4.603045213800271085e+03 3.576943954792890973e-24
4.638916858979625431e+03 3.669671335236999966e-24
4.675068052776933655e+03 3.764724258391022902e-24
4.711500973721477749e+03 3.862186157201595821e-24
4.748217817319889036e+03 3.962123093899922942e-24
4.785220796188435088e+03 4.064614000820641636e-24
4.822512140186340730e+03 4.169740128940593362e-24
4.860094096550195900e+03 4.277578517027645250e-24
4.897968930029359399e+03 4.388229366305600126e-24
4.936138923022424024e+03 4.501773671540735884e-24
4.974606375714784917e+03 4.618306971205620670e-24
5.013373606217240194e+03 4.737927369858431624e-24
5.052442950705666590e+03 4.860727724911754986e-24
5.091816763561832886e+03 4.986823660865812483e-24
5.131497417515263805e+03 5.116314223926382333e-24
5.171487303786206212e+03 5.249309832297387308e-24
5.211788832229764921e+03 5.385927478090246451e-24
5.252404431481100801e+03 5.526260966268088124e-24
5.293336549101775745e+03 5.670449272064687772e-24
5.334587651727275443e+03 5.818598835757478772e-24
5.376160225215634455e+03 5.970826847861213141e-24
5.418056774797226353e+03 6.127240811581911393e-24
5.460279825225763489e+03 6.287968349986774188e-24
5.502831920930424531e+03 6.453106734295100968e-24
5.545715626169172538e+03 6.622760231543243908e-24
5.588933525183312668e+03 6.797066711069748254e-24
5.632488222353206766e+03 6.975966897444770219e-24
5.676382342355199398e+03 7.159669017439892598e-24
5.720618530319820820e+03 7.348167353567144729e-24
5.765199451991168644e+03 7.541483282907924689e-24
5.810127793887530970e+03 7.739585133324325303e-24
5.855406263463321011e+03 7.942435867097022349e-24
5.901037589272206787e+03 8.149918595591433002e-24
5.947024521131527763e+03 8.361866135593019091e-24
5.993369830288033882e+03 8.578020107105802371e-24
6.040076309584871524e+03 8.798060729262489819e-24
6.087146773629861855e+03 9.021533899731373186e-24
6.134584058965156146e+03 9.247868553240480420e-24
6.182391024238146201e+03 9.476322197733503463e-24
6.230570550373715378e+03 9.706010024543045353e-24
6.279125540747884770e+03 9.935814006716211134e-24
6.328058921362751789e+03 1.016440584442885207e-23
6.377373641022825723e+03 1.039013744648094043e-23
6.427072671512701163e+03 1.061116674846682740e-23
6.477159007776187536e+03 1.082527427284158488e-23
6.527635668096761037e+03 1.102992272666912870e-23
6.578505694279438103e+03 1.122228349614406402e-23
6.629772151834115903e+03 1.139916502660109480e-23
6.681438130160286164e+03 1.155712397321692834e-23
6.733506742733188730e+03 1.169248024526066746e-23
6.785981127291471239e+03 1.180145012058168527e-23
6.838864446026256701e+03 1.188021894470102491e-23
6.892159885771680820e+03 1.192509884641511894e-23
6.945870658196978184e+03 1.193282025581882444e-23
7.000000000000001819e+03 1.190047310577636745e-23
