3.000000000000000000e+00 7.747991460155533754e-21
3.023379074186677951e+00 6.855603218684811265e-21
3.046940342076630781e+00 6.082633816096867693e-21
3.070685223509894257e+00 5.410223639156931531e-21
3.094615149391351849e+00 4.823028222077167125e-21
3.118731561776963979e+00 4.308455762942848404e-21
3.143035913960669614e+00 3.856093257496780449e-21
3.167529670561962885e+00 3.457269100874338421e-21
3.192214307614152702e+00 3.104715849102728422e-21
3.217091312653314272e+00 2.792307458826672209e-21
3.242162184807927616e+00 2.514852575687700811e-21
3.267428434889215527e+00 2.267930469158050930e-21
3.292891585482193850e+00 2.047759747598997018e-21
3.318553171037419425e+00 1.851092507749886135e-21
3.344414737963458339e+00 1.675128391732066730e-21
3.370477844720079830e+00 1.517444352439383314e-21
3.396744061912168711e+00 1.375936907850693275e-21
3.423214972384368782e+00 1.248774394887968152e-21
3.449892171316475409e+00 1.134357282616009538e-21
3.476777266319557746e+00 1.031285021296012703e-21
3.503871877532837242e+00 9.383282226355206911e-22
3.531177637721321538e+00 8.544052123837269444e-22
3.558696192374196876e+00 7.785621873323436557e-22
3.586429199803984336e+00 7.099563580666388880e-22
3.614378331246479004e+00 6.478415763225480281e-22
3.642545270961456083e+00 5.915560388477427083e-22
3.670931716334169703e+00 5.405117338078377484e-22
3.699539377977637766e+00 4.941853551382320010e-22
3.728369979835728820e+00 4.521104580581562121e-22
3.757425259287050068e+00 4.138706676534999973e-22
3.786706967249639177e+00 3.790937838902324817e-22
3.816216868286484765e+00 3.474466521147318168e-22
3.845956740711859112e+00 3.186306891852921661e-22
3.875928376698477340e+00 2.923779727323780717e-22
3.906133582385504788e+00 2.684478154114368928e-22
3.936574177987393064e+00 2.466237579354190082e-22
3.967251997903568306e+00 2.267109245995477692e-22
3.998168890828979194e+00 2.085336933263843031e-22
4.029326719865498063e+00 1.919336392117166401e-22
4.060727362634198201e+00 1.767677164237335615e-22
4.092372711388496676e+00 1.629066482613677185e-22
4.124264673128191561e+00 1.502334993501678190e-22
4.156405169714378012e+00 1.386424075323654069e-22
4.188796137985258738e+00 1.280374560303844777e-22
4.221439529872867524e+00 1.183316690391744089e-22
4.254337312520692471e+00 1.094461161400495198e-22
4.287491468402215844e+00 1.013091128018760082e-22
4.320903995440390055e+00 9.385628017230364959e-23
4.354576907128027585e+00 8.702810037185263654e-23
4.388512232649141254e+00 8.077017845148804438e-23
4.422712017001222407e+00 7.503337904387604733e-23
4.457178321118484554e+00 6.977291344917500749e-23
4.491913221996044037e+00 6.494792690693478953e-23
4.526918812815098114e+00 6.052112808161389502e-23
4.562197203069056073e+00 5.645845626727841676e-23
4.597750518690657096e+00 5.272878242302698147e-23
4.633580902180091776e+00 4.930364049957369544e-23
4.669690512734105958e+00 4.615698596299151825e-23
4.706081526376117985e+00 4.326497871721313052e-23
4.742756136087351138e+00 4.060578791008954039e-23
4.779716551938987479e+00 3.815941635746897838e-23
4.816965001225343990e+00 3.590754252969234073e-23
4.854503728598102974e+00 3.383337823167406400e-23
4.892334996201570085e+00 3.192154026743981131e-23
4.930461083808994616e+00 3.015793454231574287e-23
4.968884288959960038e+00 2.852965118423804798e-23
5.007606927098831484e+00 2.702486941197936272e-23
5.046631331714285906e+00 2.563277098579899457e-23
5.085959854479939146e+00 2.434346122115482243e-23
5.125594865396055688e+00 2.314789664759413548e-23
5.165538752932373079e+00 2.203781851764115298e-23
5.205793924172026799e+00 2.100569148410717457e-23
5.246362804956618220e+00 2.004464684714570467e-23
5.287247840032386570e+00 1.914842989691476223e-23
5.328451493197543520e+00 1.831135092845951239e-23
5.369976247450735762e+00 1.752823960695404048e-23
5.411824605140684419e+00 1.679440240721780409e-23
5.453999088116976424e+00 1.610558289955730833e-23
5.496502237882029185e+00 1.545792471864156946e-23
5.539336615744256065e+00 1.484793704355487429e-23
5.582504802972412250e+00 1.427246247800824429e-23
5.626009400951136996e+00 1.372864721236899690e-23
5.669853031337731331e+00 1.321391335756613505e-23
5.714038336220133019e+00 1.272593335884010218e-23
5.758567978276136756e+00 1.226260639620589422e-23
5.803444640933850707e+00 1.182203665379874468e-23
5.848671028533408034e+00 1.140251338632136566e-23
5.894249866489925438e+00 1.099915240392648641e-23
5.940183901457753102e+00 1.060495648835847746e-23
5.986475901495984075e+00 1.022845864550047683e-23
6.033128656235260401e+00 9.868487959794614692e-24
6.080144977045891963e+00 9.523981548335779959e-24
6.127527697207263202e+00 9.193973600900809179e-24
6.175279672078572979e+00 8.877585479669196461e-24
6.223403779270908487e+00 8.574016778914672475e-24
6.271902918820651429e+00 8.282537266655316062e-24
6.320780013364233341e+00 8.002479638971051463e-24
6.370038008314270250e+00 7.733233004717408069e-24
6.419679872037050039e+00 7.474237038589630078e-24
6.469708596031408021e+00 7.224976742026677693e-24
6.520127195109008511e+00 6.984977750689016965e-24
6.570938707576019056e+00 6.753802133233907692e-24
6.622146195416195980e+00 6.531044648559632610e-24
6.673752744475415000e+00 6.315904660997367011e-24
6.725761464647628252e+00 6.108248494364420774e-24
6.778175490062257502e+00 5.907979073139992891e-24
6.830997979273086607e+00 5.714791559129890799e-24
6.884232115448578604e+00 5.528400318899059568e-24
6.937881106563702716e+00 5.348537053650298482e-24
6.991948185593272136e+00 5.174949134597489826e-24
7.046436610706736658e+00 5.007398128212460653e-24
7.101349665464545602e+00 4.845658482911935473e-24
7.156690659016025080e+00 4.689516372096212291e-24
7.212462926298772281e+00 4.538768657196309481e-24
7.268669828239636921e+00 4.393221977959319679e-24
7.325314751957265003e+00 4.252691941318487006e-24
7.382401110966188895e+00 4.117002402717565838e-24
7.439932345382551659e+00 3.985984832207232282e-24
7.497911922131407003e+00 3.859477749391544996e-24
7.556343335155633945e+00 3.737326221992262396e-24
7.615230105626504375e+00 3.619381424646436666e-24
7.674575782155860004e+00 3.505500243458791197e-24
7.734383941009959962e+00 3.395544921834272561e-24
7.794658186324999072e+00 3.289382752928407042e-24
7.855402150324295896e+00 3.186885797289617090e-24
7.916619493537168317e+00 3.087930631730109719e-24
7.978313905019535746e+00 2.992398128305600225e-24
8.040489102576222180e+00 2.900173247857536733e-24
8.103148832984988559e+00 2.811144859790571905e-24
8.166296872222336134e+00 2.725205574629473278e-24
8.229937025691045349e+00 2.642251589923374124e-24
8.294073128449483079e+00 2.562182557058860443e-24
8.358709045442731522e+00 2.484901444433911488e-24
8.423848671735486349e+00 2.410314427190357581e-24
8.489495932746768503e+00 2.338330768302380251e-24
8.555654784486495856e+00 2.268862719537084176e-24
8.622329213793868519e+00 2.201825420579464160e-24
8.689523238577617548e+00 2.137136807493015998e-24
8.757240908058138373e+00 2.074717522647943231e-24
8.825486303011505385e+00 2.014490832907877697e-24
8.894263536015376559e+00 1.956382542216022274e-24
8.963576751696830769e+00 1.900320919696880493e-24
9.033430126982132435e+00 1.846236620077260509e-24
9.103827871348423528e+00 1.794062608764455819e-24
9.174774227077424626e+00 1.743734094823609893e-24
9.246273469511047338e+00 1.695188454512806724e-24
9.318329907309045979e+00 1.648365169250791749e-24
9.390947882708687189e+00 1.603205755257370118e-24
9.464131771786378877e+00 1.559653699237521924e-24
9.537885984721404142e+00 1.517654394389396618e-24
9.612214966061698007e+00 1.477155079953937821e-24
9.687123194991649200e+00 1.438104775883842552e-24
9.762615185602044221e+00 1.400454228384309730e-24
9.838695487162103959e+00 1.364155848047626745e-24
9.915368684393603971e+00 1.329163652382520369e-24
9.992639397747167251e+00 1.295433213131997052e-24
1.007051228368071882e+01 1.263795437968641449e-24
1.014899203494005953e+01 1.233360426151197677e-24
1.022808338084167801e+01 1.203996381380257844e-24
1.030779108755775475e+01 1.175667698105817608e-24
1.038811995840335101e+01 1.148339941994837357e-24
1.046907483412588746e+01 1.121979808996431037e-24
1.055066059319685934e+01 1.096555084956426658e-24
1.063288215210579679e+01 1.072034605529115481e-24
1.071574446565655414e+01 1.048388216385071301e-24
1.079925252726591012e+01 1.025586739355247067e-24
1.088341136926445074e+01 1.003601932781341594e-24
1.096822606319983606e+01 9.824064603421467156e-25
1.105370172014243657e+01 9.619738561267852697e-25
1.113984349099330551e+01 9.422784922925940883e-25
1.122665656679461144e+01 9.232955500554401776e-25
1.131414617904242803e+01 9.050009886312286679e-25
1.140231760000200723e+01 8.873715181079644900e-25
1.149117614302551083e+01 8.703845722835930231e-25
1.158072716287217041e+01 8.540182840230634409e-25
1.167097605603098742e+01 8.382514591813574588e-25
1.176192826104595213e+01 8.230635545524775915e-25
1.185358925884374592e+01 8.084346554653490495e-25
1.194596457306404602e+01 7.943454550493152014e-25
1.203905977039241115e+01 7.807772342615960037e-25
1.213288046089569505e+01 7.677118426902347482e-25
1.222743229836014933e+01 7.551316809708902790e-25
1.232272098063213228e+01 7.430196843153910115e-25
1.241875224996144311e+01 7.313593057774032315e-25
1.251553189334737759e+01 7.201345013901954629e-25
1.261306574288748017e+01 7.093297156498145031e-25
1.271135967612895179e+01 6.989298675765716190e-25
1.281041961642286786e+01 6.889203390314815756e-25
1.291025153328114428e+01 6.792869604422312444e-25
1.301086144273622835e+01 6.700160003554315474e-25
1.311225540770366216e+01 6.610941540550681682e-25
1.321443953834745422e+01 6.525085321233588256e-25
1.331741999244825436e+01 6.442466512101623022e-25
1.342120297577444710e+01 6.362964231080943849e-25
1.352579474245614577e+01 6.286461460399654987e-25
1.363120159536203424e+01 6.212844946382632259e-25
1.373742988647920527e+01 6.142005115252929009e-25
1.384448601729596717e+01 6.073835984479691297e-25
1.395237643918756554e+01 6.008235073445351664e-25
1.406110765380496730e+01 5.945103327080770039e-25
1.417068621346669133e+01 5.884345030200602628e-25
1.428111872155361617e+01 5.825867724346382284e-25
1.439241183290693016e+01 5.769582134750152485e-25
1.450457225422918128e+01 5.715402087396039966e-25
1.461760674448840014e+01 5.663244432853358977e-25
1.473152211532542033e+01 5.613028970069602725e-25
1.484632523146438210e+01 5.564678368301231348e-25
1.496202301112636057e+01 5.518118095366238211e-25
1.507862242644633000e+01 5.473276342562538511e-25
1.519613050389326148e+01 5.430083947426402623e-25
1.531455432469357625e+01 5.388474321732027543e-25
1.543390102525788343e+01 5.348383382435484736e-25
1.555417779761100050e+01 5.309749471681458047e-25
1.567539188982537013e+01 5.272513295482393458e-25
1.579755060645786280e+01 5.236617841340226910e-25
1.592066130898992427e+01 5.202008319698179022e-25
1.604473141627120114e+01 5.168632084528806173e-25
1.616976840496664281e+01 5.136438574873509134e-25
1.629577981000701570e+01 5.105379238665866030e-25
1.642277322504298454e+01 5.075407471589255206e-25
1.655075630290274091e+01 5.046478549868873967e-25
1.667973675605313844e+01 5.018549567206763288e-25
1.680972235706447293e+01 4.991579371208477127e-25
1.694072093907889709e+01 4.965528500909300901e-25
1.707274039628241269e+01 4.940359126573816330e-25
1.720578868438059672e+01 4.916034992188226301e-25
1.733987382107807917e+01 4.892521354680326613e-25
1.747500388656161974e+01 4.869784929532055702e-25
1.761118702398708180e+01 4.847793834548063812e-25
1.774843143997016526e+01 4.826517536981950471e-25
1.788674540508091226e+01 4.805926801301740372e-25
1.802613725434210679e+01 4.785993637399418784e-25
1.816661538773160700e+01 4.766691252243662569e-25
1.830818827068848265e+01 4.747994001762025848e-25
1.845086443462317405e+01 4.729877344380614043e-25
1.859465247743164085e+01 4.712317796691433906e-25
1.873956106401342936e+01 4.695292888718045910e-25
1.888559892679387175e+01 4.678781123395434599e-25
1.903277486625032822e+01 4.662761935028148434e-25
1.918109775144246498e+01 4.647215651110651944e-25
1.933057652054675302e+01 4.632123452924790906e-25
1.948122018139512690e+01 4.617467340307142811e-25
1.963303781201774356e+01 4.603230097843742575e-25
1.978603856119007531e+01 4.589395257757045205e-25
1.994023164898425549e+01 4.575947070716328343e-25
2.009562636732463758e+01 4.562870472732572712e-25
2.025223208054777757e+01 4.550151055703089066e-25
2.041005822596676111e+01 4.537775039297472339e-25
2.056911431443985094e+01 4.525729242402026360e-25
2.072940993094369944e+01 4.514001056630561603e-25
2.089095473515089907e+01 4.502578421710971526e-25
2.105375846201209811e+01 4.491449800556594584e-25
2.121783092234269219e+01 4.480604155898945902e-25
2.138318200341397457e+01 4.470030927808197893e-25
2.154982166954898304e+01 4.459720012968040280e-25
2.171775996272300446e+01 4.449661743981307756e-25
2.188700700316866232e+01 4.439846868704797567e-25
2.205757298998579330e+01 4.430266533379565490e-25
2.222946820175610938e+01 4.420912263245433399e-25
2.240270299716252822e+01 4.411775945946006542e-25
2.257728781561344533e+01 4.402849815242348082e-25
2.275323317787184862e+01 4.394126435333774436e-25
2.293054968668926463e+01 4.385598685973249889e-25
2.310924802744472473e+01 4.377259747845948682e-25
2.328933896878871934e+01 4.369103089553836266e-25
2.347083336329205494e+01 4.361122454067342012e-25
2.365374214809989795e+01 4.353311846932269998e-25
2.383807634559089195e+01 4.345665523743663247e-25
2.402384706404131620e+01 4.338177979493442697e-25
2.421106549829451282e+01 4.330843937289649844e-25
2.439974293043556486e+01 4.323658338478854046e-25
2.458989073047107254e+01 4.316616332531242193e-25
2.478152035701439360e+01 4.309713267993149100e-25
2.497464335797616286e+01 4.302944683242233408e-25
2.516927137126014813e+01 4.296306298224037906e-25
2.536541612546457714e+01 4.289794006311213609e-25
2.556308944058897836e+01 4.283403866517283950e-25
2.576230322874638290e+01 4.277132096108660945e-25
2.596306949488122484e+01 4.270975063663502585e-25
2.616540033749279459e+01 4.264929282255500473e-25
2.636930794936425215e+01 4.258991403129216961e-25
2.657480461829742424e+01 4.253158209660127932e-25
2.678190272785330706e+01 4.247426611353380674e-25
2.699061475809826760e+01 4.241793638595881087e-25
2.720095328635613185e+01 4.236256437057622554e-25
2.741293098796615979e+01 4.230812262864727776e-25
2.762656063704679710e+01 4.225458477740451953e-25
2.784185510726555535e+01 4.220192544401608039e-25
2.805882737261472570e+01 4.215012022219171481e-25
2.827749050819322818e+01 4.209914563011202477e-25
2.849785769099460708e+01 4.204897907030781812e-25
2.871994220070099502e+01 4.199959879338724577e-25
2.894375742048341138e+01 4.195098386054995723e-25
2.916931683780831364e+01 4.190311410891108255e-25
2.939663404525025925e+01 4.185597011902642846e-25
2.962572274131109040e+01 4.180953318340079185e-25
2.985659673124544611e+01 4.176378527716985416e-25
3.008926992789260524e+01 4.171870902806461094e-25
3.032375635251500157e+01 4.167428769043794251e-25
3.056007013564306618e+01 4.163050511776946137e-25
3.079822551792681296e+01 4.158734574022211076e-25
3.103823685099403207e+01 4.154479453743911315e-25
3.128011859831505959e+01 4.150283701909321220e-25
3.152388533607441090e+01 4.146145920149854120e-25
3.176955175404921761e+01 4.142064758691094819e-25
3.201713265649436124e+01 4.138038914467718077e-25
3.226664296303464141e+01 4.134067129124365319e-25
3.251809770956392498e+01 4.130148187327160874e-25
3.277151204915110583e+01 4.126280914935538621e-25
3.302690125295332990e+01 4.122464177432496935e-25
3.328428071113629017e+01 4.118696878289185283e-25
3.354366593380158434e+01 4.114977957500501834e-25
3.380507255192139837e+01 4.111306390162984519e-25
3.406851631828053684e+01 4.107681185017101617e-25
3.433401310842558019e+01 4.104101383242113818e-25
3.460157892162165183e+01 4.100566057100880768e-25
3.487122988181658201e+01 4.097074308812013271e-25
3.514298223861248260e+01 4.093625269317587862e-25
3.541685236824501004e+01 4.090218097288767673e-25
3.569285677457028783e+01 4.086851977975723550e-25
3.597101209005933953e+01 4.083526122228379765e-25
3.625133507680045142e+01 4.080239765570873381e-25
3.653384262750932976e+01 4.076992167204558263e-25
3.681855176654698880e+01 4.073782609198942621e-25
3.710547965094568923e+01 4.070610395581836176e-25
3.739464357144293416e+01 4.067474851570803694e-25
3.768606095352331664e+01 4.064375322780161797e-25
3.797974935846865918e+01 4.061311174454927206e-25
3.827572648441636005e+01 4.058281790799659057e-25
3.857401016742574740e+01 4.055286574269744633e-25
3.887461838255303803e+01 4.052324944912993498e-25
3.917756924493453852e+01 4.049396339744605571e-25
3.948288101087822355e+01 4.046500212158394471e-25
3.979057207896390480e+01 4.043636031337463070e-25
4.010066099115206129e+01 4.040803281711815705e-25
4.041316643390103280e+01 4.038001462401041155e-25
4.072810723929327992e+01 4.035230086738333854e-25
4.104550238617008517e+01 4.032488681757611929e-25
4.136537100127531374e+01 4.029776787745917425e-25
4.168773236040807717e+01 4.027093957779397712e-25
4.201260588958419362e+01 4.024439757285627155e-25
4.234001116620692784e+01 4.021813763654603431e-25
4.266996792024676921e+01 4.019215565819044617e-25
4.300249603543031185e+01 4.016644763876240006e-25
4.333761555043851388e+01 4.014100968735717256e-25
4.367534666011432876e+01 4.011583801746310838e-25
4.401570971667955945e+01 4.009092894383734463e-25
4.435872523096138309e+01 4.006627887899253371e-25
4.470441387362842534e+01 4.004188433031526128e-25
4.505279647643626362e+01 4.001774189687279745e-25
4.540389403348287800e+01 3.999384826673739157e-25
4.575772770247383647e+01 3.997020021404862919e-25
4.611431880599715782e+01 3.994679459647616882e-25
4.647368883280831398e+01 3.992362835259547375e-25
4.683585943912525096e+01 3.990069849950269729e-25
4.720085244993330065e+01 3.987800213036996216e-25
4.756868986030042379e+01 3.985553641226296799e-25
4.793939383670277010e+01 3.983329858392605230e-25
4.831298671836032099e+01 3.981128595365799876e-25
4.868949101858314776e+01 3.978949589739233552e-25
4.906892942612816455e+01 3.976792585663019625e-25
4.945132480656627649e+01 3.974657333669767731e-25
4.983670020366032816e+01 3.972543590486321009e-25
5.022507884075386642e+01 3.970451118867409874e-25
5.061648412217044779e+01 3.968379687427548521e-25
5.101093963462410130e+01 3.966329070481002846e-25
5.140846914864078343e+01 3.964299047888153334e-25
5.180909661999065463e+01 3.962289404913233613e-25
5.221284619113180980e+01 3.960299932073075095e-25
5.261974219266517139e+01 3.958330425008699369e-25
5.302980914480057351e+01 3.956380684348197705e-25
5.344307175883443506e+01 3.954450515585503609e-25
5.385955493863902177e+01 3.952539728951875930e-25
5.427928378216299166e+01 3.950648139307071044e-25
5.470228358294394866e+01 3.948775566019211465e-25
5.512857983163273445e+01 3.946921832861239945e-25
5.555819821752935184e+01 3.945086767903883822e-25
5.599116463013128708e+01 3.943270203417230333e-25
5.642750516069339994e+01 3.941471975771361522e-25
5.686724610380037603e+01 3.939691925347385388e-25
5.731041395895132240e+01 3.937929896443522155e-25
5.775703543215650626e+01 3.936185737193430372e-25
5.820713743754681246e+01 3.934459299479946746e-25
5.866074709899567097e+01 3.932750438856550728e-25
5.911789175175346145e+01 3.931059014472948369e-25
5.957859894409484980e+01 3.929384888998397949e-25
6.004289643897896411e+01 3.927727928551371790e-25
6.051081221572227520e+01 3.926088002632990678e-25
6.098237447168475001e+01 3.924464984060853627e-25
6.145761162396918564e+01 3.922858748906071337e-25
6.193655231113346105e+01 3.921269176431351617e-25
6.241922539491645239e+01 3.919696149035887985e-25
6.290565996197736354e+01 3.918139552195933839e-25
6.339588532564837209e+01 3.916599274415045066e-25
6.388993102770116650e+01 3.915075207169283636e-25
6.438782684012728907e+01 3.913567244859243661e-25
6.488960276693207163e+01 3.912075284762160099e-25
6.539528904594276071e+01 3.910599226987339613e-25
6.590491615063088204e+01 3.909138974431134541e-25
6.641851479194833985e+01 3.907694432736028811e-25
6.693611592017829537e+01 3.906265510250543935e-25
6.745775072680027051e+01 3.904852117990111583e-25
6.798345064636970392e+01 3.903454169600582285e-25
6.851324735841228630e+01 3.902071581323434013e-25
6.904717278933314617e+01 3.900704271961654380e-25
6.958525911434054478e+01 3.899352162848296161e-25
7.012753875938497572e+01 3.898015177814200333e-25
7.067404440311324265e+01 3.896693243160807258e-25
7.122480897883757223e+01 3.895386287630513559e-25
7.177986567652027361e+01 3.894094242380550438e-25
7.233924794477398734e+01 3.892817040958063191e-25
7.290298949287712560e+01 3.891554619275778016e-25
7.347112429280528545e+01 3.890306915588394780e-25
7.404368658127866354e+01 3.889073870472249135e-25
7.462071086182491797e+01 3.887855426803668261e-25
7.520223190685867110e+01 3.886651529739905365e-25
7.578828475977674373e+01 3.885462126700838240e-25
7.637890473707000183e+01 3.884287167351821743e-25
7.697412743045173045e+01 3.883126603586905315e-25
7.757398870900217958e+01 3.881980389514330783e-25
7.817852472133024833e+01 3.880848481441532405e-25
7.878777189775192369e+01 3.879730837862567806e-25
7.940176695248545968e+01 3.878627419444774282e-25
8.002054688586392217e+01 3.877538189018652198e-25
8.064414898656497144e+01 3.876463111565989287e-25
8.127261083385778306e+01 3.875402154211105046e-25
8.190597029986767552e+01 3.874355286211661684e-25
8.254426555185850134e+01 3.873322478950581214e-25
8.318753505453241814e+01 3.872303705929121523e-25
8.383581757234797749e+01 3.871298942760327114e-25
8.448915217185621884e+01 3.870308167163649852e-25
8.514757822405468346e+01 3.869331358960126676e-25
8.581113540676001605e+01 3.868368500068216696e-25
8.647986370699926795e+01 3.867419574500647565e-25
8.715380342341917697e+01 3.866484568361763268e-25
8.783299516871490198e+01 3.865563469845772820e-25
8.851747987207740209e+01 3.864656269235867724e-25
8.920729878165977311e+01 3.863762958903384436e-25
8.990249346706292499e+01 3.862883533308346650e-25
9.060310582184085604e+01 3.862017989000522785e-25
9.130917806602495546e+01 3.861166324620958720e-25
9.202075274866830057e+01 3.860328540904328782e-25
9.273787275041000555e+01 3.859504640681917184e-25
9.346058128605885429e+01 3.858694628885280886e-25
9.418892190719775215e+01 3.857898512550542445e-25
9.492293850480828610e+01 3.857116300823436375e-25
9.566267531191542162e+01 3.856348004964579126e-25
9.640817690625316061e+01 3.855593638355966906e-25
9.715948821295106086e+01 3.854853216507841761e-25
9.791665450724114805e+01 3.854126757065970916e-25
9.867972141718647094e+01 3.853414279819891307e-25
9.944873492643085910e+01 3.852715806711638544e-25
1.002237413769696843e+02 3.852031361845219744e-25
1.010047874719425067e+02 3.851360971496310897e-25
1.017919202784478472e+02 3.850704664123207793e-25
1.025851872303792192e+02 3.850062470378024443e-25
1.033846361312837132e+02 3.849434423118547659e-25
1.041903151572423241e+02 3.848820557420734034e-25
1.050022728597737967e+02 3.848220910592200115e-25
1.058205581687600016e+02 3.847635522185673546e-25
1.066452203953943325e+02 3.847064434013861697e-25
1.074763092351537921e+02 3.846507690164734468e-25
1.083138747707935323e+02 3.845965337017140912e-25
1.091579674753644582e+02 3.845437423257587125e-25
1.100086382152555871e+02 3.844923999897712539e-25
1.108659382532589319e+02 3.844425120292208862e-25
1.117299192516584156e+02 3.843940840157891561e-25
1.126006332753437249e+02 3.843471217593198827e-25
1.134781327949475127e+02 3.843016313098900485e-25
1.143624706900070578e+02 3.842576189599276174e-25
1.152537002521514893e+02 3.842150912464609075e-25
1.161518751883129568e+02 3.841740549534368867e-25
1.170570496239626834e+02 3.841345171141458129e-25
1.179692781063733946e+02 3.840964850137477210e-25
1.188886156079060470e+02 3.840599661919563145e-25
1.198151175293222082e+02 3.840249684457542203e-25
1.207488397031233518e+02 3.839914998323547294e-25
1.216898383969149506e+02 3.839595686722143219e-25
1.226381703167970159e+02 3.839291835522430532e-25
1.235938926107819071e+02 3.839003533292028340e-25
1.245570628722379070e+02 3.838730871332458063e-25
1.255277391433594403e+02 3.838473943717135780e-25
1.265059799186655596e+02 3.838232847331193935e-25
1.274918441485245921e+02 3.838007681914429586e-25
1.284853912427061289e+02 3.837798550106951234e-25
1.294866810739619325e+02 3.837605557497949907e-25
1.304957739816336186e+02 3.837428812678783285e-25
1.315127307752884178e+02 3.837268427299973864e-25
1.325376127383843823e+02 3.837124516133465153e-25
1.335704816319631050e+02 3.836997197140633209e-25
1.346113996983710308e+02 3.836886591547211086e-25
1.356604296650112076e+02 3.836792823925832413e-25
1.367176347481229470e+02 3.836716022288441782e-25
1.377830786565907033e+02 3.836656318189390654e-25
1.388568255957844144e+02 3.836613846842102417e-25
1.399389402714279811e+02 3.836588747251209431e-25
1.410294878934981853e+02 3.836581162364346084e-25
1.421285341801552420e+02 3.836591239246647251e-25
1.432361453617025404e+02 3.836619129283966479e-25
1.443523881845774781e+02 3.836664988420713383e-25
1.454773299153745256e+02 3.836728977440646651e-25
1.466110383448984180e+02 3.836811262301484480e-25
1.477535817922487809e+02 3.836912014536539766e-25
1.489050291089381517e+02 3.837031411741465689e-25
1.500654496830406970e+02 3.837169638169190390e-25
1.512349134433729603e+02 3.837326885463721618e-25
1.524134908637090291e+02 3.837503353574589494e-25
1.536012529670268520e+02 3.837699251907191259e-25
1.547982713297877240e+02 3.837914800784960222e-25
1.560046180862505310e+02 3.838150233329439033e-25
1.572203659328182255e+02 3.838405797904668750e-25
1.584455881324181519e+02 3.838681761335727736e-25
1.596803585189179557e+02 3.838978413202620122e-25
1.609247515015744341e+02 3.839296071651712331e-25
1.621788420695170316e+02 3.839635091383929376e-25
1.634427057962678873e+02 3.839995874822118333e-25
1.647164188442954185e+02 3.840378888017476985e-25
1.660000579696035743e+02 3.840784683777954346e-25
1.672937005263582364e+02 3.841213936081801958e-25
1.685974244715482087e+02 3.841667492627482674e-25
1.699113083696825299e+02 3.842146457473299766e-25
1.712354313975259004e+02 3.842652325452819903e-25
1.725698733488695211e+02 3.843187209517704394e-25
1.739147146393390528e+02 3.843754243305948388e-25
1.752700363112416539e+02 3.844358334058916380e-25
1.766359200384491714e+02 3.845007667489206458e-25
1.780124481313194451e+02 3.845716974339896186e-25
1.793997035416574590e+02 3.846515411221976920e-25
1.807977698677136971e+02 3.847468450031124405e-25
1.822067313592213509e+02 3.848752076177520268e-25
1.836266729224743983e+02 3.850995566016375091e-25
1.850576801254436248e+02 3.858110613077084404e-25
1.864998392029326340e+02 4.067684986657279780e-25
1.879532370617755248e+02 3.871840331502113367e-25
1.894179612860732789e+02 3.854401705506154915e-25
1.908941001424721833e+02 3.852889985903223597e-25
1.923817425854821010e+02 3.853035894767948336e-25
1.938809782628381413e+02 3.853613775678301607e-25
1.953918975209024325e+02 3.854362878238031455e-25
1.969145914101080166e+02 3.855201994785705810e-25
1.984491516904466835e+02 3.856099685197890587e-25
1.999956708369982152e+02 3.857041951625689991e-25
2.015542420455023489e+02 3.858021952137827567e-25
2.031249592379760713e+02 3.859036135644512349e-25
2.047079170683730354e+02 3.860082602254460005e-25
2.063032109282868873e+02 3.861160339959467362e-25
2.079109369527008937e+02 3.862268842115645010e-25
2.095311920257806548e+02 3.863407903918408047e-25
2.111640737867118389e+02 3.864577508596551995e-25
2.128096806355852948e+02 3.865777761054522217e-25
2.144681117393262753e+02 3.867008847773586954e-25
2.161394670376696752e+02 3.868271011824302025e-25
2.178238472491838138e+02 3.869564536875262917e-25
2.195213538773393793e+02 3.870889736718104274e-25
2.212320892166253827e+02 3.872246948266387782e-25
2.229561563587150204e+02 3.873636526792913243e-25
2.246936591986774658e+02 3.875058842640770782e-25
2.264447024412380358e+02 3.876514278922516375e-25
2.282093916070892590e+02 3.878003229893485104e-25
2.299878330392489829e+02 3.879526099793124751e-25
2.317801339094681907e+02 3.881083302014228938e-25
2.335864022246906018e+02 3.882675258506748887e-25
2.354067468335608453e+02 3.884302399349882262e-25
2.372412774329828551e+02 3.885965162447974609e-25
2.390901045747320666e+02 3.887663993316379644e-25
2.409533396721166127e+02 3.889399344935205259e-25
2.428310950066905889e+02 3.891171677653870265e-25
2.447234837350216878e+02 3.892981459133945981e-25
2.466306198955096249e+02 3.894829164321252935e-25
2.485526184152573421e+02 3.896715275441180011e-25
2.504895951169983448e+02 3.898640282010987649e-25
2.524416667260755673e+02 3.900604680866362081e-25
2.544089508774746662e+02 3.902608976198922778e-25
2.563915661229143552e+02 3.904653679602214595e-25
2.583896319379898614e+02 3.906739310124988879e-25
2.604032687293719732e+02 3.908866394330205944e-25
2.624325978420643537e+02 3.911035466358864874e-25
2.644777415667152241e+02 3.913247067997584804e-25
2.665388231469862035e+02 3.915501748750119973e-25
2.686159667869804935e+02 3.917800065911250110e-25
2.707092976587269959e+02 3.920142584643858882e-25
2.728189419097225255e+02 3.922529878058295375e-25
2.749450266705351851e+02 3.924962527293914831e-25
2.770876800624648695e+02 3.927441121603252766e-25
2.792470312052630561e+02 3.929966258438147383e-25
2.814232102249154082e+02 3.932538543538625312e-25
2.836163482614826989e+02 3.935158591024012981e-25
2.858265774770025587e+02 3.937827023487304016e-25
2.880540310634554544e+02 3.940544472092585687e-25
2.902988432507903553e+02 3.943311576676351822e-25
2.925611493150125284e+02 3.946128985853083785e-25
2.948410855863375559e+02 3.948997357126840704e-25
2.971387894574056077e+02 3.951917357008594927e-25
2.994543993915602869e+02 3.954889661142369459e-25
3.017880549311942673e+02 3.957914954441225665e-25
3.041398967061576855e+02 3.960993931236175445e-25
3.065100664422314480e+02 3.964127295441630689e-25
3.088987069696701724e+02 3.967315760741903719e-25
3.113059622318079391e+02 3.970560050805761641e-25
3.137319772937320295e+02 3.973860899537662548e-25
3.161768983510263524e+02 3.977219051378160907e-25
3.186408727385806401e+02 3.980635261671777141e-25
3.211240489394681958e+02 3.984110297126610407e-25
3.236265765938954928e+02 3.987644936403539070e-25
3.261486065082187338e+02 3.991239970888916762e-25
3.286902906640310107e+02 3.994896205734046880e-25
3.312517822273226216e+02 3.998614461289096059e-25
3.338332355577101112e+02 4.002395575134842941e-25
3.364348062177374459e+02 4.006240405044019360e-25
3.390566509822522789e+02 4.010149833431163953e-25
3.416989278478527012e+02 4.014124774268082054e-25
3.443617960424069793e+02 4.018166184244215900e-25
3.470454160346512253e+02 4.022275081576868497e-25
3.497499495438582926e+02 4.026452579367006060e-25
3.524755595495823854e+02 4.030699948467917950e-25
3.552224103014823982e+02 4.035018745208053017e-25
3.579906673292189225e+02 4.039411096752099204e-25
3.607804974524281647e+02 4.043880423735898318e-25
3.635920687907769207e+02 4.048433618075511318e-25
3.664255507740929261e+02 4.053089575087728876e-25
3.692811141525733660e+02 4.057932093350734995e-25
3.721589310070772285e+02 4.064201108127288511e-25
3.750591747594938852e+02 4.068501442314066410e-25
3.779820201831925033e+02 4.072097753642450232e-25
3.809276434135567797e+02 4.077023517393640195e-25
3.838962219585976641e+02 4.082077408995351075e-25
3.868879347096493007e+02 4.087217831080412890e-25
3.899029619521515997e+02 4.092440129880134991e-25
3.929414853765134694e+02 4.097744276825733844e-25
3.960036880890602902e+02 4.103131140261727685e-25
3.990897546230708599e+02 4.108601798817038200e-25
4.021998709498963649e+02 4.114157383023419740e-25
4.053342244901661502e+02 4.119799035616064421e-25
4.084930041250843828e+02 4.125527902544392493e-25
4.116764002078110138e+02 4.131345132337147172e-25
4.148846045749318137e+02 4.137251877558596587e-25
4.181178105580209490e+02 4.143249296544807354e-25
4.213762129952903024e+02 4.149338554933547715e-25
4.246600082433295711e+02 4.155520826900081996e-25
4.279693941889414077e+02 4.161797296129648819e-25
4.313045702610652938e+02 4.168169156577673500e-25
4.346657374427940113e+02 4.174637613068304981e-25
4.380530982834878273e+02 4.181203881771903467e-25
4.414668569109793452e+02 4.187869190591764297e-25
4.449072190438729422e+02 4.194634779484014032e-25
4.483743920039445356e+02 4.201501900727820797e-25
4.518685847286337207e+02 4.208471819159337857e-25
4.553900077836335072e+02 4.215545812379590710e-25
4.589388733755817498e+02 4.222725170944081575e-25
4.625153953648480751e+02 4.230011198541701464e-25
4.661197892784197165e+02 4.237405212168325907e-25
4.697522723228924519e+02 4.244908542301354736e-25
4.734130633975585738e+02 4.252522533081893509e-25
4.771023831075963244e+02 4.260248542511066576e-25
4.808204537773672200e+02 4.268087942671054098e-25
4.845674994638119415e+02 4.276042119982627245e-25
4.883437459699508736e+02 4.284112475516609203e-25
4.921494208584945795e+02 4.292300425386025599e-25
4.959847534655552863e+02 4.300607401255850275e-25
4.998499749144658608e+02 4.309034851030374699e-25
5.037453181297104834e+02 4.317584239813189194e-25
5.076710178509595153e+02 4.326257051292743645e-25
5.116273106472139034e+02 4.335054789818321949e-25
5.156144349310642383e+02 4.343978983629181932e-25
5.196326309730563935e+02 4.353031190095901912e-25
5.236821409161686915e+02 4.362213004644107486e-25
5.277632087904075888e+02 4.371526076828226288e-25
5.318760805275113626e+02 4.380972141317831315e-25
5.360210039757685081e+02 4.390553082930289069e-25
5.401982289149573262e+02 4.400271089043942823e-25
5.444080070713953319e+02 4.410129064991976444e-25
5.486505921331101945e+02 4.420132047925901987e-25
5.529262397651248193e+02 4.430294184272565438e-25
5.572352076248678259e+02 4.440718242888024286e-25
5.615777553776983950e+02 4.451289144121391939e-25
5.659541447125526474e+02 4.461400965725454863e-25
5.703646393577165554e+02 4.472127563010352889e-25
5.748095050967175439e+02 4.482994487454350103e-25
5.792890097843385320e+02 4.494007582545359549e-25
5.838034233627633967e+02 4.505170676745897999e-25
5.883530178778419213e+02 4.516486454527374493e-25
5.929380674954823007e+02 4.527957146004528900e-25
5.975588485181762053e+02 4.539584785599501614e-25
6.022156394016473087e+02 4.551371318142575390e-25
6.069087207716299872e+02 4.563318647232745780e-25
6.116383754407836477e+02 4.575428659337368362e-25
6.164048884257337022e+02 4.587703236720020610e-25
6.212085469642455564e+02 4.600144264818834740e-25
6.260496405325370688e+02 4.612753636691588262e-25
6.309284608627218631e+02 4.625533255828593093e-25
6.358453019603869052e+02 4.638485038020608424e-25
6.408004601223141208e+02 4.651610912663385982e-25
6.457942339543335493e+02 4.664912823722727934e-25
6.508269243893156499e+02 4.678392730497669250e-25
6.558988347053104917e+02 4.692052608276485279e-25
6.610102705438212070e+02 4.705894448955815446e-25
6.661615399282209182e+02 4.719920261688088802e-25
6.713529532823184809e+02 4.734132073629846484e-25
6.765848234490631512e+02 4.748531930887361718e-25
6.818574657093947735e+02 4.763121899810314513e-25
6.871711978012478994e+02 4.777904068882463206e-25
6.925263399386961964e+02 4.792880551659257188e-25
6.979232148312477193e+02 4.808053491608979064e-25
7.033621477032955909e+02 4.823425070601515579e-25
7.088434663137147709e+02 4.838997524870193368e-25
7.143675009756112786e+02 4.854773177654188116e-25
7.199345845762311455e+02 4.870754513427195409e-25
7.255450525970192075e+02 4.886944372585803553e-25
7.311992431338331926e+02 4.903346579474086597e-25
7.368974969173224281e+02 4.919968786626731578e-25
7.426401573334585464e+02 4.936849242742263183e-25
7.484275704442266033e+02 4.953714736518282069e-25
7.542600850084832018e+02 4.970985863771930968e-25
7.601380525029715045e+02 4.988483119604360488e-25
7.660618271434990447e+02 5.006190282557683656e-25
7.720317659062886833e+02 5.024118592055870208e-25
7.780482285494875896e+02 5.042273261168412039e-25
7.841115776348444797e+02 5.060656991011741155e-25
7.902221785495635231e+02 5.079272571642937111e-25
7.963803995283201402e+02 5.098122634116861898e-25
8.025866116754493760e+02 5.117209672365808950e-25
8.088411889873140126e+02 5.136536299197435941e-25
8.151445083748395746e+02 5.156106589535522486e-25
8.214969496862253209e+02 5.175922195465444840e-25
8.278988957298396372e+02 5.195984978285408942e-25
8.343507322972856173e+02 5.216297503714767112e-25
8.408528481866477478e+02 5.236862356687190089e-25
8.474056352259257210e+02 5.257682143441265365e-25
8.540094882966449177e+02 5.278759493483725199e-25
8.606648053576492430e+02 5.300097061776664158e-25
8.673719874690885945e+02 5.321697531599056957e-25
8.741314388165844775e+02 5.343563618828480100e-25
8.809435667355842270e+02 5.365698079103105083e-25
8.878087817359131577e+02 5.388103721058673962e-25
8.947274975265096373e+02 5.410783433443470499e-25
9.017001310403536536e+02 5.433740247759387399e-25
9.087271024595964946e+02 5.456977507541348636e-25
9.158088352408796027e+02 5.480499442945079070e-25
9.229457561408497668e+02 5.504314040522356542e-25
9.301382952418814511e+02 5.528469959000109656e-25
9.373868859779920513e+02 5.552651865920187582e-25
9.446919651609578068e+02 5.577389318611150572e-25
9.520539730066429911e+02 5.602372719228841412e-25
9.594733531615247557e+02 5.627648226689888117e-25
9.669505527294256808e+02 5.653223887933199730e-25
9.744860222984621032e+02 5.679105681361482018e-25
9.820802159681948069e+02 5.705295954371833024e-25
9.897335913769907165e+02 5.731797791437750440e-25
9.974466097296069620e+02 5.758614471039487945e-25
1.005219735824979466e+03 5.785749248816097671e-25
1.013053438084235040e+03 5.813205384902601932e-25
1.020948188578914824e+03 5.840986157710906757e-25
1.028904463059428053e+03 5.869094871958674422e-25
1.036922740983718768e+03 5.897534864283294374e-25
1.045003505546155566e+03 5.926309508226328249e-25
1.053147243706655672e+03 5.955422220019622759e-25
1.061354446220027512e+03 5.984876467136166923e-25
1.069625607665539974e+03 6.014675783544843169e-25
1.077961226476733827e+03 6.044823801522045757e-25
1.086361804971455058e+03 6.075324329270621526e-25
1.094827849382121485e+03 6.106181581215306473e-25
1.103359869886236311e+03 6.137401093460071715e-25
1.111958380637128130e+03 6.168996080383996018e-25
1.120623899794932186e+03 6.202843338921266967e-25
1.129356949557821736e+03 6.233172938857133699e-25
1.138158056193473385e+03 6.265878721166905188e-25
1.147027750070777074e+03 6.298949179107468932e-25
1.155966565691804135e+03 6.332397994214331573e-25
1.164975041724014091e+03 6.366231042812591052e-25
1.174053721032711564e+03 6.400452945352604457e-25
1.183203150713767400e+03 6.435068000422054051e-25
1.192423882126584203e+03 6.470080419104928230e-25
1.201716470927318369e+03 6.505494404369979840e-25
1.211081477102371991e+03 6.541318127500790137e-25
1.220519465002135348e+03 6.577557705898208153e-25
1.230031003374991315e+03 6.614211641819621300e-25
1.239616665401596720e+03 6.651284324635309442e-25
1.249277028729419499e+03 6.688780225231195434e-25
1.259012675507545055e+03 6.726703926755669537e-25
1.268824192421763883e+03 6.765060198366918294e-25
1.278712170729924765e+03 6.803854218123428120e-25
1.288677206297558541e+03 6.843092504179767073e-25
1.298719899633795194e+03 6.882790249837724945e-25
1.308840855927546954e+03 6.922644823654156606e-25
1.319040685083974950e+03 6.963439621007417969e-25
1.329320001761249159e+03 7.004497811414738938e-25
1.339679425407587132e+03 7.046013077165130467e-25
1.350119580298576466e+03 7.087996571198756715e-25
1.360641095574804922e+03 7.130454776299628680e-25
1.371244605279767711e+03 7.173393379502263492e-25
1.381930748398072865e+03 7.216817888958431796e-25
1.392700168893955606e+03 7.260733798361902287e-25
1.403553515750080123e+03 7.305146646777180952e-25
1.414491443006643976e+03 7.350062047977026126e-25
1.425514609800801281e+03 7.395485712274140997e-25
1.436623680406377389e+03 7.441423474112709457e-25
1.447819324273896427e+03 7.487881346765085883e-25
1.459102216070931036e+03 7.534865672406093614e-25
1.470473035722754730e+03 7.582383694575898435e-25
1.481932468453311458e+03 7.630447321971907421e-25
1.493481204826516205e+03 7.679398101346424457e-25
1.505119940787866653e+03 7.728135253584325448e-25
1.516849377706375208e+03 7.777852732179942931e-25
1.528670222416845718e+03 7.828123424770236563e-25
1.540583187262463071e+03 7.878961725206013820e-25
1.552588990137714973e+03 7.930375889392560020e-25
1.564688354531663890e+03 7.982373316890019237e-25
1.576882009571540493e+03 8.034961265348386965e-25
1.589170690066676798e+03 8.088147030372166315e-25
1.601555136552796966e+03 8.141938012985766001e-25
1.614036095336638937e+03 8.196341761041741692e-25
1.626614318540922113e+03 8.251366019773192291e-25
1.639290564149681586e+03 8.307018844825581056e-25
1.652065596053941363e+03 8.363308991638354007e-25
1.664940184097741849e+03 8.420248160516139109e-25
1.677915104124541813e+03 8.477910283238558872e-25
1.690991138023968006e+03 8.536025580740195020e-25
1.704169073778926304e+03 8.594954956398878642e-25
1.717449705513098706e+03 8.654549664997680058e-25
1.730833833538792760e+03 8.714828446124840573e-25
1.744322264405163878e+03 8.775801964006820364e-25
1.757915810946830561e+03 8.837479983401113528e-25
1.771615292332851595e+03 8.899872190202010806e-25
1.785421534116085240e+03 8.962988390422097258e-25
1.799335368282948593e+03 9.026838593987416645e-25
1.813357633303549846e+03 9.091433093379274101e-25
1.827489174182209808e+03 9.156782636117056882e-25
1.841730842508394517e+03 9.222899111220326838e-25
1.856083496508025974e+03 9.289801298136090577e-25
1.870548001095203745e+03 9.357349528593756613e-25
1.885125227924318551e+03 9.425906213074536870e-25
1.899816055442591278e+03 9.495196003340366401e-25
1.914621368943003745e+03 9.565302309897433645e-25
1.929542060617641937e+03 9.636240677190660880e-25
1.944579029611473061e+03 9.708024309189941639e-25
1.959733182076522326e+03 9.780666212540000270e-25
1.975005431226475366e+03 9.854179575435539181e-25
1.990396697391719727e+03 9.928577907535306186e-25
2.005907908074800844e+03 1.000387518448012138e-24
2.021539998006308224e+03 1.008008626410629840e-24
2.037293909201216138e+03 1.015722949545368647e-24
2.053170591015644732e+03 1.023556468733919908e-24
2.069171000204064057e+03 1.031430242989962465e-24
2.085296100976960588e+03 1.039431768462623418e-24
2.101546865058938693e+03 1.047531410632891589e-24
2.117924271747268904e+03 1.055731328679615887e-24
2.134429307970916398e+03 1.064033302115150394e-24
2.151062968350008305e+03 1.072439091387702385e-24
2.167826255255764409e+03 1.080950490350963386e-24
2.184720178870914424e+03 1.089569347015034360e-24
2.201745757250567294e+03 1.098297595586751254e-24
2.218904016383554790e+03 1.107137411238257344e-24
2.236195990254269873e+03 1.116094816779577051e-24
2.253622720904973448e+03 1.125153954049120147e-24
2.271185258498579060e+03 1.134340230230669707e-24
2.288884661381954174e+03 1.143645047959119521e-24
2.306721996149688039e+03 1.153071386510210454e-24
2.324698337708362033e+03 1.162621654407681494e-24
2.342814769341337978e+03 1.172298250591216760e-24
2.361072382774031212e+03 1.182103632853215451e-24
2.379472278239693878e+03 1.192040350256279344e-24
2.398015564545729376e+03 1.202111127121210421e-24
2.416703359140505199e+03 1.212319764037104958e-24
2.435536788180683743e+03 1.222659784537816975e-24
2.454516986599102438e+03 1.233150443379645554e-24
2.473645098173158203e+03 1.243784156457842331e-24
2.492922275593724407e+03 1.254565661774563502e-24
2.512349680534632625e+03 1.265498252579467845e-24
2.531928483722665987e+03 1.276585205065709187e-24
2.551659865008103225e+03 1.287829886983770187e-24
2.571545013435832971e+03 1.299235809645264816e-24
2.591585127317000570e+03 1.310806824471855169e-24
2.611781414301211498e+03 1.322559177836204185e-24
2.632135091449321862e+03 1.334453751569130569e-24
2.652647385306774140e+03 1.346541658930536144e-24
2.673319531977500901e+03 1.358809211700692844e-24
2.694152777198432432e+03 1.371261061056750096e-24
2.715148376414555969e+03 1.383901661954598001e-24
2.736307594854566105e+03 1.396735583461894270e-24
2.757631707607123190e+03 1.409767586698708749e-24
2.779121999697685624e+03 1.423002876455210523e-24
2.800779766165938327e+03 1.436403374586525028e-24
2.822606312143850573e+03 1.450098234547263125e-24
2.844602952934317727e+03 1.463972830554301294e-24
2.866771014090414610e+03 1.478071065947799889e-24
2.889111831495292336e+03 1.492399045355191147e-24
2.911626751442673140e+03 1.506962849064088401e-24
2.934317130717970031e+03 1.521768761102377005e-24
2.957184336680067190e+03 1.536823417431904048e-24
2.980229747343711097e+03 1.552136433698796877e-24
3.003454751462540571e+03 1.567701633211770895e-24
3.026860748612797124e+03 1.583543304310647852e-24
3.050449149277652850e+03 1.599660915408010327e-24
3.074221374932201797e+03 1.616062704246581341e-24
3.098178858129137552e+03 1.632756697477613322e-24
3.122323042585072017e+03 1.649751157702668807e-24
3.146655383267527668e+03 1.667054797335346615e-24
3.171177346482633311e+03 1.684693132649721026e-24
3.195890409963478305e+03 1.702620294739938440e-24
3.220796062959153005e+03 1.720903850864560968e-24
3.245895806324512705e+03 1.739532186798144356e-24
3.271191152610610516e+03 1.758515341606911856e-24
3.296683626155838283e+03 1.777863317565840050e-24
3.322374763177804653e+03 1.797586355440455248e-24
3.348266111865900257e+03 1.817696104723493422e-24
3.374359232474582768e+03 1.838194836238307077e-24
3.400655697417423198e+03 1.859105206842265909e-24
3.427157091361845232e+03 1.880430944664804685e-24
3.453865011324629904e+03 1.902183113769109934e-24
3.480781066768138317e+03 1.924371934807271551e-24
3.507906879697322438e+03 1.947007331286709800e-24
3.535244084757458495e+03 1.970100238052078605e-24
3.562794329332642974e+03 1.993650639089781525e-24
3.590559273645089434e+03 2.017678660201565117e-24
3.618540590855162463e+03 2.042184587761045745e-24
3.646739967162196990e+03 2.067174161787564327e-24
3.675159101906131582e+03 2.092650513379167514e-24
3.703799707669903000e+03 2.118614754880017227e-24
3.732663510382638378e+03 2.145041830155474021e-24
3.761752249423684134e+03 2.171990638850339084e-24
3.791067677727412502e+03 2.199389623800147197e-24
3.820611561888846154e+03 2.227242628550297023e-24
3.850385682270137295e+03 2.255528171666130287e-24
3.880391833107845287e+03 2.284217034513071268e-24
3.910631822621046013e+03 2.313273719417612667e-24
3.941107473120324357e+03 2.342635951513050404e-24
3.971820621117577048e+03 2.372257231107320870e-24
4.002773117436670418e+03 2.402052935644678867e-24
4.033966827324999485e+03 2.431928074449606568e-24
4.065403630565878302e+03 2.461766757974304433e-24
4.097085421591806153e+03 2.491432498908887722e-24
4.129014109598654613e+03 2.520744268420372749e-24
4.161191618660706808e+03 2.549520843916172302e-24
4.193619887846588426e+03 2.577522610135721558e-24
4.226300871336150522e+03 2.604479798129870258e-24
4.259236538538216337e+03 2.630081953826384488e-24
4.292428874209245805e+03 2.653963897202105725e-24
4.325879878572969574e+03 2.675760844956909753e-24
4.359591567440910694e+03 2.695006185685160936e-24
4.393565972333847640e+03 2.711233512425371390e-24
4.427805140604265034e+03 2.723939160248782640e-24
4.462311135559713875e+03 2.732603676387453968e-24
4.497086036587142189e+03 2.736699959237646022e-24
4.532131939278221580e+03 2.735740011378125740e-24
4.567450955555624205e+03 2.729270190844026440e-24
4.603045213800271085e+03 2.716922245690976907e-24
4.638916858979625431e+03 2.698439425424398768e-24
4.675068052776933655e+03 2.673702060157321840e-24
4.711500973721477749e+03 2.642772109540851550e-24
4.748217817319889036e+03 2.605883442241592183e-24
4.785220796188435088e+03 2.563470614152724524e-24
4.822512140186340730e+03 2.516155449519855274e-24
4.860094096550195900e+03 2.464724315066328478e-24
4.897968930029359399e+03 2.410112996907758482e-24
4.936138923022424024e+03 2.353341795802640556e-24
4.974606375714784917e+03 2.295489668127284466e-24
5.013373606217240194e+03 2.237640595081154848e-24
5.052442950705666590e+03 2.180836485158374467e-24
5.091816763561832886e+03 2.126052204473505173e-24
5.131497417515263805e+03 2.074147651480220323e-24
5.171487303786206212e+03 2.025859399610927186e-24
5.211788832229764921e+03 1.981785682956244383e-24
5.252404431481100801e+03 1.942371349609554522e-24
5.293336549101775745e+03 1.907935457080506199e-24
5.334587651727275443e+03 1.878651529997840959e-24
5.376160225215634455e+03 1.854576222815840971e-24
5.418056774797226353e+03 1.835658541408865772e-24
5.460279825225763489e+03 1.821766749717760290e-24
5.502831920930424531e+03 1.812691811156952558e-24
5.545715626169172538e+03 1.808176994604475058e-24
5.588933525183312668e+03 1.807941667999560263e-24
5.632488222353206766e+03 1.811635310303076316e-24
5.676382342355199398e+03 1.818975033813781809e-24
5.720618530319820820e+03 1.829628510268480915e-24
5.765199451991168644e+03 1.843287523880370560e-24
5.810127793887530970e+03 1.859654644651800026e-24
5.855406263463321011e+03 1.878460576108801810e-24
5.901037589272206787e+03 1.899450662509687471e-24
5.947024521131527763e+03 1.922395777912122726e-24
5.993369830288033882e+03 1.947085931475636763e-24
6.040076309584871524e+03 1.973339973841780907e-24
6.087146773629861855e+03 2.000991913036042271e-24
6.134584058965156146e+03 2.029898089807120720e-24
6.182391024238146201e+03 2.059928615407069407e-24
6.230570550373715378e+03 2.090977628273958298e-24
6.279125540747884770e+03 2.122947768357228418e-24
6.328058921362751789e+03 2.155759769855259808e-24
6.377373641022825723e+03 2.189333776552622450e-24
6.427072671512701163e+03 2.223620288311461233e-24
6.477159007776187536e+03 2.258564848612780110e-24
6.527635668096761037e+03 2.294122752360674392e-24
6.578505694279438103e+03 2.330264163997289243e-24
6.629772151834115903e+03 2.366955639031783565e-24
6.681438130160286164e+03 2.404175271910788698e-24
6.733506742733188730e+03 2.441902518930039990e-24
6.785981127291471239e+03 2.480126444821319474e-24
6.838864446026256701e+03 2.518834960345858039e-24
6.892159885771680820e+03 2.558015556457309806e-24
6.945870658196978184e+03 2.597680125816440577e-24
7.000000000000001819e+03 2.637812330100534921e-24
