3.000000000000000000e+00 2.324396532718778216e-20
3.023379074186677951e+00 2.056680218828133432e-20
3.046940342076630781e+00 1.824789543001884882e-20
3.070685223509894257e+00 1.623066623715941857e-20
3.094615149391351849e+00 1.446908123255004156e-20
3.118731561776963979e+00 1.292536502733041206e-20
3.143035913960669614e+00 1.156827862298436958e-20
3.167529670561962885e+00 1.037180721707773232e-20
3.192214307614152702e+00 9.314148488167611162e-21
3.217091312653314272e+00 8.376924315300600586e-21
3.242162184807927616e+00 7.544560643403862854e-21
3.267428434889215527e+00 6.803795287988167209e-21
3.292891585482193850e+00 6.143284080484355743e-21
3.318553171037419425e+00 5.553283316840880844e-21
3.344414737963458339e+00 5.025391928641642932e-21
3.370477844720079830e+00 4.552340779364203402e-21
3.396744061912168711e+00 4.127819427388586569e-21
3.423214972384368782e+00 3.746332887630291635e-21
3.449892171316475409e+00 3.403082571187964991e-21
3.476777266319557746e+00 3.093866832544130486e-21
3.503871877532837242e+00 2.814997510348041738e-21
3.531177637721321538e+00 2.563229585228575037e-21
3.558696192374196876e+00 2.335701650818661248e-21
3.586429199803984336e+00 2.129885342025681371e-21
3.614378331246479004e+00 1.943542217116039122e-21
3.642545270961456083e+00 1.774686869307913280e-21
3.670931716334169703e+00 1.621555265995958265e-21
3.699539377977637766e+00 1.482577491809622655e-21
3.728369979835728820e+00 1.356354215154886237e-21
3.757425259287050068e+00 1.241636313959146225e-21
3.786706967249639177e+00 1.137307190704692865e-21
3.816216868286484765e+00 1.042367383919635092e-21
3.845956740711859112e+00 9.559211465590000749e-22
3.875928376698477340e+00 8.771647137685937340e-22
3.906133582385504788e+00 8.053760256229330686e-22
3.936574177987393064e+00 7.399057061985699953e-22
3.967251997903568306e+00 6.801691301203451207e-22
3.998168890828979194e+00 6.256394326646285227e-22
4.029326719865498063e+00 5.758413403611407851e-22
4.060727362634198201e+00 5.303457166508081662e-22
4.092372711388496676e+00 4.887647320174932095e-22
4.124264673128191561e+00 4.507475805290083582e-22
4.156405169714378012e+00 4.159766754579064366e-22
4.188796137985258738e+00 3.841642657204948181e-22
4.221439529872867524e+00 3.550494226011508639e-22
4.254337312520692471e+00 3.283953529411878377e-22
4.287491468402215844e+00 3.039870005912712819e-22
4.320903995440390055e+00 2.816312252175399891e-22
4.354576907128027585e+00 2.611494691792505555e-22
4.388512232649141254e+00 2.423785430693901928e-22
4.422712017001222407e+00 2.251710351466437990e-22
4.457178321118484554e+00 2.093925728502733806e-22
4.491913221996044037e+00 1.949205846191093673e-22
4.526918812815098114e+00 1.816431883692779108e-22
4.562197203069056073e+00 1.694581931495058900e-22
4.597750518690657096e+00 1.582722023101350870e-22
4.633580902180091776e+00 1.479998075680071551e-22
4.669690512734105958e+00 1.385628646850806730e-22
4.706081526376117985e+00 1.298898423643821736e-22
4.742756136087351138e+00 1.219152368153415776e-22
4.779716551938987479e+00 1.145790451883589824e-22
4.816965001225343990e+00 1.078262917071599902e-22
4.854503728598102974e+00 1.016066008869035344e-22
4.892334996201570085e+00 9.587381270449843481e-23
4.930461083808994616e+00 9.058563507425322305e-23
4.968884288959960038e+00 8.570332936696208213e-23
5.007606927098831484e+00 8.119142515001044067e-23
5.046631331714285906e+00 7.701746065020269116e-23
5.085959854479939146e+00 7.315174587755920197e-23
5.125594865396055688e+00 6.956714565427428518e-23
5.165538752932373079e+00 6.623888016263328639e-23
5.205793924172026799e+00 6.314434096798014991e-23
5.246362804956618220e+00 6.026292072297378579e-23
5.287247840032386570e+00 5.757585513393601019e-23
5.328451493197543520e+00 5.506607592334803694e-23
5.369976247450735762e+00 5.271807382745293387e-23
5.411824605140684419e+00 5.051777080551457015e-23
5.453999088116976424e+00 4.845240078160447043e-23
5.496502237882029185e+00 4.651039843321765646e-23
5.539336615744256065e+00 4.468129551509920547e-23
5.582504802972412250e+00 4.295562438823747710e-23
5.626009400951136996e+00 4.132482840149834279e-23
5.669853031337731331e+00 3.978117879791494198e-23
5.714038336220133019e+00 3.831769787062354621e-23
5.758567978276136756e+00 3.692808808958378201e-23
5.803444640933850707e+00 3.560666684592879240e-23
5.848671028533408034e+00 3.434830659805487334e-23
5.894249866489925438e+00 3.313840193205709944e-23
5.940183901457753102e+00 3.195604449828064697e-23
5.986475901495984075e+00 3.082671597783160340e-23
6.033128656235260401e+00 2.974690687492886801e-23
6.080144977045891963e+00 2.871343156574388122e-23
6.127527697207263202e+00 2.772339540911079956e-23
6.175279672078572979e+00 2.677416504036531116e-23
6.223403779270908487e+00 2.586334154870545944e-23
6.271902918820651429e+00 2.498873630341088138e-23
6.320780013364233341e+00 2.414834922039199461e-23
6.370038008314270250e+00 2.334034922194748008e-23
6.419679872037050039e+00 2.256305670310397521e-23
6.469708596031408021e+00 2.181492782261313209e-23
6.520127195109008511e+00 2.109454043456992522e-23
6.570938707576019056e+00 2.040058149461987644e-23
6.622146195416195980e+00 1.973183584174172111e-23
6.673752744475415000e+00 1.908591118662836698e-23
6.725761464647628252e+00 1.846240270858608999e-23
6.778175490062257502e+00 1.786101439602625734e-23
6.830997979273086607e+00 1.728083163708139806e-23
6.884232115448578604e+00 1.672099729778579076e-23
6.937881106563702716e+00 1.618070612139497516e-23
6.991948185593272136e+00 1.565919974397950333e-23
7.046436610706736658e+00 1.515576227924333162e-23
7.101349665464545602e+00 1.466971638745855238e-23
7.156690659016025080e+00 1.420041981290309118e-23
7.212462926298772281e+00 1.374726228130255330e-23
7.268669828239636921e+00 1.330966277838582917e-23
7.325314751957265003e+00 1.288706712401635207e-23
7.382401110966188895e+00 1.247894582337141534e-23
7.439932345382551659e+00 1.208479217204321004e-23
7.497911922131407003e+00 1.170412056750290636e-23
7.556343335155633945e+00 1.133646501115781689e-23
7.615230105626504375e+00 1.098137779072500428e-23
7.674575782155860004e+00 1.063842829974982802e-23
7.734383941009959962e+00 1.030720198082881481e-23
7.794658186324999072e+00 9.987299408196483884e-24
7.855402150324295896e+00 9.678335445984846084e-24
7.916619493537168317e+00 9.379938499943600811e-24
7.978313905019535746e+00 9.091749859171473653e-24
8.040489102576222180e+00 8.813423081689258589e-24
8.103148832984988559e+00 8.544623458355672187e-24
8.166296872222336134e+00 8.285027515178867630e-24
8.229937025691045349e+00 8.034322555648761801e-24
8.294073128449483079e+00 7.792206265408080344e-24
8.358709045442731522e+00 7.558386306545020404e-24
8.423848671735486349e+00 7.332579990846907565e-24
8.489495932746768503e+00 7.114513927792063357e-24
8.555654784486495856e+00 6.903923731635385675e-24
8.622329213793868519e+00 6.700553723326968844e-24
8.689523238577617548e+00 6.504156660293157710e-24
8.757240908058138373e+00 6.314493470784888793e-24
8.825486303011505385e+00 6.131333012859729252e-24
8.894263536015376559e+00 5.954451816998064169e-24
8.963576751696830769e+00 5.783633874780322458e-24
9.033430126982132435e+00 5.618670405018769208e-24
9.103827871348423528e+00 5.459359633811891320e-24
9.174774227077424626e+00 5.305506598096646318e-24
9.246273469511047338e+00 5.156922921395575134e-24
9.318329907309045979e+00 5.013426632352929745e-24
9.390947882708687189e+00 4.874841958724034459e-24
9.464131771786378877e+00 4.740999139301314948e-24
9.537885984721404142e+00 4.611734236834713198e-24
9.612214966061698007e+00 4.486888961446793350e-24
9.687123194991649200e+00 4.366310479567408691e-24
9.762615185602044221e+00 4.249851255014136599e-24
9.838695487162103959e+00 4.137368868041487410e-24
9.915368684393603971e+00 4.028725847266982411e-24
9.992639397747167251e+00 3.923789515633125880e-24
1.007051228368071882e+01 3.825030234144694214e-24
1.014899203494005953e+01 3.729805981436659902e-24
1.022808338084167801e+01 3.637725101565586371e-24
1.030779108755775475e+01 3.548681909151154295e-24
1.038811995840335101e+01 3.462574358455191271e-24
1.046907483412588746e+01 3.379303921938364677e-24
1.055066059319685934e+01 3.298775470061569139e-24
1.063288215210579679e+01 3.220897151528282695e-24
1.071574446565655414e+01 3.145580273903768087e-24
1.079925252726591012e+01 3.072739201490316592e-24
1.088341136926445074e+01 3.002291235279188396e-24
1.096822606319983606e+01 2.934156517730982069e-24
1.105370172014243657e+01 2.868257925683855311e-24
1.113984349099330551e+01 2.804520970365499389e-24
1.122665656679461144e+01 2.742873706803433734e-24
1.131414617904242803e+01 2.683246636375414148e-24
1.140231760000200723e+01 2.625572620552210925e-24
1.149117614302551083e+01 2.569786793866188025e-24
1.158072716287217041e+01 2.515826483864764090e-24
1.167097605603098742e+01 2.463631126028128023e-24
1.176192826104595213e+01 2.413142190309057300e-24
1.185358925884374592e+01 2.364303105999422639e-24
1.194596457306404602e+01 2.317059191131799477e-24
1.203905977039241115e+01 2.271357583689515039e-24
1.213288046089569505e+01 2.227147174708049676e-24
1.222743229836014933e+01 2.184378545923504903e-24
1.232272098063213228e+01 2.143003910508862576e-24
1.241875224996144311e+01 2.102977052682872257e-24
1.251553189334737759e+01 2.064253272896355104e-24
1.261306574288748017e+01 2.026789333935330549e-24
1.271135967612895179e+01 1.990543408729902453e-24
1.281041961642286786e+01 1.955475035255005179e-24
1.291025153328114428e+01 1.921545063307235826e-24
1.301086144273622835e+01 1.888715613482640825e-24
1.311225540770366216e+01 1.856950033429518177e-24
1.321443953834745422e+01 1.826212854157968151e-24
1.331741999244825436e+01 1.796469753745128407e-24
1.342120297577444710e+01 1.767687516005551181e-24
1.352579474245614577e+01 1.739833996716334626e-24
1.363120159536203424e+01 1.712878086117666136e-24
1.373742988647920527e+01 1.686789677127924200e-24
1.384448601729596717e+01 1.661539632698337118e-24
1.395237643918756554e+01 1.637099753525284406e-24
1.406110765380496730e+01 1.613442750645509169e-24
1.417068621346669133e+01 1.590542215619900234e-24
1.428111872155361617e+01 1.568372592163253744e-24
1.439241183290693016e+01 1.546909151787186609e-24
1.450457225422918128e+01 1.526127966789509209e-24
1.461760674448840014e+01 1.506005886118129034e-24
1.473152211532542033e+01 1.486520511833597400e-24
1.484632523146438210e+01 1.467650175520027910e-24
1.496202301112636057e+01 1.449373917395133433e-24
1.507862242644633000e+01 1.431671464823171644e-24
1.519613050389326148e+01 1.414523210561847166e-24
1.531455432469357625e+01 1.397910193246738753e-24
1.543390102525788343e+01 1.381814079318105416e-24
1.555417779761100050e+01 1.366217141517763508e-24
1.567539188982537013e+01 1.351102244195892046e-24
1.579755060645786280e+01 1.336452821554912919e-24
1.592066130898992427e+01 1.322252864461841644e-24
1.604473141627120114e+01 1.308486900129680713e-24
1.616976840496664281e+01 1.295139979332930934e-24
1.629577981000701570e+01 1.282197657461374988e-24
1.642277322504298454e+01 1.269645980968993611e-24
1.655075630290274091e+01 1.257471471700429938e-24
1.667973675605313844e+01 1.245661112690219691e-24
1.680972235706447293e+01 1.234202333738753301e-24
1.694072093907889709e+01 1.223082997306300538e-24
1.707274039628241269e+01 1.212291385125619790e-24
1.720578868438059672e+01 1.201816185672798899e-24
1.733987382107807917e+01 1.191646480282379616e-24
1.747500388656161974e+01 1.181771731426239135e-24
1.761118702398708180e+01 1.172181770121351320e-24
1.774843143997016526e+01 1.162866784362412973e-24
1.788674540508091226e+01 1.153817307566269131e-24
1.802613725434210679e+01 1.145024206935951807e-24
1.816661538773160700e+01 1.136478672858670892e-24
1.830818827068848265e+01 1.128172208132013907e-24
1.845086443462317405e+01 1.120096617545189492e-24
1.859465247743164085e+01 1.112243997993319382e-24
1.873956106401342936e+01 1.104606728161515067e-24
1.888559892679387175e+01 1.097177459534675318e-24
1.903277486625032822e+01 1.089949106742072757e-24
1.918109775144246498e+01 1.082914838911933794e-24
1.933057652054675302e+01 1.076068070279965925e-24
1.948122018139512690e+01 1.069402452130201698e-24
1.963303781201774356e+01 1.062911865028329569e-24
1.978603856119007531e+01 1.056590409503047652e-24
1.994023164898425549e+01 1.050432399548551210e-24
2.009562636732463758e+01 1.044432354353914191e-24
2.025223208054777757e+01 1.038584991208970175e-24
2.041005822596676111e+01 1.032885218701656579e-24
2.056911431443985094e+01 1.027328129508886521e-24
2.072940993094369944e+01 1.021908993775161424e-24
2.089095473515089907e+01 1.016623253018405326e-24
2.105375846201209811e+01 1.011466513702196099e-24
2.121783092234269219e+01 1.006434541225317550e-24
2.138318200341397457e+01 1.001523254070426620e-24
2.154982166954898304e+01 9.967287184691736583e-25
2.171775996272300446e+01 9.920471429025909428e-25
2.188700700316866232e+01 9.874748724373651007e-25
2.205757298998579330e+01 9.830083844297468867e-25
2.222946820175610938e+01 9.786442830579078191e-25
2.240270299716252822e+01 9.743792948313385181e-25
2.257728781561344533e+01 9.702102640847968233e-25
2.275323317787184862e+01 9.661341485831478238e-25
2.293054968668926463e+01 9.621480153206174300e-25
2.310924802744472473e+01 9.582490363039556313e-25
2.328933896878871934e+01 9.544344848767172732e-25
2.347083336329205494e+01 9.507017317140475419e-25
2.365374214809989795e+01 9.470482414341624603e-25
2.383807634559089195e+01 9.434715688078470487e-25
2.402384706404131620e+01 9.399693556468415143e-25
2.421106549829451282e+01 9.365393273434525723e-25
2.439974293043556486e+01 9.331792899066423372e-25
2.458989073047107254e+01 9.298871268200279830e-25
2.478152035701439360e+01 9.266607962684947584e-25
2.497464335797616286e+01 9.234983282110266070e-25
2.516927137126014813e+01 9.203978217959595773e-25
2.536541612546457714e+01 9.173574427648226524e-25
2.556308944058897836e+01 9.143754209443109000e-25
2.576230322874638290e+01 9.114500478493331062e-25
2.596306949488122484e+01 9.085796744208551809e-25
2.616540033749279459e+01 9.057627087664806299e-25
2.636930794936425215e+01 9.029976140613409050e-25
2.657480461829742424e+01 9.002829065252380530e-25
2.678190272785330706e+01 8.976171533745730097e-25
2.699061475809826760e+01 8.949989710547507046e-25
2.720095328635613185e+01 8.924270232867101198e-25
2.741293098796615979e+01 8.899000194074693647e-25
2.762656063704679710e+01 8.874167126646495948e-25
2.784185510726555535e+01 8.849758985897228899e-25
2.805882737261472570e+01 8.825764134556101165e-25
2.827749050819322818e+01 8.802171327642763047e-25
2.849785769099460708e+01 8.778969697927304616e-25
2.871994220070099502e+01 8.756148742810651422e-25
2.894375742048341138e+01 8.733698310465476920e-25
2.916931683780831364e+01 8.711608586977100581e-25
2.939663404525025925e+01 8.689870084242603750e-25
2.962572274131109040e+01 8.668473628116088497e-25
2.985659673124544611e+01 8.647410347325600768e-25
3.008926992789260524e+01 8.626671661922133308e-25
3.032375635251500157e+01 8.606249273341463771e-25
3.056007013564306618e+01 8.586135153669167460e-25
3.079822551792681296e+01 8.566321536975723365e-25
3.103823685099403207e+01 8.546800908457537964e-25
3.128011859831505959e+01 8.527565996846836970e-25
3.152388533607441090e+01 8.508609765000062468e-25
3.176955175404921761e+01 8.489925401563546334e-25
3.201713265649436124e+01 8.471506313357322541e-25
3.226664296303464141e+01 8.453346117177633635e-25
3.251809770956392498e+01 8.435438632882496640e-25
3.277151204915110583e+01 8.417777875791463514e-25
3.302690125295332990e+01 8.400358050155340447e-25
3.328428071113629017e+01 8.383173542272909872e-25
3.354366593380158434e+01 8.366218914303407389e-25
3.380507255192139837e+01 8.349488898214659905e-25
3.406851631828053684e+01 8.332978389519480524e-25
3.433401310842558019e+01 8.316682442088039322e-25
3.460157892162165183e+01 8.300596262247812916e-25
3.487122988181658201e+01 8.284715203857723147e-25
3.514298223861248260e+01 8.269034762877198891e-25
3.541685236824501004e+01 8.253550572961747501e-25
3.569285677457028783e+01 8.238258400334847846e-25
3.597101209005933953e+01 8.223154139391223073e-25
3.625133507680045142e+01 8.208233808512559188e-25
3.653384262750932976e+01 8.193493545543495652e-25
3.681855176654698880e+01 8.178929604080753189e-25
3.710547965094568923e+01 8.164538349296686844e-25
3.739464357144293416e+01 8.150316254371691852e-25
3.768606095352331664e+01 8.136259896804887988e-25
3.797974935846865918e+01 8.122365954827274874e-25
3.827572648441636005e+01 8.108631204228923041e-25
3.857401016742574740e+01 8.095052515004432635e-25
3.887461838255303803e+01 8.081626848213136581e-25
3.917756924493453852e+01 8.068351252980318981e-25
3.948288101087822355e+01 8.055222863652319507e-25
3.979057207896390480e+01 8.042238896941144659e-25
4.010066099115206129e+01 8.029396649273686687e-25
4.041316643390103280e+01 8.016693494067855213e-25
4.072810723929327992e+01 8.004126879370919092e-25
4.104550238617008517e+01 7.991694325325835780e-25
4.136537100127531374e+01 7.979393421929256672e-25
4.168773236040807717e+01 7.967221826711643090e-25
4.201260588958419362e+01 7.955177262535067605e-25
4.234001116620692784e+01 7.943257515607269607e-25
4.266996792024676921e+01 7.931460433358453522e-25
4.300249603543031185e+01 7.919783922501041719e-25
4.333761555043851388e+01 7.908225947209837521e-25
4.367534666011432876e+01 7.896784527204984018e-25
4.401570971667955945e+01 7.885457736112758320e-25
4.435872523096138309e+01 7.874243699647475764e-25
4.470441387362842534e+01 7.863140594083036860e-25
4.505279647643626362e+01 7.852146644581632381e-25
4.540389403348287800e+01 7.841260123762691026e-25
4.575772770247383647e+01 7.830479350148424982e-25
4.611431880599715782e+01 7.819802686799184751e-25
4.647368883280831398e+01 7.809228539906848839e-25
4.683585943912525096e+01 7.798755357501422728e-25
4.720085244993330065e+01 7.788381628130495867e-25
4.756868986030042379e+01 7.778105879662765672e-25
4.793939383670277010e+01 7.767926678077546496e-25
4.831298671836032099e+01 7.757842626298633322e-25
4.868949101858314776e+01 7.747852363123996703e-25
4.906892942612816455e+01 7.737954562090957764e-25
4.945132480656627649e+01 7.728147930491238729e-25
4.983670020366032816e+01 7.718431208326110073e-25
5.022507884075386642e+01 7.708803167363820378e-25
5.061648412217044779e+01 7.699262610191702483e-25
5.101093963462410130e+01 7.689808369308161956e-25
5.140846914864078343e+01 7.680439306246700539e-25
5.180909661999065463e+01 7.671154310754686407e-25
5.221284619113180980e+01 7.661952299933931881e-25
5.261974219266517139e+01 7.652832217489251321e-25
5.302980914480057351e+01 7.643793032938969725e-25
5.344307175883443506e+01 7.634833740901304913e-25
5.385955493863902177e+01 7.625953360351222747e-25
5.427928378216299166e+01 7.617150933968384907e-25
5.470228358294394866e+01 7.608425527438245868e-25
5.512857983163273445e+01 7.599776228830140164e-25
5.555819821752935184e+01 7.591202147962713804e-25
5.599116463013128708e+01 7.582702415812082151e-25
5.642750516069339994e+01 7.574276183917035292e-25
5.686724610380037603e+01 7.565922623836405048e-25
5.731041395895132240e+01 7.557640926584167390e-25
5.775703543215650626e+01 7.549430302125302300e-25
5.820713743754681246e+01 7.541289978850071368e-25
5.866074709899567097e+01 7.533219203091106350e-25
5.911789175175346145e+01 7.525217238656696580e-25
5.957859894409484980e+01 7.517283366358602997e-25
6.004289643897896411e+01 7.509416883571342347e-25
6.051081221572227520e+01 7.501617103810950627e-25
6.098237447168475001e+01 7.493883356315615364e-25
6.145761162396918564e+01 7.486214985646821209e-25
6.193655231113346105e+01 7.478611351294742903e-25
6.241922539491645239e+01 7.471071827317472288e-25
6.290565996197736354e+01 7.463595801963195142e-25
6.339588532564837209e+01 7.456182677337724633e-25
6.388993102770116650e+01 7.448831869051886085e-25
6.438782684012728907e+01 7.441542805900028449e-25
6.488960276693207163e+01 7.434314929543651938e-25
6.539528904594276071e+01 7.427147694210121484e-25
6.590491615063088204e+01 7.420040566390257031e-25
6.641851479194833985e+01 7.412993024558710072e-25
6.693611592017829537e+01 7.406004558897896956e-25
6.745775072680027051e+01 7.399074671028756502e-25
6.798345064636970392e+01 7.392202873754097336e-25
6.851324735841228630e+01 7.385388690813296102e-25
6.904717278933314617e+01 7.378631656638816760e-25
6.958525911434054478e+01 7.371931316127909383e-25
7.012753875938497572e+01 7.365287224411352763e-25
7.067404440311324265e+01 7.358698946647920147e-25
7.122480897883757223e+01 7.352166057806686859e-25
7.177986567652027361e+01 7.345688142466738929e-25
7.233924794477398734e+01 7.339264794627414317e-25
7.290298949287712560e+01 7.332895617516361220e-25
7.347112429280528545e+01 7.326580223406874518e-25
7.404368658127866354e+01 7.320318233447686021e-25
7.462071086182491797e+01 7.314109277490670984e-25
7.520223190685867110e+01 7.307952993928509577e-25
7.578828475977674373e+01 7.301849029538932967e-25
7.637890473707000183e+01 7.295797039333360974e-25
7.697412743045173045e+01 7.289796686408921101e-25
7.757398870900217958e+01 7.283847641811855179e-25
7.817852472133024833e+01 7.277949584398008388e-25
7.878777189775192369e+01 7.272102200706195456e-25
7.940176695248545968e+01 7.266305184828382917e-25
8.002054688586392217e+01 7.260558238295589022e-25
8.064414898656497144e+01 7.254861069954432949e-25
8.127261083385778306e+01 7.249213395860993180e-25
8.190597029986767552e+01 7.243614939171530602e-25
8.254426555185850134e+01 7.238065430038569298e-25
8.318753505453241814e+01 7.232564605513831939e-25
8.383581757234797749e+01 7.227112209451821694e-25
8.448915217185621884e+01 7.221707992420035587e-25
8.514757822405468346e+01 7.216351711610742725e-25
8.581113540676001605e+01 7.211043130758581225e-25
8.647986370699926795e+01 7.205782020059917470e-25
8.715380342341917697e+01 7.200568156095438880e-25
8.783299516871490198e+01 7.195401321759602216e-25
8.851747987207740209e+01 7.190281306189596068e-25
8.920729878165977311e+01 7.185207904698557161e-25
8.990249346706292499e+01 7.180180918712998244e-25
9.060310582184085604e+01 7.175200155713415314e-25
9.130917806602495546e+01 7.170265429175790248e-25
9.202075274866830057e+01 7.165376558518643042e-25
9.273787275041000555e+01 7.160533369051844547e-25
9.346058128605885429e+01 7.155735691927287945e-25
9.418892190719775215e+01 7.150983364095117203e-25
9.492293850480828610e+01 7.146276228259716743e-25
9.566267531191542162e+01 7.141614132839502191e-25
9.640817690625316061e+01 7.136996931930761986e-25
9.715948821295106086e+01 7.132424485271752456e-25
9.791665450724114805e+01 7.127896658210784066e-25
9.867972141718647094e+01 7.123413321676336310e-25
9.944873492643085910e+01 7.118974352150668781e-25
1.002237413769696843e+02 7.114579631644066823e-25
1.010047874719425067e+02 7.110229047672748669e-25
1.017919202784478472e+02 7.105922493239152951e-25
1.025851872303792192e+02 7.101659866814801275e-25
1.033846361312837132e+02 7.097441072324463029e-25
1.041903151572423241e+02 7.093266019133728205e-25
1.050022728597737967e+02 7.089134622039226913e-25
1.058205581687600016e+02 7.085046801259844406e-25
1.066452203953943325e+02 7.081002482431619610e-25
1.074763092351537921e+02 7.077001596605087409e-25
1.083138747707935323e+02 7.073044080243812951e-25
1.091579674753644582e+02 7.069129875226943753e-25
1.100086382152555871e+02 7.065258928853180672e-25
1.108659382532589319e+02 7.061431193848256066e-25
1.117299192516584156e+02 7.057646628374159590e-25
1.126006332753437249e+02 7.053905196041955675e-25
1.134781327949475127e+02 7.050206865926953835e-25
1.143624706900070578e+02 7.046551612587176785e-25
1.152537002521514893e+02 7.042939416084561581e-25
1.161518751883129568e+02 7.039370262010093162e-25
1.170570496239626834e+02 7.035844141511574485e-25
1.179692781063733946e+02 7.032361051326284144e-25
1.188886156079060470e+02 7.028920993816387220e-25
1.198151175293222082e+02 7.025523977009892995e-25
1.207488397031233518e+02 7.022170014644876497e-25
1.216898383969149506e+02 7.018859126220758523e-25
1.226381703167970159e+02 7.015591337053095616e-25
1.235938926107819071e+02 7.012366678336354215e-25
1.245570628722379070e+02 7.009185187212323511e-25
1.255277391433594403e+02 7.006046906847631032e-25
1.265059799186655596e+02 7.002951886518490279e-25
1.274918441485245921e+02 6.999900181706192189e-25
1.284853912427061289e+02 6.996891854204146753e-25
1.294866810739619325e+02 6.993926972236767745e-25
1.304957739816336186e+02 6.991005610593693048e-25
1.315127307752884178e+02 6.988127850781544648e-25
1.325376127383843823e+02 6.985293781194501138e-25
1.335704816319631050e+02 6.982503497308509576e-25
1.346113996983710308e+02 6.979757101903106791e-25
1.356604296650112076e+02 6.977054705314761367e-25
1.367176347481229470e+02 6.974396425728554200e-25
1.377830786565907033e+02 6.971782389515219365e-25
1.388568255957844144e+02 6.969212731622661789e-25
1.399389402714279811e+02 6.966687596033367822e-25
1.410294878934981853e+02 6.964207136300750244e-25
1.421285341801552420e+02 6.961771516183641549e-25
1.432361453617025404e+02 6.959380910398830732e-25
1.443523881845774781e+02 6.957035505521013499e-25
1.454773299153745256e+02 6.954735501065698990e-25
1.466110383448984180e+02 6.952481110799916285e-25
1.477535817922487809e+02 6.950272564340849068e-25
1.489050291089381517e+02 6.948110109119961794e-25
1.500654496830406970e+02 6.945994012813775984e-25
1.512349134433729603e+02 6.943924566378080122e-25
1.524134908637090291e+02 6.941902087865755311e-25
1.536012529670268520e+02 6.939926927276482927e-25
1.547982713297877240e+02 6.937999472775937171e-25
1.560046180862505310e+02 6.936120158751658163e-25
1.572203659328182255e+02 6.934289476367616430e-25
1.584455881324181519e+02 6.932507987553559956e-25
1.596803585189179557e+02 6.930776343789080547e-25
1.609247515015744341e+02 6.929095311679982259e-25
1.621788420695170316e+02 6.927465808317534430e-25
1.634427057962678873e+02 6.925888950988915545e-25
1.647164188442954185e+02 6.924366128368931987e-25
1.660000579696035743e+02 6.922899104592026518e-25
1.672937005263582364e+02 6.921490174931637799e-25
1.685974244715482087e+02 6.920142404790112050e-25
1.699113083696825299e+02 6.918860007544941025e-25
1.712354313975259004e+02 6.917648962446203960e-25
1.725698733488695211e+02 6.916518065420596664e-25
1.739147146393390528e+02 6.915480800148350878e-25
1.752700363112416539e+02 6.914558857401093928e-25
1.766359200384491714e+02 6.913789210049089866e-25
1.780124481313194451e+02 6.913239561874713316e-25
1.793997035416574590e+02 6.913045846552201643e-25
1.807977698677136971e+02 6.913517035784528227e-25
1.822067313592213509e+02 6.915492690313741457e-25
1.836266729224743983e+02 6.922005511568876390e-25
1.850576801254436248e+02 6.952083373423393971e-25
1.864998392029326340e+02 7.939123756717711288e-25
1.879532370617755248e+02 7.017324393173117346e-25
1.894179612860732789e+02 6.924036968454129822e-25
1.908941001424721833e+02 6.911256603022443539e-25
1.923817425854821010e+02 6.906985750715591645e-25
1.938809782628381413e+02 6.904913000985498189e-25
1.953918975209024325e+02 6.903675060198783480e-25
1.969145914101080166e+02 6.902840575435684219e-25
1.984491516904466835e+02 6.902239428319393618e-25
1.999956708369982152e+02 6.901794068260270944e-25
2.015542420455023489e+02 6.901465339764144550e-25
2.031249592379760713e+02 6.901231937569566310e-25
2.047079170683730354e+02 6.901081608988669484e-25
2.063032109282868873e+02 6.901007018942898329e-25
2.079109369527008937e+02 6.901003657439476074e-25
2.095311920257806548e+02 6.901068714949144452e-25
2.111640737867118389e+02 6.901200446974462091e-25
2.128096806355852948e+02 6.901397799522699744e-25
2.144681117393262753e+02 6.901660180222570080e-25
2.161394670376696752e+02 6.901987313997865146e-25
2.178238472491838138e+02 6.902379149533811691e-25
2.195213538773393793e+02 6.902835797183310426e-25
2.212320892166253827e+02 6.903357486855033654e-25
2.229561563587150204e+02 6.903944538906089464e-25
2.246936591986774658e+02 6.904597343678920557e-25
2.264447024412380358e+02 6.905316346895690515e-25
2.282093916070892590e+02 6.906102039090735603e-25
2.299878330392489829e+02 6.906954947871610465e-25
2.317801339094681907e+02 6.907875632191172315e-25
2.335864022246906018e+02 6.908864678066278981e-25
2.354067468335608453e+02 6.909922695353258212e-25
2.372412774329828551e+02 6.911050315301269547e-25
2.390901045747320666e+02 6.912248188686814986e-25
2.409533396721166127e+02 6.913516984383785013e-25
2.428310950066905889e+02 6.914857388266941848e-25
2.447234837350216878e+02 6.916270102368695110e-25
2.466306198955096249e+02 6.917755844232680940e-25
2.485526184152573421e+02 6.919315346421137113e-25
2.504895951169983448e+02 6.920949356141352060e-25
2.524416667260755673e+02 6.922658634968153606e-25
2.544089508774746662e+02 6.924443958641238135e-25
2.563915661229143552e+02 6.926306116923524439e-25
2.583896319379898614e+02 6.928245913508436598e-25
2.604032687293719732e+02 6.930264165966735821e-25
2.624325978420643537e+02 6.932361705726418578e-25
2.644777415667152241e+02 6.934539378079084468e-25
2.665388231469862035e+02 6.936798042209195009e-25
2.686159667869804935e+02 6.939138571242145851e-25
2.707092976587269959e+02 6.941561852308428557e-25
2.728189419097225255e+02 6.944068786622114144e-25
2.749450266705351851e+02 6.946660289571506651e-25
2.770876800624648695e+02 6.949337290821610429e-25
2.792470312052630561e+02 6.952100734425696502e-25
2.814232102249154082e+02 6.954951578948633954e-25
2.836163482614826989e+02 6.957890797598823568e-25
2.858265774770025587e+02 6.960919378370485898e-25
2.880540310634554544e+02 6.964038324197142267e-25
2.902988432507903553e+02 6.967248653116611928e-25
2.925611493150125284e+02 6.970551398449269351e-25
2.948410855863375559e+02 6.973947608992718946e-25
2.971387894574056077e+02 6.977438349234182099e-25
2.994543993915602869e+02 6.981024699587108570e-25
3.017880549311942673e+02 6.984707756654778346e-25
3.041398967061576855e+02 6.988488633531563397e-25
3.065100664422314480e+02 6.992368460148847191e-25
3.088987069696701724e+02 6.996348383681909209e-25
3.113059622318079391e+02 7.000429569035604314e-25
3.137319772937320295e+02 7.004613199434991719e-25
3.161768983510263524e+02 7.008900477158829695e-25
3.186408727385806401e+02 7.013292624468282222e-25
3.211240489394681958e+02 7.017790884807605658e-25
3.236265765938954928e+02 7.022396524389376336e-25
3.261486065082187338e+02 7.027110834334126304e-25
3.286902906640310107e+02 7.031935133623218189e-25
3.312517822273226216e+02 7.036870773272111880e-25
3.338332355577101112e+02 7.041919142377966128e-25
3.364348062177374459e+02 7.047081677125301883e-25
3.390566509822522789e+02 7.052359874602622395e-25
3.416989278478527012e+02 7.057755314721756262e-25
3.443617960424069793e+02 7.063269696336342981e-25
3.470454160346512253e+02 7.068904899437725774e-25
3.497499495438582926e+02 7.074663097956624682e-25
3.524755595495823854e+02 7.080546977519654798e-25
3.552224103014823982e+02 7.086560189404130658e-25
3.579906673292189225e+02 7.092708393723512564e-25
3.607804974524281647e+02 7.099001984616553221e-25
3.635920687907769207e+02 7.105464595246946813e-25
3.664255507740929261e+02 7.112167787877472251e-25
3.692811141525733660e+02 7.119456932631460792e-25
3.721589310070772285e+02 7.132954578842201215e-25
3.750591747594938852e+02 7.140313065748000718e-25
3.779820201831925033e+02 7.139631615699738846e-25
3.809276434135567797e+02 7.146319438654319276e-25
3.838962219585976641e+02 7.153517358496587957e-25
3.868879347096493007e+02 7.160929045180049480e-25
3.899029619521515997e+02 7.168505274133382194e-25
3.929414853765134694e+02 7.176233881374714355e-25
3.960036880890602902e+02 7.184111732619820960e-25
3.990897546230708599e+02 7.192138574216215637e-25
4.021998709498963649e+02 7.200315251118233963e-25
4.053342244901661502e+02 7.208643087081641116e-25
4.084930041250843828e+02 7.217123639205999680e-25
4.116764002078110138e+02 7.225758590811958534e-25
4.148846045749318137e+02 7.234549701048694408e-25
4.181178105580209490e+02 7.243498779746280222e-25
4.213762129952903024e+02 7.252607674265282843e-25
4.246600082433295711e+02 7.261878262365557730e-25
4.279693941889414077e+02 7.271312448230909794e-25
4.313045702610652938e+02 7.280912160214399723e-25
4.346657374427940113e+02 7.290679349550279516e-25
4.380530982834878273e+02 7.300615989625607511e-25
4.414668569109793452e+02 7.310724075582523546e-25
4.449072190438729422e+02 7.321005624121916604e-25
4.483743920039445356e+02 7.331462673431197117e-25
4.518685847286337207e+02 7.342097283192201244e-25
4.553900077836335072e+02 7.352911534642282600e-25
4.589388733755817498e+02 7.363907530674400091e-25
4.625153953648480751e+02 7.375087395967786965e-25
4.661197892784197165e+02 7.386453277147529681e-25
4.697522723228924519e+02 7.398007342974784021e-25
4.734130633975585738e+02 7.409751784573287334e-25
4.771023831075963244e+02 7.421688815702937405e-25
4.808204537773672200e+02 7.433820673095615574e-25
4.845674994638119415e+02 7.446149616878917553e-25
4.883437459699508736e+02 7.458677931122802384e-25
4.921494208584945795e+02 7.471407924564796221e-25
4.959847534655552863e+02 7.484341931597654634e-25
4.998499749144658608e+02 7.497482313652778023e-25
5.037453181297104834e+02 7.510831461193709535e-25
5.076710178509595153e+02 7.524391796677079515e-25
5.116273106472139034e+02 7.538165779097215443e-25
5.156144349310642383e+02 7.552155911218967858e-25
5.196326309730563935e+02 7.566364751578835440e-25
5.236821409161686915e+02 7.580794935377560596e-25
5.277632087904075888e+02 7.595449213011862654e-25
5.318760805275113626e+02 7.610330526316913300e-25
5.360210039757685081e+02 7.625442173415869871e-25
5.401982289149573262e+02 7.640788208888795121e-25
5.444080070713953319e+02 7.656374582248624644e-25
5.486505921331101945e+02 7.672213231255560192e-25
5.529262397651248193e+02 7.688343864684664675e-25
5.572352076248678259e+02 7.705115340987096704e-25
5.615777553776983950e+02 7.724474901148439407e-25
5.659541447125526474e+02 7.737742259474541895e-25
5.703646393577165554e+02 7.754728380294615526e-25
5.748095050967175439e+02 7.772007579917961518e-25
5.792890097843385320e+02 7.789544574489781160e-25
5.838034233627633967e+02 7.807338783595500558e-25
5.883530178778419213e+02 7.825392746068336571e-25
5.929380674954823007e+02 7.843709423842013702e-25
5.975588485181762053e+02 7.862291826200951437e-25
6.022156394016473087e+02 7.881142955092183109e-25
6.069087207716299872e+02 7.900265804473736230e-25
6.116383754407836477e+02 7.919663367580363060e-25
6.164048884257337022e+02 7.939338643621465184e-25
6.212085469642455564e+02 7.959294642768179718e-25
6.260496405325370688e+02 7.979534389689297542e-25
6.309284608627218631e+02 8.000060926050965812e-25
6.358453019603869052e+02 8.020877312315304519e-25
6.408004601223141208e+02 8.041986629078209060e-25
6.457942339543335493e+02 8.063391978113750336e-25
6.508269243893156499e+02 8.085096483247287872e-25
6.558988347053104917e+02 8.107103291152454075e-25
6.610102705438212070e+02 8.129415572159728119e-25
6.661615399282209182e+02 8.152036521169435061e-25
6.713529532823184809e+02 8.174969358789160610e-25
6.765848234490631512e+02 8.198217332870920283e-25
6.818574657093947735e+02 8.221783720729612046e-25
6.871711978012478994e+02 8.245671832528153515e-25
6.925263399386961964e+02 8.269885016712330495e-25
6.979232148312477193e+02 8.294426669207721516e-25
7.033621477032955909e+02 8.319300249906221002e-25
7.088434663137147709e+02 8.344509314305471647e-25
7.143675009756112786e+02 8.370057579563519488e-25
7.199345845762311455e+02 8.395949078255481601e-25
7.255450525970192075e+02 8.422188573443935003e-25
7.311992431338331926e+02 8.448782950824472965e-25
7.368974969173224281e+02 8.475747908131697367e-25
7.426401573334585464e+02 8.503178653530789607e-25
7.484275704442266033e+02 8.531495944405277333e-25
7.542600850084832018e+02 8.558545228631127135e-25
7.601380525029715045e+02 8.586941615894036094e-25
7.660618271434990447e+02 8.615698858943921241e-25
7.720317659062886833e+02 8.644824857182195357e-25
7.780482285494875896e+02 8.674325582435565957e-25
7.841115776348444797e+02 8.704205746165089655e-25
7.902221785495635231e+02 8.734469593493812925e-25
7.963803995283201402e+02 8.765121159322171686e-25
8.025866116754493760e+02 8.796164046654499057e-25
8.088411889873140126e+02 8.827602515258625842e-25
8.151445083748395746e+02 8.859440301671966926e-25
8.214969496862253209e+02 8.891681272692145135e-25
8.278988957298396372e+02 8.924329310757968067e-25
8.343507322972856173e+02 8.957388316355587883e-25
8.408528481866477478e+02 8.990862211368103688e-25
8.474056352259257210e+02 9.024754941996440908e-25
8.540094882966449177e+02 9.059070481627311391e-25
8.606648053576492430e+02 9.093812834191396893e-25
8.673719874690885945e+02 9.128986038783300850e-25
8.741314388165844775e+02 9.164594176882894868e-25
8.809435667355842270e+02 9.200641384841259920e-25
8.878087817359131577e+02 9.237131877535952633e-25
8.947274975265096373e+02 9.274069997773515543e-25
9.017001310403536536e+02 9.311460332403550935e-25
9.087271024595964946e+02 9.349308032033753702e-25
9.158088352408796027e+02 9.387619923551442883e-25
9.229457561408497668e+02 9.426410300137937304e-25
9.301382952418814511e+02 9.465783926647156527e-25
9.373868859779920513e+02 9.505171197863748153e-25
9.446919651609578068e+02 9.545416753038603130e-25
9.520539730066429911e+02 9.586098493028331237e-25
9.594733531615247557e+02 9.627254727560469807e-25
9.669505527294256808e+02 9.668896626739724877e-25
9.744860222984621032e+02 9.711030627350901282e-25
9.820802159681948069e+02 9.753661981513113867e-25
9.897335913769907165e+02 9.796795548555109114e-25
9.974466097296069620e+02 9.840436040215698257e-25
1.005219735824979466e+03 9.884588114195559682e-25
1.013053438084235040e+03 9.929256415683518267e-25
1.020948188578914824e+03 9.974445598318291262e-25
1.028904463059428053e+03 1.002016033632618010e-24
1.036922740983718768e+03 1.006640533296538834e-24
1.045003505546155566e+03 1.011318532810759107e-24
1.053147243706655672e+03 1.016050510733307633e-24
1.061354446220027512e+03 1.020836951591934642e-24
1.069625607665539974e+03 1.025678348464816702e-24
1.077961226476733827e+03 1.030575208490088459e-24
1.086361804971455058e+03 1.035528066536747708e-24
1.094827849382121485e+03 1.040537526359945601e-24
1.103359869886236311e+03 1.045604427162943195e-24
1.111958380637128130e+03 1.050731040968693613e-24
1.120623899794932186e+03 1.056484747610018300e-24
1.129356949557821736e+03 1.061138342064964691e-24
1.138158056193473385e+03 1.066439628480970241e-24
1.147027750070777074e+03 1.071798324178598887e-24
1.155966565691804135e+03 1.077216410069098797e-24
1.164975041724014091e+03 1.082694714352859989e-24
1.174053721032711564e+03 1.088233866165457242e-24
1.183203150713767400e+03 1.093834439707851087e-24
1.192423882126584203e+03 1.099496991177426287e-24
1.201716470927318369e+03 1.105222071368195315e-24
1.211081477102371991e+03 1.111010230937977131e-24
1.220519465002135348e+03 1.116862023090577568e-24
1.230031003374991315e+03 1.122778005366561476e-24
1.239616665401596720e+03 1.128758741404326022e-24
1.249277028729419499e+03 1.134804803529148115e-24
1.259012675507545055e+03 1.140916851855033497e-24
1.268824192421763883e+03 1.147095469915931261e-24
1.278712170729924765e+03 1.153341289669621265e-24
1.288677206297558541e+03 1.159655216325727762e-24
1.298719899633795194e+03 1.166039696591309902e-24
1.308840855927546954e+03 1.172453424334017781e-24
1.319040685083974950e+03 1.178997980946071596e-24
1.329320001761249159e+03 1.185589720868211657e-24
1.339679425407587132e+03 1.192250662341661555e-24
1.350119580298576466e+03 1.198982390522174457e-24
1.360641095574804922e+03 1.205785741090049337e-24
1.371244605279767711e+03 1.212661413552781519e-24
1.381930748398072865e+03 1.219610070807679762e-24
1.392700168893955606e+03 1.226632365762794586e-24
1.403553515750080123e+03 1.233728950925642605e-24
1.414491443006643976e+03 1.240900482999924843e-24
1.425514609800801281e+03 1.248147626260552113e-24
1.436623680406377389e+03 1.255471056920607448e-24
1.447819324273896427e+03 1.262871472107164927e-24
1.459102216070931036e+03 1.270349615095833720e-24
1.470473035722754730e+03 1.277906372898795007e-24
1.481932468453311458e+03 1.285543425999435789e-24
1.493481204826516205e+03 1.293327124722466312e-24
1.505119940787866653e+03 1.301044090047903643e-24
1.516849377706375208e+03 1.308922553318366231e-24
1.528670222416845718e+03 1.316881128834233227e-24
1.540583187262463071e+03 1.324921794444254447e-24
1.552588990137714973e+03 1.333045520185563096e-24
1.564688354531663890e+03 1.341253122860430850e-24
1.576882009571540493e+03 1.349545562951613603e-24
1.589170690066676798e+03 1.357923625142886197e-24
1.601555136552796966e+03 1.366387892459122158e-24
1.614036095336638937e+03 1.374939151248154233e-24
1.626614318540922113e+03 1.383578205649118512e-24
1.639290564149681586e+03 1.392305896045985189e-24
1.652065596053941363e+03 1.401123164127985289e-24
1.664940184097741849e+03 1.410031432490821113e-24
1.677915104124541813e+03 1.419042914772873834e-24
1.690991138023968006e+03 1.428110706711995532e-24
1.704169073778926304e+03 1.437295692375902058e-24
1.717449705513098706e+03 1.446572094159801740e-24
1.730833833538792760e+03 1.455942376862797938e-24
1.744322264405163878e+03 1.465407664701755268e-24
1.757915810946830561e+03 1.474968912221714888e-24
1.771615292332851595e+03 1.484627038671961828e-24
1.785421534116085240e+03 1.494382960062522761e-24
1.799335368282948593e+03 1.504237602180179854e-24
1.813357633303549846e+03 1.514191912748509649e-24
1.827489174182209808e+03 1.524246889205985109e-24
1.841730842508394517e+03 1.534403692285419688e-24
1.856083496508025974e+03 1.544664608754855589e-24
1.870548001095203745e+03 1.555005914424221677e-24
1.885125227924318551e+03 1.565485806450269544e-24
1.899816055442591278e+03 1.576058714444024692e-24
1.914621368943003745e+03 1.586737174073246768e-24
1.929542060617641937e+03 1.597522761791924864e-24
1.944579029611473061e+03 1.608416634530080435e-24
1.959733182076522326e+03 1.619419956742335822e-24
1.975005431226475366e+03 1.630535565780968449e-24
1.990396697391719727e+03 1.641762710901307612e-24
2.005907908074800844e+03 1.653102522054031051e-24
2.021539998006308224e+03 1.664556232266084841e-24
2.037293909201216138e+03 1.676125607633033233e-24
2.053170591015644732e+03 1.687853592532497205e-24
2.069171000204064057e+03 1.699604434210639581e-24
2.085296100976960588e+03 1.711525210521036748e-24
2.101546865058938693e+03 1.723564214323479066e-24
2.117924271747268904e+03 1.735723488277938278e-24
2.134429307970916398e+03 1.748004397795286844e-24
2.151062968350008305e+03 1.760408218542860770e-24
2.167826255255764409e+03 1.772936219968164150e-24
2.184720178870914424e+03 1.785589696700235470e-24
2.201745757250567294e+03 1.798370018248716725e-24
2.218904016383554790e+03 1.811278879446420497e-24
2.236195990254269873e+03 1.824324228492973166e-24
2.253622720904973448e+03 1.837478041337606504e-24
2.271185258498579060e+03 1.850779833456667907e-24
2.288884661381954174e+03 1.864213378781330445e-24
2.306721996149688039e+03 1.877781287902556155e-24
2.324698337708362033e+03 1.891485155203180048e-24
2.342814769341337978e+03 1.905326466929115557e-24
2.361072382774031212e+03 1.919306708431205862e-24
2.379472278239693878e+03 1.933427412474121064e-24
2.398015564545729376e+03 1.947690290696753579e-24
2.416703359140505199e+03 1.962098688674462045e-24
2.435536788180683743e+03 1.976639222292844031e-24
2.454516986599102438e+03 1.991339957616829061e-24
2.473645098173158203e+03 2.006185504562524051e-24
2.492922275593724407e+03 2.021180222584414693e-24
2.512349680534632625e+03 2.036326008233410940e-24
2.531928483722665987e+03 2.051624588323925604e-24
2.551659865008103225e+03 2.067077688584845445e-24
2.571545013435832971e+03 2.082687110389524512e-24
2.591585127317000570e+03 2.098455038120256036e-24
2.611781414301211498e+03 2.114403390332572628e-24
2.632135091449321862e+03 2.130465058142095388e-24
2.652647385306774140e+03 2.146717504017598815e-24
2.673319531977500901e+03 2.163134074487033158e-24
2.694152777198432432e+03 2.179717311986688029e-24
2.715148376414555969e+03 2.196469236984660912e-24
2.736307594854566105e+03 2.213391833784470778e-24
2.757631707607123190e+03 2.230487164783624734e-24
2.779121999697685624e+03 2.247757757796873830e-24
2.800779766165938327e+03 2.265138096166752150e-24
2.822606312143850573e+03 2.282824307381394809e-24
2.844602952934317727e+03 2.300630549269980646e-24
2.866771014090414610e+03 2.318618884436944897e-24
2.889111831495292336e+03 2.336791934115506155e-24
2.911626751442673140e+03 2.355151984275750937e-24
2.934317130717970031e+03 2.373701333774791509e-24
2.957184336680067190e+03 2.392442514687443182e-24
2.980229747343711097e+03 2.411382363209277297e-24
3.003454751462540571e+03 2.430502859712977107e-24
3.026860748612797124e+03 2.449832947105687986e-24
3.050449149277652850e+03 2.469362680842504860e-24
3.074221374932201797e+03 2.489095374014903275e-24
3.098178858129137552e+03 2.509033649049640384e-24
3.122323042585072017e+03 2.529180127266345370e-24
3.146655383267527668e+03 2.549537755119542375e-24
3.171177346482633311e+03 2.570134739139404707e-24
3.195890409963478305e+03 2.590890095707742776e-24
3.220796062959153005e+03 2.611895452228647489e-24
3.245895806324512705e+03 2.633121378398126039e-24
3.271191152610610516e+03 2.654571154750606279e-24
3.296683626155838283e+03 2.676247729774472880e-24
3.322374763177804653e+03 2.698154177878505721e-24
3.348266111865900257e+03 2.720295500556258597e-24
3.374359232474582768e+03 2.742662566107946439e-24
3.400655697417423198e+03 2.765276689947602836e-24
3.427157091361845232e+03 2.788130957770214971e-24
3.453865011324629904e+03 2.811229622914254645e-24
3.480781066768138317e+03 2.834576030784181616e-24
3.507906879697322438e+03 2.858173623585409286e-24
3.535244084757458495e+03 2.882028080090790653e-24
3.562794329332642974e+03 2.906130110097666292e-24
3.590559273645089434e+03 2.930501227191724218e-24
3.618540590855162463e+03 2.955135533479155947e-24
3.646739967162196990e+03 2.980037461666723949e-24
3.675159101906131582e+03 3.005210762101291030e-24
3.703799707669903000e+03 3.030659483207857771e-24
3.732663510382638378e+03 3.056354454862174300e-24
3.761752249423684134e+03 3.082391882148054452e-24
3.791067677727412502e+03 3.108687503621992293e-24
3.820611561888846154e+03 3.135272682977713552e-24
3.850385682270137295e+03 3.162151733434499634e-24
3.880391833107845287e+03 3.189328946946482161e-24
3.910631822621046013e+03 3.216812708609607901e-24
3.941107473120324357e+03 3.244589430377128095e-24
3.971820621117577048e+03 3.272685477532729583e-24
4.002773117436670418e+03 3.301095430909396202e-24
4.033966827324999485e+03 3.329824271728182946e-24
4.065403630565878302e+03 3.358876753326319013e-24
4.097085421591806153e+03 3.388262132188887297e-24
4.129014109598654613e+03 3.417966251486950876e-24
4.161191618660706808e+03 3.448016686517561303e-24
4.193619887846588426e+03 3.478408443870137609e-24
4.226300871336150522e+03 3.509146948306594299e-24
4.259236538538216337e+03 3.540237595447149261e-24
4.292428874209245805e+03 3.571669393396499943e-24
4.325879878572969574e+03 3.603490183392178152e-24
4.359591567440910694e+03 3.635666225904526837e-24
4.393565972333847640e+03 3.668214295217433816e-24
4.427805140604265034e+03 3.701140185878680367e-24
4.462311135559713875e+03 3.734451155243849137e-24
4.497086036587142189e+03 3.768143559185906832e-24
4.532131939278221580e+03 3.802236618319914059e-24
4.567450955555624205e+03 3.836729073159320347e-24
4.603045213800271085e+03 3.871627644974183545e-24
4.638916858979625431e+03 3.906939147357003256e-24
4.675068052776933655e+03 3.942662969511349210e-24
4.711500973721477749e+03 3.978818132690503106e-24
4.748217817319889036e+03 4.015402319100767208e-24
4.785220796188435088e+03 4.052423648653759336e-24
4.822512140186340730e+03 4.089889440603056412e-24
4.860094096550195900e+03 4.127799919093901960e-24
4.897968930029359399e+03 4.166174730793951706e-24
4.936138923022424024e+03 4.205011799090291076e-24
4.974606375714784917e+03 4.244320055385298484e-24
5.013373606217240194e+03 4.284107769645322653e-24
5.052442950705666590e+03 4.324375704895105651e-24
5.091816763561832886e+03 4.365142333224641082e-24
5.131497417515263805e+03 4.406408687597743469e-24
5.171487303786206212e+03 4.448183618507911054e-24
5.211788832229764921e+03 4.490479449997037916e-24
5.252404431481100801e+03 4.533287635380388917e-24
5.293336549101775745e+03 4.576636042644215613e-24
5.334587651727275443e+03 4.620524929155097245e-24
5.376160225215634455e+03 4.664963636666482613e-24
5.418056774797226353e+03 4.709955042505980872e-24
5.460279825225763489e+03 4.755519687001778125e-24
5.502831920930424531e+03 4.801658112910280386e-24
5.545715626169172538e+03 4.848381361204660893e-24
5.588933525183312668e+03 4.895731211614811008e-24
5.632488222353206766e+03 4.943616441352770453e-24
5.676382342355199398e+03 4.992150175375852824e-24
5.720618530319820820e+03 5.041306614483207845e-24
5.765199451991168644e+03 5.091098497962593724e-24
5.810127793887530970e+03 5.141525383640056927e-24
5.855406263463321011e+03 5.192611201352112877e-24
5.901037589272206787e+03 5.244361062235394918e-24
5.947024521131527763e+03 5.296787196738857569e-24
5.993369830288033882e+03 5.349892695909038204e-24
6.040076309584871524e+03 5.403699552469241786e-24
6.087146773629861855e+03 5.458213954113358545e-24
6.134584058965156146e+03 5.513449941806217876e-24
6.182391024238146201e+03 5.569410285566991001e-24
6.230570550373715378e+03 5.626118766346293942e-24
6.279125540747884770e+03 5.683582321968757792e-24
6.328058921362751789e+03 5.741821161676062408e-24
6.377373641022825723e+03 5.800822692168043504e-24
6.427072671512701163e+03 5.860627551329139160e-24
6.477159007776187536e+03 5.921238712217813011e-24
6.527635668096761037e+03 5.982663724377715366e-24
6.578505694279438103e+03 6.044930435149693603e-24
6.629772151834115903e+03 6.108040942009978884e-24
6.681438130160286164e+03 6.172013178135258314e-24
6.733506742733188730e+03 6.236856192878603327e-24
6.785981127291471239e+03 6.302592852894037631e-24
6.838864446026256701e+03 6.369233547814427719e-24
6.892159885771680820e+03 6.436779464548470638e-24
6.945870658196978184e+03 6.505286006827694828e-24
7.000000000000001819e+03 6.574730976409395710e-24
