3.000000000000000000e+00 5.810996212855508535e-21
3.023379074186677951e+00 5.141704745540045093e-21
3.046940342076630781e+00 4.561977440811319577e-21
3.070685223509894257e+00 4.057669583575980686e-21
3.094615149391351849e+00 3.617272820264300969e-21
3.118731561776963979e+00 3.231343295947422742e-21
3.143035913960669614e+00 2.892071254523256085e-21
3.167529670561962885e+00 2.592952989901475511e-21
3.192214307614152702e+00 2.328537917038218585e-21
3.217091312653314272e+00 2.094231501660348308e-21
3.242162184807927616e+00 1.886140226494785116e-21
3.267428434889215527e+00 1.700948542350108260e-21
3.292891585482193850e+00 1.535820404375185979e-21
3.318553171037419425e+00 1.388319884147602486e-21
3.344414737963458339e+00 1.256346712403543512e-21
3.370477844720079830e+00 1.138083603061804394e-21
3.396744061912168711e+00 1.031952943942642063e-21
3.423214972384368782e+00 9.365809871484966482e-22
3.449892171316475409e+00 8.507680839530885947e-22
3.476777266319557746e+00 7.734638215826643001e-22
3.503871877532837242e+00 7.037461583959780690e-22
3.531177637721321538e+00 6.408038383244810804e-22
3.558696192374196876e+00 5.839215086176764125e-22
3.586429199803984336e+00 5.324670769019302174e-22
3.614378331246479004e+00 4.858809316945420596e-22
3.642545270961456083e+00 4.436667202963789323e-22
3.670931716334169703e+00 4.053834335938754686e-22
3.699539377977637766e+00 3.706385918207030474e-22
3.728369979835728820e+00 3.390823611914834614e-22
3.757425259287050068e+00 3.104024603374283201e-22
3.786706967249639177e+00 2.843197390652322676e-22
3.816216868286484765e+00 2.605843312314247938e-22
3.845956740711859112e+00 2.389722993403586298e-22
3.875928376698477340e+00 2.192827014889932610e-22
3.906133582385504788e+00 2.013350220563135562e-22
3.936574177987393064e+00 1.849669164777344358e-22
3.967251997903568306e+00 1.700322278888835906e-22
3.998168890828979194e+00 1.563992396597839705e-22
4.029326719865498063e+00 1.439491330548215672e-22
4.060727362634198201e+00 1.325746236578301028e-22
4.092372711388496676e+00 1.221787539166875256e-22
4.124264673128191561e+00 1.126738222911769199e-22
4.156405169714378012e+00 1.039804321715855607e-22
4.188796137985258738e+00 9.602664600244852000e-23
4.221439529872867524e+00 8.874723197793793565e-23
4.254337312520692471e+00 8.208299235336634266e-23
4.287491468402215844e+00 7.598016382213625691e-23
4.320903995440390055e+00 7.039046237565056703e-23
4.354576907128027585e+00 6.526924974328529686e-23
4.388512232649141254e+00 6.057572987035692708e-23
4.422712017001222407e+00 5.627305142152337829e-23
4.457178321118484554e+00 5.232762308677793547e-23
4.491913221996044037e+00 4.870880403467236047e-23
4.526918812815098114e+00 4.538862602521834614e-23
4.562197203069056073e+00 4.234154381159000082e-23
4.597750518690657096e+00 3.954421091425635368e-23
4.633580902180091776e+00 3.697527811285991878e-23
4.669690512734105958e+00 3.461521233536643371e-23
4.706081526376117985e+00 3.244613384573741136e-23
4.742756136087351138e+00 3.045166984381365200e-23
4.779716551938987479e+00 2.861682277837691184e-23
4.816965001225343990e+00 2.692785183183615665e-23
4.854503728598102974e+00 2.537216617508649645e-23
4.892334996201570085e+00 2.393822871087838396e-23
4.930461083808994616e+00 2.261546914577970988e-23
4.968884288959960038e+00 2.139420532700858034e-23
5.007606927098831484e+00 2.026557189013956240e-23
5.046631331714285906e+00 1.922145534443544879e-23
5.085959854479939146e+00 1.825443483136686206e-23
5.125594865396055688e+00 1.735772786794550138e-23
5.165538752932373079e+00 1.652514047847720831e-23
5.205793924172026799e+00 1.575102120350531398e-23
5.246362804956618220e+00 1.503021853684679222e-23
5.287247840032386570e+00 1.435804143500413531e-23
5.328451493197543520e+00 1.373022258127468737e-23
5.369976247450735762e+00 1.314288416301779785e-23
5.411824605140684419e+00 1.259250595487028974e-23
5.453999088116976424e+00 1.207589553680861858e-23
5.496502237882029185e+00 1.159016052446870807e-23
5.539336615744256065e+00 1.113268268272143822e-23
5.582504802972412250e+00 1.070109383915856834e-23
5.626009400951136996e+00 1.029325350866968649e-23
5.669853031337731331e+00 9.907228146609608720e-24
5.714038336220133019e+00 9.541271961510358313e-24
5.758567978276136756e+00 9.193809217483085697e-24
5.803444640933850707e+00 8.863417937937073422e-24
5.848671028533408034e+00 8.548814956802273701e-24
5.894249866489925438e+00 8.246336104530063714e-24
5.940183901457753102e+00 7.950731727755737831e-24
5.986475901495984075e+00 7.668404191112272115e-24
6.033128656235260401e+00 7.398475257028258893e-24
6.080144977045891963e+00 7.140147721595220213e-24
6.127527697207263202e+00 6.892697194724489592e-24
6.175279672078572979e+00 6.655464674957431055e-24
6.223403779270908487e+00 6.427849844154005739e-24
6.271902918820651429e+00 6.209305023568843037e-24
6.320780013364233341e+00 5.999329739364543616e-24
6.370038008314270250e+00 5.797465835869254157e-24
6.419679872037050039e+00 5.603293090057328658e-24
6.469708596031408021e+00 5.416425281880806816e-24
6.520127195109008511e+00 5.236506674509220202e-24
6.570938707576019056e+00 5.063208863026529736e-24
6.622146195416195980e+00 4.896227966974567202e-24
6.673752744475415000e+00 4.734963432676764983e-24
6.725761464647628252e+00 4.579315138707652140e-24
6.778175490062257502e+00 4.429210421734391343e-24
6.830997979273086607e+00 4.284420728821515415e-24
6.884232115448578604e+00 4.144731915534052265e-24
6.937881106563702716e+00 4.009942842971566589e-24
6.991948185593272136e+00 3.879864128927383621e-24
7.046436610706736658e+00 3.754317041459490535e-24
7.101349665464545602e+00 3.633132513545190659e-24
7.156690659016025080e+00 3.516150275006182567e-24
7.212462926298772281e+00 3.403218074440872806e-24
7.268669828239636921e+00 3.294190996590871110e-24
7.325314751957265003e+00 3.188930853646732665e-24
7.382401110966188895e+00 3.087305645895753623e-24
7.439932345382551659e+00 2.989189085949202687e-24
7.497911922131407003e+00 2.894460174605430609e-24
7.556343335155633945e+00 2.803002824424266921e-24
7.615230105626504375e+00 2.714705528473171416e-24
7.674575782155860004e+00 2.629461063384338857e-24
7.734383941009959962e+00 2.547166223366755441e-24
7.794658186324999072e+00 2.467721589173880440e-24
7.855402150324295896e+00 2.391031315957619425e-24
7.916619493537168317e+00 2.317002944534763942e-24
7.978313905019535746e+00 2.245547235223334140e-24
8.040489102576222180e+00 2.176578012591574359e-24
8.103148832984988559e+00 2.110012029869018435e-24
8.166296872222336134e+00 2.045768842930291707e-24
8.229937025691045349e+00 1.983770694277039440e-24
8.294073128449483079e+00 1.923942412681185059e-24
8.358709045442731522e+00 1.866211310094630274e-24
8.423848671735486349e+00 1.810507098449103882e-24
8.489495932746768503e+00 1.756761799972704837e-24
8.555654784486495856e+00 1.704909672383558015e-24
8.622329213793868519e+00 1.654887132700516684e-24
8.689523238577617548e+00 1.606632688037189270e-24
8.757240908058138373e+00 1.560086867488540928e-24
8.825486303011505385e+00 1.515192160192570257e-24
8.894263536015376559e+00 1.471892949199814453e-24
8.963576751696830769e+00 1.430135456947832994e-24
9.033430126982132435e+00 1.389867684990908263e-24
9.103827871348423528e+00 1.351039357218916107e-24
9.174774227077424626e+00 1.313601868985597319e-24
9.246273469511047338e+00 1.277508229194431271e-24
9.318329907309045979e+00 1.242713013181436353e-24
9.390947882708687189e+00 1.209172309398967169e-24
9.464131771786378877e+00 1.176843670639580757e-24
9.537885984721404142e+00 1.145686065533518963e-24
9.612214966061698007e+00 1.115659832724736162e-24
9.687123194991649200e+00 1.086726631456521636e-24
9.762615185602044221e+00 1.058849400309780482e-24
9.838695487162103959e+00 1.031992310483623914e-24
9.915368684393603971e+00 1.006120722419613210e-24
9.992639397747167251e+00 9.812011460607219996e-25
1.007051228368071882e+01 9.578497348483026798e-25
1.014899203494005953e+01 9.354046184793608154e-25
1.022808338084167801e+01 9.137674489791734009e-25
1.030779108755775475e+01 8.929113092625967307e-25
1.038811995840335101e+01 8.728101468258007733e-25
1.046907483412588746e+01 8.534387433056147481e-25
1.055066059319685934e+01 8.347726845403273896e-25
1.063288215210579679e+01 8.167883309508835326e-25
1.071574446565655414e+01 7.994627882468813582e-25
1.079925252726591012e+01 7.827738826199194070e-25
1.088341136926445074e+01 7.667001317648412061e-25
1.096822606319983606e+01 7.512207222580047641e-25
1.105370172014243657e+01 7.363154842679005237e-25
1.113984349099330551e+01 7.219648682720003071e-25
1.122665656679461144e+01 7.081499243168157494e-25
1.131414617904242803e+01 6.948522798614633554e-25
1.140231760000200723e+01 6.820541205910010554e-25
1.149117614302551083e+01 6.697381712780177026e-25
1.158072716287217041e+01 6.578876785544348695e-25
1.167097605603098742e+01 6.464863926920677984e-25
1.176192826104595213e+01 6.355185523737774172e-25
1.185358925884374592e+01 6.249688692399884155e-25
1.194596457306404602e+01 6.148225136770221446e-25
1.203905977039241115e+01 6.050651011722263524e-25
1.213288046089569505e+01 5.956826792348161671e-25
1.222743229836014933e+01 5.866617154782462116e-25
1.232272098063213228e+01 5.779890864846342421e-25
1.241875224996144311e+01 5.696520664451590733e-25
1.251553189334737759e+01 5.616383171126762559e-25
1.261306574288748017e+01 5.539358779492581756e-25
1.271135967612895179e+01 5.465331566298430948e-25
1.281041961642286786e+01 5.394189210987125069e-25
1.291025153328114428e+01 5.325822896848972611e-25
1.301086144273622835e+01 5.260127238893189709e-25
1.311225540770366216e+01 5.197000204111938150e-25
1.321443953834745422e+01 5.136343030462421587e-25
1.331741999244825436e+01 5.078060160751264556e-25
1.342120297577444710e+01 5.022059163480757222e-25
1.352579474245614577e+01 4.968250668604498339e-25
1.363120159536203424e+01 4.916548293058777528e-25
1.373742988647920527e+01 4.866868576853764936e-25
1.384448601729596717e+01 4.819130915163824136e-25
1.395237643918756554e+01 4.773257489179461939e-25
1.406110765380496730e+01 4.729173205439614948e-25
1.417068621346669133e+01 4.686805627904376887e-25
1.428111872155361617e+01 4.646084911228507175e-25
1.439241183290693016e+01 4.606943740655278689e-25
1.450457225422918128e+01 4.569317264456408401e-25
1.461760674448840014e+01 4.533143030770967052e-25
1.473152211532542033e+01 4.498360924095622516e-25
1.484632523146438210e+01 4.464913100222483987e-25
1.496202301112636057e+01 4.432743925436255365e-25
1.507862242644633000e+01 4.401799913249262456e-25
1.519613050389326148e+01 4.372029659578149351e-25
1.531455432469357625e+01 4.343383781601023741e-25
1.543390102525788343e+01 4.315814858719512211e-25
1.555417779761100050e+01 4.289277365998747289e-25
1.567539188982537013e+01 4.263727620787677656e-25
1.579755060645786280e+01 4.239123714856671730e-25
1.592066130898992427e+01 4.215425463361581785e-25
1.604473141627120114e+01 4.192594339553665296e-25
1.616976840496664281e+01 4.170593424338425313e-25
1.629577981000701570e+01 4.149387343846980768e-25
1.642277322504298454e+01 4.128942217769865419e-25
1.655075630290274091e+01 4.109225603828525653e-25
1.667973675605313844e+01 4.090206445472164500e-25
1.680972235706447293e+01 4.071855019585593497e-25
1.694072093907889709e+01 4.054142885329437808e-25
1.707274039628241269e+01 4.037042834920262882e-25
1.720578868438059672e+01 4.020528846635792991e-25
1.733987382107807917e+01 4.004576035935179579e-25
1.747500388656161974e+01 3.989160611345661807e-25
1.761118702398708180e+01 3.974259829436878175e-25
1.774843143997016526e+01 3.959851952453503522e-25
1.788674540508091226e+01 3.945916206726715319e-25
1.802613725434210679e+01 3.932432741724639397e-25
1.816661538773160700e+01 3.919382591783622133e-25
1.830818827068848265e+01 3.906747638306982499e-25
1.845086443462317405e+01 3.894510573396405657e-25
1.859465247743164085e+01 3.882654865226125857e-25
1.873956106401342936e+01 3.871164723416567967e-25
1.888559892679387175e+01 3.860025067550553300e-25
1.903277486625032822e+01 3.849221495240116709e-25
1.918109775144246498e+01 3.838740252726153554e-25
1.933057652054675302e+01 3.828568204871240206e-25
1.948122018139512690e+01 3.818692808208849155e-25
1.963303781201774356e+01 3.809102085165029268e-25
1.978603856119007531e+01 3.799784596223123379e-25
1.994023164898425549e+01 3.790729417660377326e-25
2.009562636732463758e+01 3.781926116791355761e-25
2.025223208054777757e+01 3.773364729854810130e-25
2.041005822596676111e+01 3.765035740961079019e-25
2.056911431443985094e+01 3.756930060883153735e-25
2.072940993094369944e+01 3.749039007384271573e-25
2.089095473515089907e+01 3.741354286941904082e-25
2.105375846201209811e+01 3.733867976376095443e-25
2.121783092234269219e+01 3.726572505646142596e-25
2.138318200341397457e+01 3.719460641351638927e-25
2.154982166954898304e+01 3.712525471516993854e-25
2.171775996272300446e+01 3.705760390487038935e-25
2.188700700316866232e+01 3.699159083926769451e-25
2.205757298998579330e+01 3.692715516466086954e-25
2.222946820175610938e+01 3.686423917716445404e-25
2.240270299716252822e+01 3.680278770242221810e-25
2.257728781561344533e+01 3.674274797803616426e-25
2.275323317787184862e+01 3.668406954069005901e-25
2.293054968668926463e+01 3.662670411918297788e-25
2.310924802744472473e+01 3.657060552976013396e-25
2.328933896878871934e+01 3.651572958274946407e-25
2.347083336329205494e+01 3.646203398604697627e-25
2.365374214809989795e+01 3.640947826085270011e-25
2.383807634559089195e+01 3.635802365284737639e-25
2.402384706404131620e+01 3.630763305634653101e-25
2.421106549829451282e+01 3.625827093456413560e-25
2.439974293043556486e+01 3.620990324961887542e-25
2.458989073047107254e+01 3.616249739123809818e-25
2.478152035701439360e+01 3.611602211290530065e-25
2.497464335797616286e+01 3.607044746692899826e-25
2.516927137126014813e+01 3.602574474633830107e-25
2.536541612546457714e+01 3.598188642781883436e-25
2.556308944058897836e+01 3.593884611722299188e-25
2.576230322874638290e+01 3.589659849794648975e-25
2.596306949488122484e+01 3.585511928246686232e-25
2.616540033749279459e+01 3.581438516488914560e-25
2.636930794936425215e+01 3.577437377692904584e-25
2.657480461829742424e+01 3.573506364594450809e-25
2.678190272785330706e+01 3.569643415335630455e-25
2.699061475809826760e+01 3.565846549823288176e-25
2.720095328635613185e+01 3.562113865863554673e-25
2.741293098796615979e+01 3.558443535823468451e-25
2.762656063704679710e+01 3.554833803280561159e-25
2.784185510726555535e+01 3.551282979852161320e-25
2.805882737261472570e+01 3.547789442209471538e-25
2.827749050819322818e+01 3.544351629188150578e-25
2.849785769099460708e+01 3.540968039035694984e-25
2.871994220070099502e+01 3.537637226922960233e-25
2.894375742048341138e+01 3.534357802380825877e-25
2.916931683780831364e+01 3.531128426929430975e-25
2.939663404525025925e+01 3.527947811860605386e-25
2.962572274131109040e+01 3.524814716089974804e-25
2.985659673124544611e+01 3.521727944158855460e-25
3.008926992789260524e+01 3.518686344192990278e-25
3.032375635251500157e+01 3.515688806134960768e-25
3.056007013564306618e+01 3.512734259879861257e-25
3.079822551792681296e+01 3.509821673750248792e-25
3.103823685099403207e+01 3.506950052657590074e-25
3.128011859831505959e+01 3.504118436782396204e-25
3.152388533607441090e+01 3.501325899995345959e-25
3.176955175404921761e+01 3.498571548459544496e-25
3.201713265649436124e+01 3.495854519358223823e-25
3.226664296303464141e+01 3.493173979548554274e-25
3.251809770956392498e+01 3.490529124424601675e-25
3.277151204915110583e+01 3.487919176687999031e-25
3.302690125295332990e+01 3.485343385293652987e-25
3.328428071113629017e+01 3.482801024352162253e-25
3.354366593380158434e+01 3.480291392147614932e-25
3.380507255192139837e+01 3.477813810185479883e-25
3.406851631828053684e+01 3.475367622216850438e-25
3.433401310842558019e+01 3.472952193432895115e-25
3.460157892162165183e+01 3.470566909559401413e-25
3.487122988181658201e+01 3.468211176104420394e-25
3.514298223861248260e+01 3.465884417536569042e-25
3.541685236824501004e+01 3.463586076622344862e-25
3.569285677457028783e+01 3.461315613661213342e-25
3.597101209005933953e+01 3.459072505834133369e-25
3.625133507680045142e+01 3.456856246588511954e-25
3.653384262750932976e+01 3.454666344976701212e-25
3.681855176654698880e+01 3.452502325119086269e-25
3.710547965094568923e+01 3.450363725601358339e-25
3.739464357144293416e+01 3.448250098965398018e-25
3.768606095352331664e+01 3.446161011184797715e-25
3.797974935846865918e+01 3.444096041158258944e-25
3.827572648441636005e+01 3.442054780266358401e-25
3.857401016742574740e+01 3.440036831903773309e-25
3.887461838255303803e+01 3.438041811044925227e-25
3.917756924493453852e+01 3.436069343832210815e-25
3.948288101087822355e+01 3.434119067188208999e-25
3.979057207896390480e+01 3.432190628428008444e-25
4.010066099115206129e+01 3.430283684902386703e-25
4.041316643390103280e+01 3.428397903631580364e-25
4.072810723929327992e+01 3.426532960993115071e-25
4.104550238617008517e+01 3.424688542384977263e-25
4.136537100127531374e+01 3.422864341932264508e-25
4.168773236040807717e+01 3.421060062183159960e-25
4.201260588958419362e+01 3.419275413822418010e-25
4.234001116620692784e+01 3.417510115416660370e-25
4.266996792024676921e+01 3.415763893140374316e-25
4.300249603543031185e+01 3.414036480528244746e-25
4.333761555043851388e+01 3.412327618245721563e-25
4.367534666011432876e+01 3.410637053845080260e-25
4.401570971667955945e+01 3.408964541562273082e-25
4.435872523096138309e+01 3.407309842087418797e-25
4.470441387362842534e+01 3.405672722377548290e-25
4.505279647643626362e+01 3.404052955448430938e-25
4.540389403348287800e+01 3.402450320200998636e-25
4.575772770247383647e+01 3.400864601229760881e-25
4.611431880599715782e+01 3.399295588658608873e-25
4.647368883280831398e+01 3.397743077969950526e-25
4.683585943912525096e+01 3.396206869850228005e-25
4.720085244993330065e+01 3.394686770031244822e-25
4.756868986030042379e+01 3.393182589148718505e-25
4.793939383670277010e+01 3.391694142599058550e-25
4.831298671836032099e+01 3.390221250401615473e-25
4.868949101858314776e+01 3.388763737074483863e-25
4.906892942612816455e+01 3.387321431501126477e-25
4.945132480656627649e+01 3.385894166817460201e-25
4.983670020366032816e+01 3.384481780290487176e-25
5.022507884075386642e+01 3.383084113210829359e-25
5.061648412217044779e+01 3.381701010784384684e-25
5.101093963462410130e+01 3.380332322029133341e-25
5.140846914864078343e+01 3.378977899676208916e-25
5.180909661999065463e+01 3.377637600078244724e-25
5.221284619113180980e+01 3.376311283112005684e-25
5.261974219266517139e+01 3.374998812096050912e-25
5.302980914480057351e+01 3.373700053702431590e-25
5.344307175883443506e+01 3.372414877878784624e-25
5.385955493863902177e+01 3.371143157766160075e-25
5.427928378216299166e+01 3.369884769628790427e-25
5.470228358294394866e+01 3.368639592777547532e-25
5.512857983163273445e+01 3.367407509503342133e-25
5.555819821752935184e+01 3.366188405008757852e-25
5.599116463013128708e+01 3.364982167344978562e-25
5.642750516069339994e+01 3.363788687348446238e-25
5.686724610380037603e+01 3.362607858584017998e-25
5.731041395895132240e+01 3.361439577285063644e-25
5.775703543215650626e+01 3.360283742301271416e-25
5.820713743754681246e+01 3.359140255043887868e-25
5.866074709899567097e+01 3.358009019435727209e-25
5.911789175175346145e+01 3.356889941863788785e-25
5.957859894409484980e+01 3.355782931130645791e-25
6.004289643897896411e+01 3.354687898409712205e-25
6.051081221572227520e+01 3.353604757203328145e-25
6.098237447168475001e+01 3.352533423300582583e-25
6.145761162396918564e+01 3.351473814737683574e-25
6.193655231113346105e+01 3.350425851758878119e-25
6.241922539491645239e+01 3.349389456781575338e-25
6.290565996197736354e+01 3.348364554359105343e-25
6.339588532564837209e+01 3.347351071149396441e-25
6.388993102770116650e+01 3.346348935880607082e-25
6.438782684012728907e+01 3.345358079320890399e-25
6.488960276693207163e+01 3.344378434248730879e-25
6.539528904594276071e+01 3.343409935425087448e-25
6.590491615063088204e+01 3.342452519565080126e-25
6.641851479194833985e+01 3.341506125312968527e-25
6.693611592017829537e+01 3.340570693217044036e-25
6.745775072680027051e+01 3.339646165705402687e-25
6.798345064636970392e+01 3.338732487063664951e-25
6.851324735841228630e+01 3.337829603413571180e-25
6.904717278933314617e+01 3.336937462691841991e-25
6.958525911434054478e+01 3.336056014631273476e-25
7.012753875938497572e+01 3.335185210740819913e-25
7.067404440311324265e+01 3.334325004289473885e-25
7.122480897883757223e+01 3.333475350288131065e-25
7.177986567652027361e+01 3.332636205473905170e-25
7.233924794477398734e+01 3.331807528295464591e-25
7.290298949287712560e+01 3.330989278898450751e-25
7.347112429280528545e+01 3.330181419111545743e-25
7.404368658127866354e+01 3.329383912434681567e-25
7.462071086182491797e+01 3.328596724026331021e-25
7.520223190685867110e+01 3.327819820692604069e-25
7.578828475977674373e+01 3.327053170876890635e-25
7.637890473707000183e+01 3.326296744649909766e-25
7.697412743045173045e+01 3.325550513700816746e-25
7.757398870900217958e+01 3.324814451328681216e-25
7.817852472133024833e+01 3.324088532434878148e-25
7.878777189775192369e+01 3.323372733516131762e-25
7.940176695248545968e+01 3.322667032657527307e-25
8.002054688586392217e+01 3.321971409527689236e-25
8.064414898656497144e+01 3.321285845372499660e-25
8.127261083385778306e+01 3.320610323011275234e-25
8.190597029986767552e+01 3.319944826832554665e-25
8.254426555185850134e+01 3.319289342790362843e-25
8.318753505453241814e+01 3.318643858401691793e-25
8.383581757234797749e+01 3.318008362743930199e-25
8.448915217185621884e+01 3.317382846453371999e-25
8.514757822405468346e+01 3.316767301723615686e-25
8.581113540676001605e+01 3.316161722305229575e-25
8.647986370699926795e+01 3.315566103505351853e-25
8.715380342341917697e+01 3.314980442187835224e-25
8.783299516871490198e+01 3.314404736774581736e-25
8.851747987207740209e+01 3.313838987246440934e-25
8.920729878165977311e+01 3.313283195145259625e-25
8.990249346706292499e+01 3.312737363576115321e-25
9.060310582184085604e+01 3.312201497210232013e-25
9.130917806602495546e+01 3.311675602288053447e-25
9.202075274866830057e+01 3.311159686623329806e-25
9.273787275041000555e+01 3.310653759607099692e-25
9.346058128605885429e+01 3.310157832212477974e-25
9.418892190719775215e+01 3.309671916999980408e-25
9.492293850480828610e+01 3.309196028122981881e-25
9.566267531191542162e+01 3.308730181333837703e-25
9.640817690625316061e+01 3.308274393990621124e-25
9.715948821295106086e+01 3.307828685064029356e-25
9.791665450724114805e+01 3.307393075145002253e-25
9.867972141718647094e+01 3.306967586452458525e-25
9.944873492643085910e+01 3.306552242842055477e-25
1.002237413769696843e+02 3.306147069814766893e-25
1.010047874719425067e+02 3.305752094526460568e-25
1.017919202784478472e+02 3.305367345797608530e-25
1.025851872303792192e+02 3.304992854123734248e-25
1.033846361312837132e+02 3.304628651685908508e-25
1.041903151572423241e+02 3.304274772362329413e-25
1.050022728597737967e+02 3.303931251740085132e-25
1.058205581687600016e+02 3.303598127126984147e-25
1.066452203953943325e+02 3.303275437564783240e-25
1.074763092351537921e+02 3.302963223842268538e-25
1.083138747707935323e+02 3.302661528508990432e-25
1.091579674753644582e+02 3.302370395889759354e-25
1.100086382152555871e+02 3.302089872099299500e-25
1.108659382532589319e+02 3.301820005057984849e-25
1.117299192516584156e+02 3.301560844507606398e-25
1.126006332753437249e+02 3.301312442028238666e-25
1.134781327949475127e+02 3.301074851055361050e-25
1.143624706900070578e+02 3.300848126897926913e-25
1.152537002521514893e+02 3.300632326756861092e-25
1.161518751883129568e+02 3.300427509744447749e-25
1.170570496239626834e+02 3.300233736904600761e-25
1.179692781063733946e+02 3.300051071233448645e-25
1.188886156079060470e+02 3.299879577701554158e-25
1.198151175293222082e+02 3.299719323276388278e-25
1.207488397031233518e+02 3.299570376945908510e-25
1.216898383969149506e+02 3.299432809743740638e-25
1.226381703167970159e+02 3.299306694774685113e-25
1.235938926107819071e+02 3.299192107242434387e-25
1.245570628722379070e+02 3.299089124477764114e-25
1.255277391433594403e+02 3.298997825969056052e-25
1.265059799186655596e+02 3.298918293393911516e-25
1.274918441485245921e+02 3.298850610653360101e-25
1.284853912427061289e+02 3.298794863907474864e-25
1.294866810739619325e+02 3.298751141614070423e-25
1.304957739816336186e+02 3.298719534569851231e-25
1.315127307752884178e+02 3.298700135954774550e-25
1.325376127383843823e+02 3.298693041379980770e-25
1.335704816319631050e+02 3.298698348940205768e-25
1.346113996983710308e+02 3.298716159270821306e-25
1.356604296650112076e+02 3.298746575610578888e-25
1.367176347481229470e+02 3.298789703871318401e-25
1.377830786565907033e+02 3.298845652715279837e-25
1.388568255957844144e+02 3.298914533642234048e-25
1.399389402714279811e+02 3.298996461087424853e-25
1.410294878934981853e+02 3.299091552533710272e-25
1.421285341801552420e+02 3.299199928639263460e-25
1.432361453617025404e+02 3.299321713386489019e-25
1.443523881845774781e+02 3.299457034254315565e-25
1.454773299153745256e+02 3.299606022421388656e-25
1.466110383448984180e+02 3.299768813007169734e-25
1.477535817922487809e+02 3.299945545359440000e-25
1.489050291089381517e+02 3.300136363402125063e-25
1.500654496830406970e+02 3.300341416058195100e-25
1.512349134433729603e+02 3.300560857770113608e-25
1.524134908637090291e+02 3.300794849145735268e-25
1.536012529670268520e+02 3.301043557768358853e-25
1.547982713297877240e+02 3.301307159224062451e-25
1.560046180862505310e+02 3.301585838418067496e-25
1.572203659328182255e+02 3.301879791282504773e-25
1.584455881324181519e+02 3.302189227019368294e-25
1.596803585189179557e+02 3.302514371085412753e-25
1.609247515015744341e+02 3.302855469223199614e-25
1.621788420695170316e+02 3.303212792989049401e-25
1.634427057962678873e+02 3.303586647464401726e-25
1.647164188442954185e+02 3.303977382215353201e-25
1.660000579696035743e+02 3.304385407193247634e-25
1.672937005263582364e+02 3.304811216342006480e-25
1.685974244715482087e+02 3.305255423566460589e-25
1.699113083696825299e+02 3.305718819169115099e-25
1.712354313975259004e+02 3.306202461434399741e-25
1.725698733488695211e+02 3.306707831166062234e-25
1.739147146393390528e+02 3.307237104673196205e-25
1.752700363112416539e+02 3.307793663063704512e-25
1.766359200384491714e+02 3.308383107562232579e-25
1.780124481313194451e+02 3.309015457557937564e-25
1.793997035416574590e+02 3.309710438895407521e-25
1.807977698677136971e+02 3.310512129875034748e-25
1.822067313592213509e+02 3.311538455306316808e-25
1.836266729224743983e+02 3.313209093221247934e-25
1.850576801254436248e+02 3.318119872073798197e-25
1.864998392029326340e+02 3.457278277388666128e-25
1.879532370617755248e+02 3.327110876894718451e-25
1.894179612860732789e+02 3.315982489144936309e-25
1.908941001424721833e+02 3.315216173403549690e-25
1.923817425854821010e+02 3.315520558785958908e-25
1.938809782628381413e+02 3.316104027526594824e-25
1.953918975209024325e+02 3.316799394983940298e-25
1.969145914101080166e+02 3.317555001229016709e-25
1.984491516904466835e+02 3.318351029110586029e-25
1.999956708369982152e+02 3.319178758165484255e-25
2.015542420455023489e+02 3.320033994059077509e-25
2.031249592379760713e+02 3.320914611603816183e-25
2.047079170683730354e+02 3.321819517631781406e-25
2.063032109282868873e+02 3.322748170656292909e-25
2.079109369527008937e+02 3.323700341450468325e-25
2.095311920257806548e+02 3.324675986372740916e-25
2.111640737867118389e+02 3.325675176950844038e-25
2.128096806355852948e+02 3.326698059079200092e-25
2.144681117393262753e+02 3.327744828525746257e-25
2.161394670376696752e+02 3.328815715777888820e-25
2.178238472491838138e+02 3.329910976418435210e-25
2.195213538773393793e+02 3.331030884875295386e-25
2.212320892166253827e+02 3.332175730283086475e-25
2.229561563587150204e+02 3.333345813698285638e-25
2.246936591986774658e+02 3.334541446199384618e-25
2.264447024412380358e+02 3.335762947577728368e-25
2.282093916070892590e+02 3.337010645428198537e-25
2.299878330392489829e+02 3.338284874515356151e-25
2.317801339094681907e+02 3.339585976332067366e-25
2.335864022246906018e+02 3.340914298794215637e-25
2.354067468335608453e+02 3.342270196032819226e-25
2.372412774329828551e+02 3.343654028256738506e-25
2.390901045747320666e+02 3.345066161667151862e-25
2.409533396721166127e+02 3.346506968409929342e-25
2.428310950066905889e+02 3.347976826557020819e-25
2.447234837350216878e+02 3.349476120108780802e-25
2.466306198955096249e+02 3.351005239013282822e-25
2.485526184152573421e+02 3.352564579197792835e-25
2.504895951169983448e+02 3.354154542610182434e-25
2.524416667260755673e+02 3.355775537268127425e-25
2.544089508774746662e+02 3.357427977314423560e-25
2.563915661229143552e+02 3.359112283077118579e-25
2.583896319379898614e+02 3.360828881133905428e-25
2.604032687293719732e+02 3.362578204379801344e-25
2.624325978420643537e+02 3.364360692097747771e-25
2.644777415667152241e+02 3.366176790031657692e-25
2.665388231469862035e+02 3.368026950461805220e-25
2.686159667869804935e+02 3.369911632282273692e-25
2.707092976587269959e+02 3.371831301080136691e-25
2.728189419097225255e+02 3.373786429216845415e-25
2.749450266705351851e+02 3.375777495911184143e-25
2.770876800624648695e+02 3.377804987324130826e-25
2.792470312052630561e+02 3.379869396645969020e-25
2.814232102249154082e+02 3.381971224185204854e-25
2.836163482614826989e+02 3.384110977460001663e-25
2.858265774770025587e+02 3.386289171292105201e-25
2.880540310634554544e+02 3.388506327903759477e-25
2.902988432507903553e+02 3.390762977017917188e-25
2.925611493150125284e+02 3.393059655962659894e-25
2.948410855863375559e+02 3.395396909780157160e-25
2.971387894574056077e+02 3.397775291341231337e-25
2.994543993915602869e+02 3.400195361467300408e-25
3.017880549311942673e+02 3.402657689060280676e-25
3.041398967061576855e+02 3.405162851244021229e-25
3.065100664422314480e+02 3.407711433518623397e-25
3.088987069696701724e+02 3.410304029932770056e-25
3.113059622318079391e+02 3.412941243278365450e-25
3.137319772937320295e+02 3.415623685315100075e-25
3.161768983510263524e+02 3.418351977034663237e-25
3.186408727385806401e+02 3.421126748978361623e-25
3.211240489394681958e+02 3.423948641628399131e-25
3.236265765938954928e+02 3.426818305900845674e-25
3.261486065082187338e+02 3.429736403783948067e-25
3.286902906640310107e+02 3.432703609185234878e-25
3.312517822273226216e+02 3.435720609087184866e-25
3.338332355577101112e+02 3.438788105167819062e-25
3.364348062177374459e+02 3.441906816142569283e-25
3.390566509822522789e+02 3.445077481254690040e-25
3.416989278478527012e+02 3.448300865661276764e-25
3.443617960424069793e+02 3.451577769067178143e-25
3.470454160346512253e+02 3.454909040181953907e-25
3.497499495438582926e+02 3.458295602189680098e-25
3.524755595495823854e+02 3.461738500428263603e-25
3.552224103014823982e+02 3.465238998545623456e-25
3.579906673292189225e+02 3.468798791599090557e-25
3.607804974524281647e+02 3.472420540747918396e-25
3.635920687907769207e+02 3.476109467434781963e-25
3.664255507740929261e+02 3.479879518413483031e-25
3.692811141525733660e+02 3.483790954419290012e-25
3.721589310070772285e+02 3.488705459874329553e-25
3.750591747594938852e+02 3.492084317896352904e-25
3.779820201831925033e+02 3.495255300688561882e-25
3.809276434135567797e+02 3.499267746312985150e-25
3.838962219585976641e+02 3.503369790883650217e-25
3.868879347096493007e+02 3.507538842392612053e-25
3.899029619521515997e+02 3.511773309974320551e-25
3.929414853765134694e+02 3.516073873194361745e-25
3.960036880890602902e+02 3.520441544496704663e-25
3.990897546230708599e+02 3.524877370372975889e-25
4.021998709498963649e+02 3.529382383832494803e-25
4.053342244901661502e+02 3.533957602694708702e-25
4.084930041250843828e+02 3.538604035414801382e-25
4.116764002078110138e+02 3.543322686815421492e-25
4.148846045749318137e+02 3.548114562496422406e-25
4.181178105580209490e+02 3.552980672032655930e-25
4.213762129952903024e+02 3.557922031268772373e-25
4.246600082433295711e+02 3.562939663980177077e-25
4.279693941889414077e+02 3.568034603095337451e-25
4.313045702610652938e+02 3.573207891615297815e-25
4.346657374427940113e+02 3.578460583322232499e-25
4.380530982834878273e+02 3.583793743339502319e-25
4.414668569109793452e+02 3.589208448587047518e-25
4.449072190438729422e+02 3.594705788162079874e-25
4.483743920039445356e+02 3.600286863666162171e-25
4.518685847286337207e+02 3.605952789493897209e-25
4.553900077836335072e+02 3.611704693095664112e-25
4.589388733755817498e+02 3.617543715221501257e-25
4.625153953648480751e+02 3.623471010154832213e-25
4.661197892784197165e+02 3.629487745940704949e-25
4.697522723228924519e+02 3.635595104615325021e-25
4.734130633975585738e+02 3.641794282441806470e-25
4.771023831075963244e+02 3.648086490159237496e-25
4.808204537773672200e+02 3.654472953252993647e-25
4.845674994638119415e+02 3.660954912256568497e-25
4.883437459699508736e+02 3.667533623100857092e-25
4.921494208584945795e+02 3.674210357530673097e-25
4.959847534655552863e+02 3.680986403622064565e-25
4.998499749144658608e+02 3.687863066447879304e-25
5.037453181297104834e+02 3.694841668971169970e-25
5.076710178509595153e+02 3.701923553292664943e-25
5.116273106472139034e+02 3.709110082469354979e-25
5.156144349310642383e+02 3.716402643284517637e-25
5.196326309730563935e+02 3.723802650671385830e-25
5.236821409161686915e+02 3.731311555153443915e-25
5.277632087904075888e+02 3.738930856117470725e-25
5.318760805275113626e+02 3.746662127203815768e-25
5.360210039757685081e+02 3.754507069219860404e-25
5.401982289149573262e+02 3.762467633267853208e-25
5.444080070713953319e+02 3.770546353574636225e-25
5.486505921331101945e+02 3.778747468384917315e-25
5.529262397651248193e+02 3.787082366518144256e-25
5.572352076248678259e+02 3.795629880332553400e-25
5.615777553776983950e+02 3.804176897823871287e-25
5.659541447125526474e+02 3.812613777641602745e-25
5.703646393577165554e+02 3.821433326849697730e-25
5.748095050967175439e+02 3.830369373253561286e-25
5.792890097843385320e+02 3.839429478533508358e-25
5.838034233627633967e+02 3.848617444086183494e-25
5.883530178778419213e+02 3.857935825936992047e-25
5.929380674954823007e+02 3.867386732571242554e-25
5.975588485181762053e+02 3.876972090283916774e-25
6.022156394016473087e+02 3.886693746796002835e-25
6.069087207716299872e+02 3.896553517272854152e-25
6.116383754407836477e+02 3.906553206933512769e-25
6.164048884257337022e+02 3.916694623108773831e-25
6.212085469642455564e+02 3.926979682165158253e-25
6.260496405325370688e+02 3.937410442469297585e-25
6.309284608627218631e+02 3.947988421659350739e-25
6.358453019603869052e+02 3.958715482934390313e-25
6.408004601223141208e+02 3.969593508618086798e-25
6.457942339543335493e+02 3.980624401210019759e-25
6.508269243893156499e+02 3.991810084260026141e-25
6.558988347053104917e+02 4.003154160855462025e-25
6.610102705438212070e+02 4.014657041717460684e-25
6.661615399282209182e+02 4.026320621154868627e-25
6.713529532823184809e+02 4.038146914581898924e-25
6.765848234490631512e+02 4.050137962674969356e-25
6.818574657093947735e+02 4.062295832708412975e-25
6.871711978012478994e+02 4.074622620398727254e-25
6.925263399386961964e+02 4.087120452635568898e-25
6.979232148312477193e+02 4.099791491818542797e-25
7.033621477032955909e+02 4.112637943261399877e-25
7.088434663137147709e+02 4.125662068863698078e-25
7.143675009756112786e+02 4.138866214734275366e-25
7.199345845762311455e+02 4.152252873497234041e-25
7.255450525970192075e+02 4.165824846694581520e-25
7.311992431338331926e+02 4.179585765477948561e-25
7.368974969173224281e+02 4.193542429246489307e-25
7.426401573334585464e+02 4.207726440870274194e-25
7.484275704442266033e+02 4.221862541604984382e-25
7.542600850084832018e+02 4.236447928384172145e-25
7.601380525029715045e+02 4.251189607551445158e-25
7.660618271434990447e+02 4.266120236720340834e-25
7.720317659062886833e+02 4.281250421386951007e-25
7.780482285494875896e+02 4.296584866842972432e-25
7.841115776348444797e+02 4.312128049204327327e-25
7.902221785495635231e+02 4.327881592026126514e-25
7.963803995283201402e+02 4.343848295933099681e-25
8.025866116754493760e+02 4.360030869525414029e-25
8.088411889873140126e+02 4.376432117849313796e-25
8.151445083748395746e+02 4.393054784731225800e-25
8.214969496862253209e+02 4.409901655542090140e-25
8.278988957298396372e+02 4.426975545046106118e-25
8.343507322972856173e+02 4.444279300772354009e-25
8.408528481866477478e+02 4.461815805764263494e-25
8.474056352259257210e+02 4.479587980912198527e-25
8.540094882966449177e+02 4.497598787187218941e-25
8.606648053576492430e+02 4.515851228077799428e-25
8.673719874690885945e+02 4.534348352613754772e-25
8.741314388165844775e+02 4.553093259613415736e-25
8.809435667355842270e+02 4.572089104390046575e-25
8.878087817359131577e+02 4.591339110625708163e-25
8.947274975265096373e+02 4.610846594012046410e-25
9.017001310403536536e+02 4.630615015950355689e-25
9.087271024595964946e+02 4.650648127293828119e-25
9.158088352408796027e+02 4.670950453456662897e-25
9.229457561408497668e+02 4.691529704565990954e-25
9.301382952418814511e+02 4.712427409599418435e-25
9.373868859779920513e+02 4.733376987919767806e-25
9.446919651609578068e+02 4.754833518254698844e-25
9.520539730066429911e+02 4.776529545336641011e-25
9.594733531615247557e+02 4.798507211703154577e-25
9.669505527294256808e+02 4.820774589417379644e-25
9.744860222984621032e+02 4.843341830140230414e-25
9.820802159681948069e+02 4.866210776676360705e-25
9.897335913769907165e+02 4.889382779117457151e-25
9.974466097296069620e+02 4.912861906168497113e-25
1.005219735824979466e+03 4.936652243946967613e-25
1.013053438084235040e+03 4.960757920637179662e-25
1.020948188578914824e+03 4.985183119517353804e-25
1.028904463059428053e+03 5.009932087083185143e-25
1.036922740983718768e+03 5.035009139140368120e-25
1.045003505546155566e+03 5.060418666399237895e-25
1.053147243706655672e+03 5.086165140800958601e-25
1.061354446220027512e+03 5.112253124252764211e-25
1.069625607665539974e+03 5.138687283138286519e-25
1.077961226476733827e+03 5.165472417007662084e-25
1.086361804971455058e+03 5.192613526386442738e-25
1.094827849382121485e+03 5.220116010730045462e-25
1.103359869886236311e+03 5.247986449490126122e-25
1.111958380637128130e+03 5.276238000977021081e-25
1.120623899794932186e+03 5.306389614067536679e-25
1.129356949557821736e+03 5.333773257761348744e-25
1.138158056193473385e+03 5.363167162838982373e-25
1.147027750070777074e+03 5.392941136590913629e-25
1.155966565691804135e+03 5.423109172006275582e-25
1.164975041724014091e+03 5.453678588275265807e-25
1.174053721032711564e+03 5.484655693972818849e-25
1.183203150713767400e+03 5.516046593853033992e-25
1.192423882126584203e+03 5.547857392904949597e-25
1.201716470927318369e+03 5.580094267192884555e-25
1.211081477102371991e+03 5.612763495215000058e-25
1.220519465002135348e+03 5.645871475538537893e-25
1.230031003374991315e+03 5.679424739778932026e-25
1.239616665401596720e+03 5.713429965439876663e-25
1.249277028729419499e+03 5.747893992991114805e-25
1.259012675507545055e+03 5.782823855689301892e-25
1.268824192421763883e+03 5.818226846547253334e-25
1.278712170729924765e+03 5.854110713753905519e-25
1.288677206297558541e+03 5.890484465252107459e-25
1.298719899633795194e+03 5.927364672550612933e-25
1.308840855927546954e+03 5.964491422325774616e-25
1.319040685083974950e+03 6.002551939140830076e-25
1.329320001761249159e+03 6.040958407122242111e-25
1.339679425407587132e+03 6.079884502733699571e-25
1.350119580298576466e+03 6.119343977109481476e-25
1.360641095574804922e+03 6.159346683123014571e-25
1.371244605279767711e+03 6.199901930519389866e-25
1.381930748398072865e+03 6.241019024287409458e-25
1.392700168893955606e+03 6.282707412469904925e-25
1.403553515750080123e+03 6.324976743946592941e-25
1.414491443006643976e+03 6.367836900199683194e-25
1.425514609800801281e+03 6.411298020932875021e-25
1.436623680406377389e+03 6.455370535058023080e-25
1.447819324273896427e+03 6.500065215619524978e-25
1.459102216070931036e+03 6.545393318085317445e-25
1.470473035722754730e+03 6.591367086562135498e-25
1.481932468453311458e+03 6.638003036566754889e-25
1.493481204826516205e+03 6.685603422095487295e-25
1.505119940787866653e+03 6.733220920113923481e-25
1.516849377706375208e+03 6.781897437149007069e-25
1.528670222416845718e+03 6.831269667032945470e-25
1.540583187262463071e+03 6.881357503911032467e-25
1.552588990137714973e+03 6.932175764236540003e-25
1.564688354531663890e+03 6.983738802604286304e-25
1.576882009571540493e+03 7.036061146686234789e-25
1.589170690066676798e+03 7.089157666979460173e-25
1.601555136552796966e+03 7.143043649327751734e-25
1.614036095336638937e+03 7.197734845535773571e-25
1.626614318540922113e+03 7.253247532941310973e-25
1.639290564149681586e+03 7.309598629996532150e-25
1.652065596053941363e+03 7.366806056724000428e-25
1.664940184097741849e+03 7.424890734674409444e-25
1.677915104124541813e+03 7.483928958586533549e-25
1.690991138023968006e+03 7.543693951952053866e-25
1.704169073778926304e+03 7.604516310906720981e-25
1.717449705513098706e+03 7.666277079544391902e-25
1.730833833538792760e+03 7.729005697739039043e-25
1.744322264405163878e+03 7.792725002672891768e-25
1.757915810946830561e+03 7.857457590271760380e-25
1.771615292332851595e+03 7.923226566461309334e-25
1.785421534116085240e+03 7.990055751061235079e-25
1.799335368282948593e+03 8.057969781680904464e-25
1.813357633303549846e+03 8.126994215184335316e-25
1.827489174182209808e+03 8.197155715452467454e-25
1.841730842508394517e+03 8.268482705230853205e-25
1.856083496508025974e+03 8.341010573187155073e-25
1.870548001095203745e+03 8.414633168350913119e-25
1.885125227924318551e+03 8.489696146165190649e-25
1.899816055442591278e+03 8.565973328960519613e-25
1.914621368943003745e+03 8.643561592421104311e-25
1.929542060617641937e+03 8.722497882767217292e-25
1.944579029611473061e+03 8.802818079407806777e-25
1.959733182076522326e+03 8.884558974221185207e-25
1.975005431226475366e+03 8.967758668882376014e-25
1.990396697391719727e+03 9.052456761044056364e-25
2.005907908074800844e+03 9.138694539345958403e-25
2.021539998006308224e+03 9.226515432125344264e-25
2.037293909201216138e+03 9.315967476605936881e-25
2.053170591015644732e+03 9.407323142558577454e-25
2.069171000204064057e+03 9.499887961445599205e-25
2.085296100976960588e+03 9.594505042468563133e-25
2.101546865058938693e+03 9.690938531992705314e-25
2.117924271747268904e+03 9.789247623553652160e-25
2.134429307970916398e+03 9.889489928771280248e-25
2.151062968350008305e+03 9.991724889027962393e-25
2.167826255255764409e+03 1.009601436289926509e-24
2.184720178870914424e+03 1.020242292831349305e-24
2.201745757250567294e+03 1.031101829826293188e-24
2.218904016383554790e+03 1.042187290170894650e-24
2.236195990254269873e+03 1.053509813180487007e-24
2.253622720904973448e+03 1.065060116831384630e-24
2.271185258498579060e+03 1.076868209191581966e-24
2.288884661381954174e+03 1.088932258672870148e-24
2.306721996149688039e+03 1.101261679481080790e-24
2.324698337708362033e+03 1.113865671050347670e-24
2.342814769341337978e+03 1.126753761526023537e-24
2.361072382774031212e+03 1.139935886491055736e-24
2.379472278239693878e+03 1.153422433786404806e-24
2.398015564545729376e+03 1.167224338478194235e-24
2.416703359140505199e+03 1.181353975565408075e-24
2.435536788180683743e+03 1.195814086151967063e-24
2.454516986599102438e+03 1.210632931181788578e-24
2.473645098173158203e+03 1.225813003128315299e-24
2.492922275593724407e+03 1.241369231452880047e-24
2.512349680534632625e+03 1.257315557737655416e-24
2.531928483722665987e+03 1.273666322200256020e-24
2.551659865008103225e+03 1.290436358877503397e-24
2.571545013435832971e+03 1.307641028638991626e-24
2.591585127317000570e+03 1.325296389916594345e-24
2.611781414301211498e+03 1.343431462377897047e-24
2.632135091449321862e+03 1.362019042591145358e-24
2.652647385306774140e+03 1.381124121779166551e-24
2.673319531977500901e+03 1.400745714594420333e-24
2.694152777198432432e+03 1.420901482472568412e-24
2.715148376414555969e+03 1.441608691230339444e-24
2.736307594854566105e+03 1.462884328831140280e-24
2.757631707607123190e+03 1.484744939968768544e-24
2.779121999697685624e+03 1.507206588505558881e-24
2.800779766165938327e+03 1.530238562616412731e-24
2.822606312143850573e+03 1.553983865681779074e-24
2.844602952934317727e+03 1.578327418430591728e-24
2.866771014090414610e+03 1.603317355458543114e-24
2.889111831495292336e+03 1.628958351974190416e-24
2.911626751442673140e+03 1.655250367474720303e-24
2.934317130717970031e+03 1.682187347782689961e-24
2.957184336680067190e+03 1.709756215568298396e-24
2.980229747343711097e+03 1.737938240402864653e-24
3.003454751462540571e+03 1.766685962421935183e-24
3.026860748612797124e+03 1.795972853423206464e-24
3.050449149277652850e+03 1.825728728417323982e-24
3.074221374932201797e+03 1.855874492954750764e-24
3.098178858129137552e+03 1.886308825205331898e-24
3.122323042585072017e+03 1.916905125819105298e-24
3.146655383267527668e+03 1.947507993156960215e-24
3.171177346482633311e+03 1.977948713424945597e-24
3.195890409963478305e+03 2.007937225278334735e-24
3.220796062959153005e+03 2.037277281096399045e-24
3.245895806324512705e+03 2.065636314344653160e-24
3.271191152610610516e+03 2.092663397168796168e-24
3.296683626155838283e+03 2.117964440840494015e-24
3.322374763177804653e+03 2.141106006759292734e-24
3.348266111865900257e+03 2.161623587796040302e-24
3.374359232474582768e+03 2.179019736617730103e-24
3.400655697417423198e+03 2.192814770946349257e-24
3.427157091361845232e+03 2.202519998730001753e-24
3.453865011324629904e+03 2.207692623161927447e-24
3.480781066768138317e+03 2.207952467133589719e-24
3.507906879697322438e+03 2.203009707365590464e-24
3.535244084757458495e+03 2.192691514110327998e-24
3.562794329332642974e+03 2.176949272795815936e-24
3.590559273645089434e+03 2.155905915864228749e-24
3.618540590855162463e+03 2.129815205861470153e-24
3.646739967162196990e+03 2.099083075700951934e-24
3.675159101906131582e+03 2.064242233746109853e-24
3.703799707669903000e+03 2.025927618935210506e-24
3.732663510382638378e+03 1.984824328937747342e-24
3.761752249423684134e+03 1.941735899032790608e-24
3.791067677727412502e+03 1.897357323540825318e-24
3.820611561888846154e+03 1.852435195151019970e-24
3.850385682270137295e+03 1.807653500983836575e-24
3.880391833107845287e+03 1.763633472736183013e-24
3.910631822621046013e+03 1.720924510904239893e-24
3.941107473120324357e+03 1.679984550920717147e-24
3.971820621117577048e+03 1.641211686041600431e-24
4.002773117436670418e+03 1.604908435746288690e-24
4.033966827324999485e+03 1.571308909510973050e-24
4.065403630565878302e+03 1.540579593690465057e-24
4.097085421591806153e+03 1.512828804269528003e-24
4.129014109598654613e+03 1.488101959984393277e-24
4.161191618660706808e+03 1.466418098500740543e-24
4.193619887846588426e+03 1.447744240151335506e-24
4.226300871336150522e+03 1.432021282856293441e-24
4.259236538538216337e+03 1.419165644014771757e-24
4.292428874209245805e+03 1.409068540643585747e-24
4.325879878572969574e+03 1.401630488279177599e-24
4.359591567440910694e+03 1.396710753009491741e-24
4.393565972333847640e+03 1.394182842145700794e-24
4.427805140604265034e+03 1.393913666124191997e-24
4.462311135559713875e+03 1.395771040890101398e-24
4.497086036587142189e+03 1.399621249650586013e-24
4.532131939278221580e+03 1.405343296012246721e-24
4.567450955555624205e+03 1.412814075595403248e-24
4.603045213800271085e+03 1.421919882419618905e-24
4.638916858979625431e+03 1.432554097632232889e-24
4.675068052776933655e+03 1.444614812529351078e-24
4.711500973721477749e+03 1.458014878291545324e-24
4.748217817319889036e+03 1.472666928323762505e-24
4.785220796188435088e+03 1.488494857467690401e-24
4.822512140186340730e+03 1.505429491980442727e-24
4.860094096550195900e+03 1.523405977561427698e-24
4.897968930029359399e+03 1.542373201393783086e-24
4.936138923022424024e+03 1.562278295913545669e-24
4.974606375714784917e+03 1.583078311994569142e-24
5.013373606217240194e+03 1.604735567071991927e-24
5.052442950705666590e+03 1.627214713950289248e-24
5.091816763561832886e+03 1.650491857657416972e-24
5.131497417515263805e+03 1.674541067180409218e-24
5.171487303786206212e+03 1.699343556675381119e-24
5.211788832229764921e+03 1.724885837222667858e-24
5.252404431481100801e+03 1.751150127829461906e-24
5.293336549101775745e+03 1.778136165474482042e-24
5.334587651727275443e+03 1.805836442678609920e-24
5.376160225215634455e+03 1.834250173157267614e-24
5.418056774797226353e+03 1.863377147272407992e-24
5.460279825225763489e+03 1.893227175917083149e-24
5.502831920930424531e+03 1.923805201666280420e-24
5.545715626169172538e+03 1.955123326235041307e-24
5.588933525183312668e+03 1.987209210260843280e-24
5.632488222353206766e+03 2.020039605076273861e-24
5.676382342355199398e+03 2.053677523171097859e-24
5.720618530319820820e+03 2.088132944932412922e-24
5.765199451991168644e+03 2.123435150612321240e-24
5.810127793887530970e+03 2.159611805641612493e-24
5.855406263463321011e+03 2.196704960326575986e-24
5.901037589272206787e+03 2.234753249330970772e-24
5.947024521131527763e+03 2.273803854227893482e-24
5.993369830288033882e+03 2.313905531475473285e-24
6.040076309584871524e+03 2.355121613994959541e-24
6.087146773629861855e+03 2.397515954415002924e-24
6.134584058965156146e+03 2.441164159797205094e-24
6.182391024238146201e+03 2.486146441058937702e-24
6.230570550373715378e+03 2.532563422230035374e-24
6.279125540747884770e+03 2.580521167558386058e-24
6.328058921362751789e+03 2.630146827547693500e-24
6.377373641022825723e+03 2.681570274160998669e-24
6.427072671512701163e+03 2.734966748353368024e-24
6.477159007776187536e+03 2.790519164957537259e-24
6.527635668096761037e+03 2.848442196225602815e-24
6.578505694279438103e+03 2.908995861953348534e-24
6.629772151834115903e+03 2.972471002638084461e-24
6.681438130160286164e+03 3.039218088717768476e-24
6.733506742733188730e+03 3.109646541025816829e-24
6.785981127291471239e+03 3.184249723128551209e-24
6.838864446026256701e+03 3.263608945724490590e-24
6.892159885771680820e+03 3.348415473539770935e-24
6.945870658196978184e+03 3.439528488202741364e-24
7.000000000000001819e+03 3.537935823038112763e-24
