3.000000000000000000e+00 7.747991021165180067e-21
3.023379074186677951e+00 6.855602741931808764e-21
3.046940342076630781e+00 6.082633299907079954e-21
3.070685223509894257e+00 5.410223081832101367e-21
3.094615149391351849e+00 4.823027621899143844e-21
3.118731561776963979e+00 4.308455118178453795e-21
3.143035913960669614e+00 3.856092566403375921e-21
3.167529670561962885e+00 3.457268361706161016e-21
3.192214307614152702e+00 3.104715060118076183e-21
3.217091312653314272e+00 2.792306618296012275e-21
3.242162184807927616e+00 2.514851681902797644e-21
3.267428434889215527e+00 2.267929520442204590e-21
3.292891585482193850e+00 2.047758742318496805e-21
3.318553171037419425e+00 1.851091444326788305e-21
3.344414737963458339e+00 1.675127268658420798e-21
3.370477844720079830e+00 1.517443168293030701e-21
3.396744061912168711e+00 1.375935661312777466e-21
3.423214972384368782e+00 1.248773084762303275e-21
3.449892171316475409e+00 1.134355907850464203e-21
3.476777266319557746e+00 1.031283581006073866e-21
3.503871877532837242e+00 9.383267161302132119e-22
3.531177637721321538e+00 8.544036391940714593e-22
3.558696192374196876e+00 7.785605472425475198e-22
3.586429199803984336e+00 7.099546511482162624e-22
3.614378331246479004e+00 6.478398029715751514e-22
3.642545270961456083e+00 5.915541998254571210e-22
3.670931716334169703e+00 5.405098302847883555e-22
3.699539377977637766e+00 4.941833887421883663e-22
3.728369979835728820e+00 4.521084309259746604e-22
3.757425259287050068e+00 4.138685824871331463e-22
3.786706967249639177e+00 3.790916440170496870e-22
3.816216868286484765e+00 3.474444615522896636e-22
3.845956740711859112e+00 3.186284527106574143e-22
3.875928376698477340e+00 2.923756959560570818e-22
3.906133582385504788e+00 2.684455048559040560e-22
3.936574177987393064e+00 2.466214211181584631e-22
3.967251997903568306e+00 2.267085701204313766e-22
3.998168890828979194e+00 2.085313309590939087e-22
4.029326719865498063e+00 1.919312799987879416e-22
4.060727362634198201e+00 1.767653727746440355e-22
4.092372711388496676e+00 1.629043340529164327e-22
4.124264673128191561e+00 1.502312300281986221e-22
4.156405169714378012e+00 1.386402002136706286e-22
4.188796137985258738e+00 1.280353296033969985e-22
4.221439529872867524e+00 1.183296442618163271e-22
4.254337312520692471e+00 1.094442157328673685e-22
4.287491468402215844e+00 1.013073615343619602e-22
4.320903995440390055e+00 9.385470495309262141e-23
4.354576907128027585e+00 8.702673029487611098e-23
4.388512232649141254e+00 8.076904484330677290e-23
4.422712017001222407e+00 7.503251550514114640e-23
4.457178321118484554e+00 6.977235586873069348e-23
4.491913221996044037e+00 6.494771345403724084e-23
4.526918812815098114e+00 6.052129917424586066e-23
4.562197203069056073e+00 5.645905451502343523e-23
4.597750518690657096e+00 5.272985254360112396e-23
4.633580902180091776e+00 4.930522920888864976e-23
4.669690512734105958e+00 4.615914183951759298e-23
4.706081526376117985e+00 4.326775204238922247e-23
4.742756136087351138e+00 4.060923048754137813e-23
4.779716551938987479e+00 3.816358131478793134e-23
4.816965001225343990e+00 3.591248410742936960e-23
4.854503728598102974e+00 3.383915156495061443e-23
4.892334996201570085e+00 3.192820116611025761e-23
4.930461083808994616e+00 3.016553927588410682e-23
4.968884288959960038e+00 2.853825627770741465e-23
5.007606927098831484e+00 2.703453145848418175e-23
5.046631331714285906e+00 2.564354648126184331e-23
5.085959854479939146e+00 2.435540642534884817e-23
5.125594865396055688e+00 2.316106747494962201e-23
5.165538752932373079e+00 2.205227045997352659e-23
5.205793924172026799e+00 2.102147956624006755e-23
5.246362804956618220e+00 2.006182561524613692e-23
5.287247840032386570e+00 1.916705343828429316e-23
5.328451493197543520e+00 1.833147292062709325e-23
5.369976247450735762e+00 1.754991339318715600e-23
5.411824605140684419e+00 1.681768109505524484e-23
5.453999088116976424e+00 1.613051947866745812e-23
5.496502237882029185e+00 1.548457219416968811e-23
5.539336615744256065e+00 1.487634858120043868e-23
5.582504802972412250e+00 1.430269155723578757e-23
5.626009400951136996e+00 1.376074778444640907e-23
5.669853031337731331e+00 1.324794000549279855e-23
5.714038336220133019e+00 1.276194145660736132e-23
5.758567978276136756e+00 1.230065226522126099e-23
5.803444640933850707e+00 1.186217771475685514e-23
5.848671028533408034e+00 1.144480830510657089e-23
5.894249866489925438e+00 1.104367469262838527e-23
5.940183901457753102e+00 1.065180941205058509e-23
5.986475901495984075e+00 1.027771095759993823e-23
6.033128656235260401e+00 9.920210289260806947e-24
6.080144977045891963e+00 9.578246505132244734e-24
6.127527697207263202e+00 9.250855873702792774e-24
6.175279672078572979e+00 8.937161925567769000e-24
6.223403779270908487e+00 8.636366504993094179e-24
6.271902918820651429e+00 8.347741703340238860e-24
6.320780013364233341e+00 8.070622605023992689e-24
6.370038008314270250e+00 7.804400763804798960e-24
6.419679872037050039e+00 7.548518347333060485e-24
6.469708596031408021e+00 7.302462889398534237e-24
6.520127195109008511e+00 7.065762588627444357e-24
6.570938707576019056e+00 6.837982098360228497e-24
6.622146195416195980e+00 6.618718774668339122e-24
6.673752744475415000e+00 6.407180632509412531e-24
6.725761464647628252e+00 6.203234641346855367e-24
6.778175490062257502e+00 6.006783340506506529e-24
6.830997979273086607e+00 5.817524517405042845e-24
6.884232115448578604e+00 5.635175130027840539e-24
6.937881106563702716e+00 5.459469425683891788e-24
6.991948185593272136e+00 5.290157264867728106e-24
7.046436610706736658e+00 5.127002634461970097e-24
7.101349665464545602e+00 4.969782322000834462e-24
7.156690659016025080e+00 4.818284745602615946e-24
7.212462926298772281e+00 4.672308903696532624e-24
7.268669828239636921e+00 4.531663451260041416e-24
7.325314751957265003e+00 4.396165874299445786e-24
7.382401110966188895e+00 4.265641756343303829e-24
7.439932345382551659e+00 4.139924129191662649e-24
7.497911922131407003e+00 4.018852892248764935e-24
7.556343335155633945e+00 3.902274295182835030e-24
7.615230105626504375e+00 3.790040480415052402e-24
7.674575782155860004e+00 3.682009071335173076e-24
7.734383941009959962e+00 3.578042801858210337e-24
7.794658186324999072e+00 3.478009192243069565e-24
7.855402150324295896e+00 3.381780250642932941e-24
7.916619493537168317e+00 3.289232206120963218e-24
7.978313905019535746e+00 3.200245271951604852e-24
8.040489102576222180e+00 3.114703424545603148e-24
8.103148832984988559e+00 3.032494208988831551e-24
8.166296872222336134e+00 2.953508558573859485e-24
8.229937025691045349e+00 2.877640628968872092e-24
8.294073128449483079e+00 2.804787654003112279e-24
8.358709045442731522e+00 2.734849800531901136e-24
8.423848671735486349e+00 2.667730050213385981e-24
8.489495932746768503e+00 2.603334076039497933e-24
8.555654784486495856e+00 2.541570139752229111e-24
8.622329213793868519e+00 2.482348990474971703e-24
8.689523238577617548e+00 2.425583774764811000e-24
8.757240908058138373e+00 2.371189951084969960e-24
8.825486303011505385e+00 2.319085214756563673e-24
8.894263536015376559e+00 2.269189421261560263e-24
8.963576751696830769e+00 2.221424526357805256e-24
9.033430126982132435e+00 2.175714522701949050e-24
9.103827871348423528e+00 2.131985383773070778e-24
9.174774227077424626e+00 2.090165017592489689e-24
9.246273469511047338e+00 2.050183215461630900e-24
9.318329907309045979e+00 2.011971615686641478e-24
9.390947882708687189e+00 1.975463662942036731e-24
9.464131771786378877e+00 1.940594575106156291e-24
9.537885984721404142e+00 1.907301312498856420e-24
9.612214966061698007e+00 1.875522551813684838e-24
9.687123194991649200e+00 1.845198657731028173e-24
9.762615185602044221e+00 1.816271664373188351e-24
9.838695487162103959e+00 1.788685251752741288e-24
9.915368684393603971e+00 1.762384726260135144e-24
9.992639397747167251e+00 1.737317004943470085e-24
1.007051228368071882e+01 1.714074780010505249e-24
1.014899203494005953e+01 1.691967651371119422e-24
1.022808338084167801e+01 1.670880515068596343e-24
1.030779108755775475e+01 1.650770475481128002e-24
1.038811995840335101e+01 1.631596010696766393e-24
1.046907483412588746e+01 1.613316956270919755e-24
1.055066059319685934e+01 1.595894487859482763e-24
1.063288215210579679e+01 1.579291102457463822e-24
1.071574446565655414e+01 1.563470598186528499e-24
1.079925252726591012e+01 1.548398056338047167e-24
1.088341136926445074e+01 1.534039817672650799e-24
1.096822606319983606e+01 1.520363462568452258e-24
1.105370172014243657e+01 1.507337786799432709e-24
1.113984349099330551e+01 1.494932777237766209e-24
1.122665656679461144e+01 1.483119587909102453e-24
1.131414617904242803e+01 1.471870513035537063e-24
1.140231760000200723e+01 1.461158960949591601e-24
1.149117614302551083e+01 1.450959426443142789e-24
1.158072716287217041e+01 1.441247463229980527e-24
1.167097605603098742e+01 1.431999654249089677e-24
1.176192826104595213e+01 1.423193583212382913e-24
1.185358925884374592e+01 1.414807804871469446e-24
1.194596457306404602e+01 1.406821815341250277e-24
1.203905977039241115e+01 1.399216022069907295e-24
1.213288046089569505e+01 1.391971713599856976e-24
1.222743229836014933e+01 1.385071029708320058e-24
1.232272098063213228e+01 1.378496931745727653e-24
1.241875224996144311e+01 1.372233172546036379e-24
1.251553189334737759e+01 1.366264267190980623e-24
1.261306574288748017e+01 1.360575463890615729e-24
1.271135967612895179e+01 1.355152715214384054e-24
1.281041961642286786e+01 1.349982650622536563e-24
1.291025153328114428e+01 1.345052547873002140e-24
1.301086144273622835e+01 1.340350306706539814e-24
1.311225540770366216e+01 1.335864422400753560e-24
1.321443953834745422e+01 1.331583959736511851e-24
1.331741999244825436e+01 1.327498528545803839e-24
1.342120297577444710e+01 1.323598258951400021e-24
1.352579474245614577e+01 1.319873778265389811e-24
1.363120159536203424e+01 1.316316187858068011e-24
1.373742988647920527e+01 1.312917041433385126e-24
1.384448601729596717e+01 1.309668323742309912e-24
1.395237643918756554e+01 1.306562429942534374e-24
1.406110765380496730e+01 1.303592146243505429e-24
1.417068621346669133e+01 1.300750630804644091e-24
1.428111872155361617e+01 1.298031395446202827e-24
1.439241183290693016e+01 1.295428288504988090e-24
1.450457225422918128e+01 1.292935477921584725e-24
1.461760674448840014e+01 1.290547435307676884e-24
1.473152211532542033e+01 1.288258920669708966e-24
1.484632523146438210e+01 1.286064967698233567e-24
1.496202301112636057e+01 1.283960869962867432e-24
1.507862242644633000e+01 1.281942167570773304e-24
1.519613050389326148e+01 1.280004634327253271e-24
1.531455432469357625e+01 1.278144265694456847e-24
1.543390102525788343e+01 1.276357267421695455e-24
1.555417779761100050e+01 1.274640044243276387e-24
1.567539188982537013e+01 1.272989189867231407e-24
1.579755060645786280e+01 1.271401476565953179e-24
1.592066130898992427e+01 1.269873846220055321e-24
1.604473141627120114e+01 1.268403400935176644e-24
1.616976840496664281e+01 1.266987394937768242e-24
1.629577981000701570e+01 1.265623226138391097e-24
1.642277322504298454e+01 1.264308428682495410e-24
1.655075630290274091e+01 1.263040665604896920e-24
1.667973675605313844e+01 1.261817721983461783e-24
1.680972235706447293e+01 1.260637498384145813e-24
1.694072093907889709e+01 1.259498004643970900e-24
1.707274039628241269e+01 1.258397354019821326e-24
1.720578868438059672e+01 1.257333757700946495e-24
1.733987382107807917e+01 1.256305519434587341e-24
1.747500388656161974e+01 1.255311030628936303e-24
1.761118702398708180e+01 1.254348765594575654e-24
1.774843143997016526e+01 1.253417277113860769e-24
1.788674540508091226e+01 1.252515192218352849e-24
1.802613725434210679e+01 1.251641208154897179e-24
1.816661538773160700e+01 1.250794088643725778e-24
1.830818827068848265e+01 1.249972660292802901e-24
1.845086443462317405e+01 1.249175809213677633e-24
1.859465247743164085e+01 1.248402477845704441e-24
1.873956106401342936e+01 1.247651661884068863e-24
1.888559892679387175e+01 1.246922407477098943e-24
1.903277486625032822e+01 1.246213808486878865e-24
1.918109775144246498e+01 1.245525003970895759e-24
1.933057652054675302e+01 1.244855175705263735e-24
1.948122018139512690e+01 1.244203545945179020e-24
1.963303781201774356e+01 1.243569375312851226e-24
1.978603856119007531e+01 1.242951960632067895e-24
1.994023164898425549e+01 1.242350633120964508e-24
2.009562636732463758e+01 1.241764756498663629e-24
2.025223208054777757e+01 1.241193725281713600e-24
2.041005822596676111e+01 1.240636963180093063e-24
2.056911431443985094e+01 1.240093921523735921e-24
2.072940993094369944e+01 1.239564077808074362e-24
2.089095473515089907e+01 1.239046934347796971e-24
2.105375846201209811e+01 1.238542016955716140e-24
2.121783092234269219e+01 1.238048873712491276e-24
2.138318200341397457e+01 1.237567073799925304e-24
2.154982166954898304e+01 1.237096206426606552e-24
2.171775996272300446e+01 1.236635879781090068e-24
2.188700700316866232e+01 1.236185720011129184e-24
2.205757298998579330e+01 1.235745370362010788e-24
2.222946820175610938e+01 1.235314490245295091e-24
2.240270299716252822e+01 1.234892754427270672e-24
2.257728781561344533e+01 1.234479852246046770e-24
2.275323317787184862e+01 1.234075486866743537e-24
2.293054968668926463e+01 1.233679374580380364e-24
2.310924802744472473e+01 1.233291244125970685e-24
2.328933896878871934e+01 1.232910836082697535e-24
2.347083336329205494e+01 1.232537902255106868e-24
2.365374214809989795e+01 1.232172205131404488e-24
2.383807634559089195e+01 1.231813517326036451e-24
2.402384706404131620e+01 1.231461621097838315e-24
2.421106549829451282e+01 1.231116307854560598e-24
2.439974293043556486e+01 1.230777377714982622e-24
2.458989073047107254e+01 1.230444639069833051e-24
2.478152035701439360e+01 1.230117908187142083e-24
2.497464335797616286e+01 1.229797008816937769e-24
2.516927137126014813e+01 1.229481771836074797e-24
2.536541612546457714e+01 1.229172034902692423e-24
2.556308944058897836e+01 1.228867642128113235e-24
2.576230322874638290e+01 1.228568443767031341e-24
2.596306949488122484e+01 1.228274295927719025e-24
2.616540033749279459e+01 1.227985060290216671e-24
2.636930794936425215e+01 1.227700603845470550e-24
2.657480461829742424e+01 1.227420798647561569e-24
2.678190272785330706e+01 1.227145521570291058e-24
2.699061475809826760e+01 1.226874654092844444e-24
2.720095328635613185e+01 1.226608082075886575e-24
2.741293098796615979e+01 1.226345695566724076e-24
2.762656063704679710e+01 1.226087388605705847e-24
2.784185510726555535e+01 1.225833059043389971e-24
2.805882737261472570e+01 1.225582608368859462e-24
2.827749050819322818e+01 1.225335941544294388e-24
2.849785769099460708e+01 1.225092966847866326e-24
2.871994220070099502e+01 1.224853595731535311e-24
2.894375742048341138e+01 1.224617742675830740e-24
2.916931683780831364e+01 1.224385325055781461e-24
2.939663404525025925e+01 1.224156263015522672e-24
2.962572274131109040e+01 1.223930479347368775e-24
2.985659673124544611e+01 1.223707899379350523e-24
3.008926992789260524e+01 1.223488450861235419e-24
3.032375635251500157e+01 1.223272063865368335e-24
3.056007013564306618e+01 1.223058670683045260e-24
3.079822551792681296e+01 1.222848205738920592e-24
3.103823685099403207e+01 1.222640605489854386e-24
3.128011859831505959e+01 1.222435808350873102e-24
3.152388533607441090e+01 1.222233754608199192e-24
3.176955175404921761e+01 1.222034386342091827e-24
3.201713265649436124e+01 1.221837647356407978e-24
3.226664296303464141e+01 1.221643483104818280e-24
3.251809770956392498e+01 1.221451840627880071e-24
3.277151204915110583e+01 1.221262668485960009e-24
3.302690125295332990e+01 1.221075916701072446e-24
3.328428071113629017e+01 1.220891536696986156e-24
3.354366593380158434e+01 1.220709481245440694e-24
3.380507255192139837e+01 1.220529704413906507e-24
3.406851631828053684e+01 1.220352161512667852e-24
3.433401310842558019e+01 1.220176809050424374e-24
3.460157892162165183e+01 1.220003604685320933e-24
3.487122988181658201e+01 1.219832507183580665e-24
3.514298223861248260e+01 1.219663476375069652e-24
3.541685236824501004e+01 1.219496473116878261e-24
3.569285677457028783e+01 1.219331459251898016e-24
3.597101209005933953e+01 1.219168397573261052e-24
3.625133507680045142e+01 1.219007251790834856e-24
3.653384262750932976e+01 1.218847986495235425e-24
3.681855176654698880e+01 1.218690567128574168e-24
3.710547965094568923e+01 1.218534959951538559e-24
3.739464357144293416e+01 1.218381132015745976e-24
3.768606095352331664e+01 1.218229051135005618e-24
3.797974935846865918e+01 1.218078685857766941e-24
3.827572648441636005e+01 1.217930005442804740e-24
3.857401016742574740e+01 1.217782979833632677e-24
3.887461838255303803e+01 1.217637579634785294e-24
3.917756924493453852e+01 1.217493776089163852e-24
3.948288101087822355e+01 1.217351541056688432e-24
3.979057207896390480e+01 1.217210846993013591e-24
4.010066099115206129e+01 1.217071666929860323e-24
4.041316643390103280e+01 1.216933974454805448e-24
4.072810723929327992e+01 1.216797743693898446e-24
4.104550238617008517e+01 1.216662949293056867e-24
4.136537100127531374e+01 1.216529566401674060e-24
4.168773236040807717e+01 1.216397570655750099e-24
4.201260588958419362e+01 1.216266938161763266e-24
4.234001116620692784e+01 1.216137645482481093e-24
4.266996792024676921e+01 1.216009669621374233e-24
4.300249603543031185e+01 1.215882988008819091e-24
4.333761555043851388e+01 1.215757578488892982e-24
4.367534666011432876e+01 1.215633419305662174e-24
4.401570971667955945e+01 1.215510489091407290e-24
4.435872523096138309e+01 1.215388766853594058e-24
4.470441387362842534e+01 1.215268231963944700e-24
4.505279647643626362e+01 1.215148864146531096e-24
4.540389403348287800e+01 1.215030643467423268e-24
4.575772770247383647e+01 1.214913550323778221e-24
4.611431880599715782e+01 1.214797565433929793e-24
4.647368883280831398e+01 1.214682669827393093e-24
4.683585943912525096e+01 1.214568844835594263e-24
4.720085244993330065e+01 1.214456072082471476e-24
4.756868986030042379e+01 1.214344333475828080e-24
4.793939383670277010e+01 1.214233611198686281e-24
4.831298671836032099e+01 1.214123887700856830e-24
4.868949101858314776e+01 1.214015145691274800e-24
4.906892942612816455e+01 1.213907368129719330e-24
4.945132480656627649e+01 1.213800538219750006e-24
4.983670020366032816e+01 1.213694639401079371e-24
5.022507884075386642e+01 1.213589655342659367e-24
5.061648412217044779e+01 1.213485569935761530e-24
5.101093963462410130e+01 1.213382367287300915e-24
5.140846914864078343e+01 1.213280031713311921e-24
5.180909661999065463e+01 1.213178547732913230e-24
5.221284619113180980e+01 1.213077900061840929e-24
5.261974219266517139e+01 1.212978073606781718e-24
5.302980914480057351e+01 1.212879053459426922e-24
5.344307175883443506e+01 1.212780824891071466e-24
5.385955493863902177e+01 1.212683373346837601e-24
5.427928378216299166e+01 1.212586684440723692e-24
5.470228358294394866e+01 1.212490743950088571e-24
5.512857983163273445e+01 1.212395537810828342e-24
5.555819821752935184e+01 1.212301052112337366e-24
5.599116463013128708e+01 1.212207273092780384e-24
5.642750516069339994e+01 1.212114187134310827e-24
5.686724610380037603e+01 1.212021780758599165e-24
5.731041395895132240e+01 1.211930040622275290e-24
5.775703543215650626e+01 1.211838953512644580e-24
5.820713743754681246e+01 1.211748506343411114e-24
5.866074709899567097e+01 1.211658686150390060e-24
5.911789175175346145e+01 1.211569480087614582e-24
5.957859894409484980e+01 1.211480875423207470e-24
6.004289643897896411e+01 1.211392859535472803e-24
6.051081221572227520e+01 1.211305419909083124e-24
6.098237447168475001e+01 1.211218544131392244e-24
6.145761162396918564e+01 1.211132219888667782e-24
6.193655231113346105e+01 1.211046434962435930e-24
6.241922539491645239e+01 1.210961177226072704e-24
6.290565996197736354e+01 1.210876434641151459e-24
6.339588532564837209e+01 1.210792195254187874e-24
6.388993102770116650e+01 1.210708447193108878e-24
6.438782684012728907e+01 1.210625178664096998e-24
6.488960276693207163e+01 1.210542377948196851e-24
6.539528904594276071e+01 1.210460033398179886e-24
6.590491615063088204e+01 1.210378133435404523e-24
6.641851479194833985e+01 1.210296666546657380e-24
6.693611592017829537e+01 1.210215621281119399e-24
6.745775072680027051e+01 1.210134986247309742e-24
6.798345064636970392e+01 1.210054750110139340e-24
6.851324735841228630e+01 1.209974901587913751e-24
6.904717278933314617e+01 1.209895429449468628e-24
6.958525911434054478e+01 1.209816322511307205e-24
7.012753875938497572e+01 1.209737569634711886e-24
7.067404440311324265e+01 1.209659159722942717e-24
7.122480897883757223e+01 1.209581081718460639e-24
7.177986567652027361e+01 1.209503324600244798e-24
7.233924794477398734e+01 1.209425877380929477e-24
7.290298949287712560e+01 1.209348729104235641e-24
7.347112429280528545e+01 1.209271868842182446e-24
7.404368658127866354e+01 1.209195285692541923e-24
7.462071086182491797e+01 1.209118968776106142e-24
7.520223190685867110e+01 1.209042907234147222e-24
7.578828475977674373e+01 1.208967090225766410e-24
7.637890473707000183e+01 1.208891506925371724e-24
7.697412743045173045e+01 1.208816146520065054e-24
7.757398870900217958e+01 1.208740998207113743e-24
7.817852472133024833e+01 1.208666051191426399e-24
7.878777189775192369e+01 1.208591294683031643e-24
7.940176695248545968e+01 1.208516717894545286e-24
8.002054688586392217e+01 1.208442310038680665e-24
8.064414898656497144e+01 1.208368060325792970e-24
8.127261083385778306e+01 1.208293957961367351e-24
8.190597029986767552e+01 1.208219992143526509e-24
8.254426555185850134e+01 1.208146152060618722e-24
8.318753505453241814e+01 1.208072426888697152e-24
8.383581757234797749e+01 1.207998805789103830e-24
8.448915217185621884e+01 1.207925277906008655e-24
8.514757822405468346e+01 1.207851832363996866e-24
8.581113540676001605e+01 1.207778458265538802e-24
8.647986370699926795e+01 1.207705144688598864e-24
8.715380342341917697e+01 1.207631880684232735e-24
8.783299516871490198e+01 1.207558655274024433e-24
8.851747987207740209e+01 1.207485457447804019e-24
8.920729878165977311e+01 1.207412276161064077e-24
8.990249346706292499e+01 1.207339100332572359e-24
9.060310582184085604e+01 1.207265918841913717e-24
9.130917806602495546e+01 1.207192720527075934e-24
9.202075274866830057e+01 1.207119494181933609e-24
9.273787275041000555e+01 1.207046228553803317e-24
9.346058128605885429e+01 1.206972912341032559e-24
9.418892190719775215e+01 1.206899534190445818e-24
9.492293850480828610e+01 1.206826082694965647e-24
9.566267531191542162e+01 1.206752546391041651e-24
9.640817690625316061e+01 1.206678913756193328e-24
9.715948821295106086e+01 1.206605173206565965e-24
9.791665450724114805e+01 1.206531313094371731e-24
9.867972141718647094e+01 1.206457321705406446e-24
9.944873492643085910e+01 1.206383187256517125e-24
1.002237413769696843e+02 1.206308897893129216e-24
1.010047874719425067e+02 1.206234441686638470e-24
1.017919202784478472e+02 1.206159806631954346e-24
1.025851872303792192e+02 1.206084980644908223e-24
1.033846361312837132e+02 1.206009951559741339e-24
1.041903151572423241e+02 1.205934707126499412e-24
1.050022728597737967e+02 1.205859235008530677e-24
1.058205581687600016e+02 1.205783522779852410e-24
1.066452203953943325e+02 1.205707557922626372e-24
1.074763092351537921e+02 1.205631327824613309e-24
1.083138747707935323e+02 1.205554819776539667e-24
1.091579674753644582e+02 1.205478020969498640e-24
1.100086382152555871e+02 1.205400918492487884e-24
1.108659382532589319e+02 1.205323499329704587e-24
1.117299192516584156e+02 1.205245750358090714e-24
1.126006332753437249e+02 1.205167658344682445e-24
1.134781327949475127e+02 1.205089209944139251e-24
1.143624706900070578e+02 1.205010391696126582e-24
1.152537002521514893e+02 1.204931190022883330e-24
1.161518751883129568e+02 1.204851591226690841e-24
1.170570496239626834e+02 1.204771581487419623e-24
1.179692781063733946e+02 1.204691146860053641e-24
1.188886156079060470e+02 1.204610273272449353e-24
1.198151175293222082e+02 1.204528946522794066e-24
1.207488397031233518e+02 1.204447152277548274e-24
1.216898383969149506e+02 1.204364876069103112e-24
1.226381703167970159e+02 1.204282103293717555e-24
1.235938926107819071e+02 1.204198819209561214e-24
1.245570628722379070e+02 1.204115008934762098e-24
1.255277391433594403e+02 1.204030657445714455e-24
1.265059799186655596e+02 1.203945749575446120e-24
1.274918441485245921e+02 1.203860270012295532e-24
1.284853912427061289e+02 1.203774203298778484e-24
1.294866810739619325e+02 1.203687533830636156e-24
1.304957739816336186e+02 1.203600245856359411e-24
1.315127307752884178e+02 1.203512323476966362e-24
1.325376127383843823e+02 1.203423750646276783e-24
1.335704816319631050e+02 1.203334511171698034e-24
1.346113996983710308e+02 1.203244588715663758e-24
1.356604296650112076e+02 1.203153966797698340e-24
1.367176347481229470e+02 1.203062628797515072e-24
1.377830786565907033e+02 1.202970557959020363e-24
1.388568255957844144e+02 1.202877737395671422e-24
1.399389402714279811e+02 1.202784150097195311e-24
1.410294878934981853e+02 1.202689778938300091e-24
1.421285341801552420e+02 1.202594606689380639e-24
1.432361453617025404e+02 1.202498616030033524e-24
1.443523881845774781e+02 1.202401789565751421e-24
1.454773299153745256e+02 1.202304109848577087e-24
1.466110383448984180e+02 1.202205559402756884e-24
1.477535817922487809e+02 1.202106120756465709e-24
1.489050291089381517e+02 1.202005776481239141e-24
1.500654496830406970e+02 1.201904509241026820e-24
1.512349134433729603e+02 1.201802301853441760e-24
1.524134908637090291e+02 1.201699137366765886e-24
1.536012529670268520e+02 1.201594999157134395e-24
1.547982713297877240e+02 1.201489871051937318e-24
1.560046180862505310e+02 1.201383737488022688e-24
1.572203659328182255e+02 1.201276583715860628e-24
1.584455881324181519e+02 1.201168396065762516e-24
1.596803585189179557e+02 1.201059162298642433e-24
1.609247515015744341e+02 1.200948872073812858e-24
1.621788420695170316e+02 1.200837517581238082e-24
1.634427057962678873e+02 1.200725094408651385e-24
1.647164188442954185e+02 1.200611602751175278e-24
1.660000579696035743e+02 1.200497049130328993e-24
1.672937005263582364e+02 1.200381448889450909e-24
1.685974244715482087e+02 1.200264829904374590e-24
1.699113083696825299e+02 1.200147238254961826e-24
1.712354313975259004e+02 1.200028747173013388e-24
1.725698733488695211e+02 1.199909471690664878e-24
1.739147146393390528e+02 1.199789593689019916e-24
1.752700363112416539e+02 1.199669407022236754e-24
1.766359200384491714e+02 1.199549404140869813e-24
1.780124481313194451e+02 1.199430456088722164e-24
1.793997035416574590e+02 1.199314226595470162e-24
1.807977698677136971e+02 1.199204263648338504e-24
1.822067313592213509e+02 1.199109489748997011e-24
1.836266729224743983e+02 1.199059280875112996e-24
1.850576801254436248e+02 1.199218125950691974e-24
1.864998392029326340e+02 1.206768561858159078e-24
1.879532370617755248e+02 1.198805989135428647e-24
1.894179612860732789e+02 1.198266182096547859e-24
1.908941001424721833e+02 1.198100401783500756e-24
1.923817425854821010e+02 1.197957861205780835e-24
1.938809782628381413e+02 1.197816447083784380e-24
1.953918975209024325e+02 1.197673021649871059e-24
1.969145914101080166e+02 1.197527087621077480e-24
1.984491516904466835e+02 1.197378634973390260e-24
1.999956708369982152e+02 1.197227736950759638e-24
2.015542420455023489e+02 1.197074463826346081e-24
2.031249592379760713e+02 1.196918866692893632e-24
2.047079170683730354e+02 1.196760977632035806e-24
2.063032109282868873e+02 1.196600813170999649e-24
2.079109369527008937e+02 1.196438377762263337e-24
2.095311920257806548e+02 1.196273666596577525e-24
2.111640737867118389e+02 1.196106667732407711e-24
2.128096806355852948e+02 1.195937363673853752e-24
2.144681117393262753e+02 1.195765732534574958e-24
2.161394670376696752e+02 1.195591748899038995e-24
2.178238472491838138e+02 1.195415384463985470e-24
2.195213538773393793e+02 1.195236608519635673e-24
2.212320892166253827e+02 1.195055388313789090e-24
2.229561563587150204e+02 1.194871689329305643e-24
2.246936591986774658e+02 1.194685475497197653e-24
2.264447024412380358e+02 1.194496709361163416e-24
2.282093916070892590e+02 1.194305352205267747e-24
2.299878330392489829e+02 1.194111364153598735e-24
2.317801339094681907e+02 1.193914704247922560e-24
2.335864022246906018e+02 1.193715330508497134e-24
2.354067468335608453e+02 1.193513199981346815e-24
2.372412774329828551e+02 1.193308268775188358e-24
2.390901045747320666e+02 1.193100492089654717e-24
2.409533396721166127e+02 1.192889824236796488e-24
2.428310950066905889e+02 1.192676218657133472e-24
2.447234837350216878e+02 1.192459627931112437e-24
2.466306198955096249e+02 1.192240003786798337e-24
2.485526184152573421e+02 1.192017297104720847e-24
2.504895951169983448e+02 1.191791457919900611e-24
2.524416667260755673e+02 1.191562435421900129e-24
2.544089508774746662e+02 1.191330177953071528e-24
2.563915661229143552e+02 1.191094633005189692e-24
2.583896319379898614e+02 1.190855747214840470e-24
2.604032687293719732e+02 1.190613466357714012e-24
2.624325978420643537e+02 1.190367735341950924e-24
2.644777415667152241e+02 1.190118498200569146e-24
2.665388231469862035e+02 1.189865698083393997e-24
2.686159667869804935e+02 1.189609277248168504e-24
2.707092976587269959e+02 1.189349177051298763e-24
2.728189419097225255e+02 1.189085337938191017e-24
2.749450266705351851e+02 1.188817699433108604e-24
2.770876800624648695e+02 1.188546200128947363e-24
2.792470312052630561e+02 1.188270777676676936e-24
2.814232102249154082e+02 1.187991368774815323e-24
2.836163482614826989e+02 1.187707909158734633e-24
2.858265774770025587e+02 1.187420333590254108e-24
2.880540310634554544e+02 1.187128575847290992e-24
2.902988432507903553e+02 1.186832568713980319e-24
2.925611493150125284e+02 1.186532243971196941e-24
2.948410855863375559e+02 1.186227532388047884e-24
2.971387894574056077e+02 1.185918363714111700e-24
2.994543993915602869e+02 1.185604666673206143e-24
3.017880549311942673e+02 1.185286368958889696e-24
3.041398967061576855e+02 1.184963397232304178e-24
3.065100664422314480e+02 1.184635677123152415e-24
3.088987069696701724e+02 1.184303133234656265e-24
3.113059622318079391e+02 1.183965689154000328e-24
3.137319772937320295e+02 1.183623267469907056e-24
3.161768983510263524e+02 1.183275789799755227e-24
3.186408727385806401e+02 1.182923176829891501e-24
3.211240489394681958e+02 1.182565348373679457e-24
3.236265765938954928e+02 1.182202223454407202e-24
3.261486065082187338e+02 1.181833720423067690e-24
3.286902906640310107e+02 1.181459757126228675e-24
3.312517822273226216e+02 1.181080251146819325e-24
3.338332355577101112e+02 1.180695120153611120e-24
3.364348062177374459e+02 1.180304282416616654e-24
3.390566509822522789e+02 1.179907657582482447e-24
3.416989278478527012e+02 1.179505167870586954e-24
3.443617960424069793e+02 1.179096739974155089e-24
3.470454160346512253e+02 1.178682308194695361e-24
3.497499495438582926e+02 1.178261819842472186e-24
3.524755595495823854e+02 1.177835245059282713e-24
3.552224103014823982e+02 1.177402595929746658e-24
3.579906673292189225e+02 1.176963967001454133e-24
3.607804974524281647e+02 1.176519631517324955e-24
3.635920687907769207e+02 1.176070308946859090e-24
3.664255507740929261e+02 1.175618107338812457e-24
3.692811141525733660e+02 1.175171530812337807e-24
3.721589310070772285e+02 1.174822064713179401e-24
3.750591747594938852e+02 1.174081886204424693e-24
3.779820201831925033e+02 1.173635030099341773e-24
3.809276434135567797e+02 1.173153004709407530e-24
3.838962219585976641e+02 1.172655618616952954e-24
3.868879347096493007e+02 1.172147689951422894e-24
3.899029619521515997e+02 1.171630620542961214e-24
3.929414853765134694e+02 1.171104906574282002e-24
3.960036880890602902e+02 1.170570721806727668e-24
3.990897546230708599e+02 1.170028101212718640e-24
4.021998709498963649e+02 1.169477011401137778e-24
4.053342244901661502e+02 1.168917381612160767e-24
4.084930041250843828e+02 1.168349118818757663e-24
4.116764002078110138e+02 1.167772115682922443e-24
4.148846045749318137e+02 1.167186255014610524e-24
4.181178105580209490e+02 1.166591412397865144e-24
4.213762129952903024e+02 1.165987457801453087e-24
4.246600082433295711e+02 1.165374256599113698e-24
4.279693941889414077e+02 1.164751670233400403e-24
4.313045702610652938e+02 1.164119556656172052e-24
4.346657374427940113e+02 1.163477770625206691e-24
4.380530982834878273e+02 1.162826163905722077e-24
4.414668569109793452e+02 1.162164585407353088e-24
4.449072190438729422e+02 1.161492881276784353e-24
4.483743920039445356e+02 1.160810894959116572e-24
4.518685847286337207e+02 1.160118467237217470e-24
4.553900077836335072e+02 1.159415436255287887e-24
4.589388733755817498e+02 1.158701637531135045e-24
4.625153953648480751e+02 1.157976903960807484e-24
4.661197892784197165e+02 1.157241065818083719e-24
4.697522723228924519e+02 1.156493950751162126e-24
4.734130633975585738e+02 1.155735383778772440e-24
4.771023831075963244e+02 1.154965187287656525e-24
4.808204537773672200e+02 1.154183181034173659e-24
4.845674994638119415e+02 1.153389182152957314e-24
4.883437459699508736e+02 1.152583005176779174e-24
4.921494208584945795e+02 1.151764462073645350e-24
4.959847534655552863e+02 1.150933362309677613e-24
4.998499749144658608e+02 1.150089512950753797e-24
5.037453181297104834e+02 1.149232718824184378e-24
5.076710178509595153e+02 1.148362782773438239e-24
5.116273106472139034e+02 1.147479506062878415e-24
5.156144349310642383e+02 1.146582689031117286e-24
5.196326309730563935e+02 1.145672132173224793e-24
5.236821409161686915e+02 1.144747637997163528e-24
5.277632087904075888e+02 1.143809014359505581e-24
5.318760805275113626e+02 1.142856080825844762e-24
5.360210039757685081e+02 1.141888681771078330e-24
5.401982289149573262e+02 1.140906716253639732e-24
5.444080070713953319e+02 1.139910216378863941e-24
5.486505921331101945e+02 1.138899599700890914e-24
5.529262397651248193e+02 1.137876810140409917e-24
5.572352076248678259e+02 1.136856120926190334e-24
5.615777553776983950e+02 1.135664971917731209e-24
5.659541447125526474e+02 1.134654098339835323e-24
5.703646393577165554e+02 1.133569802245299770e-24
5.748095050967175439e+02 1.132462843908553349e-24
5.792890097843385320e+02 1.131337018612882219e-24
5.838034233627633967e+02 1.130193064562818613e-24
5.883530178778419213e+02 1.129031080972201447e-24
5.929380674954823007e+02 1.127850962451267729e-24
5.975588485181762053e+02 1.126652519725664530e-24
6.022156394016473087e+02 1.125435522510637024e-24
6.069087207716299872e+02 1.124199717399165204e-24
6.116383754407836477e+02 1.122944836232114936e-24
6.164048884257337022e+02 1.121670600364547030e-24
6.212085469642455564e+02 1.120376722987544136e-24
6.260496405325370688e+02 1.119062910458104991e-24
6.309284608627218631e+02 1.117728863091740400e-24
6.358453019603869052e+02 1.116374275649941929e-24
6.408004601223141208e+02 1.114998837648003838e-24
6.457942339543335493e+02 1.113602233554755729e-24
6.508269243893156499e+02 1.112184142926930922e-24
6.558988347053104917e+02 1.110744240506228857e-24
6.610102705438212070e+02 1.109282196298807535e-24
6.661615399282209182e+02 1.107797675654019413e-24
6.713529532823184809e+02 1.106290339359364532e-24
6.765848234490631512e+02 1.104759843773333319e-24
6.818574657093947735e+02 1.103205841027902201e-24
6.871711978012478994e+02 1.101627979352825313e-24
6.925263399386961964e+02 1.100025903614324624e-24
6.979232148312477193e+02 1.098399256242739380e-24
7.033621477032955909e+02 1.096747678902489955e-24
7.088434663137147709e+02 1.095070815671681516e-24
7.143675009756112786e+02 1.093368319559734943e-24
7.199345845762311455e+02 1.091639867244553808e-24
7.255450525970192075e+02 1.089885197221149828e-24
7.311992431338331926e+02 1.088104230145424358e-24
7.368974969173224281e+02 1.086297593134303465e-24
7.426401573334585464e+02 1.084471131406393015e-24
7.484275704442266033e+02 1.082515387554108901e-24
7.542600850084832018e+02 1.080678908197912544e-24
7.601380525029715045e+02 1.078761529516556743e-24
7.660618271434990447e+02 1.076811155563844481e-24
7.720317659062886833e+02 1.074829901901914678e-24
7.780482285494875896e+02 1.072817947475538779e-24
7.841115776348444797e+02 1.070775032184020886e-24
7.902221785495635231e+02 1.068700797660052577e-24
7.963803995283201402e+02 1.066594834295141060e-24
8.025866116754493760e+02 1.064456702419960266e-24
8.088411889873140126e+02 1.062285952828079973e-24
8.151445083748395746e+02 1.060082196124675084e-24
8.214969496862253209e+02 1.057844916709104066e-24
8.278988957298396372e+02 1.055573599894430530e-24
8.343507322972856173e+02 1.053267757318066799e-24
8.408528481866477478e+02 1.050926894228337895e-24
8.474056352259257210e+02 1.048550509896962504e-24
8.540094882966449177e+02 1.046138097988540787e-24
8.606648053576492430e+02 1.043689146960650785e-24
8.673719874690885945e+02 1.041203140581623739e-24
8.741314388165844775e+02 1.038679558702684268e-24
8.809435667355842270e+02 1.036117878547305491e-24
8.878087817359131577e+02 1.033517577085713863e-24
8.947274975265096373e+02 1.030878135874199946e-24
9.017001310403536536e+02 1.028199052160502845e-24
9.087271024595964946e+02 1.025479868642584047e-24
9.158088352408796027e+02 1.022720273293313818e-24
9.229457561408497668e+02 1.019920587905609289e-24
9.301382952418814511e+02 1.017087688972937629e-24
9.373868859779920513e+02 1.014163924605324490e-24
9.446919651609578068e+02 1.011247828506065728e-24
9.520539730066429911e+02 1.008276912628052578e-24
9.594733531615247557e+02 1.005260203753559221e-24
9.669505527294256808e+02 1.002198111106471754e-24
9.744860222984621032e+02 9.990903977826358308e-25
9.820802159681948069e+02 9.959364999213907107e-25
9.897335913769907165e+02 9.927358511764210347e-25
9.974466097296069620e+02 9.894878761368960587e-25
1.005219735824979466e+03 9.861919867745377952e-25
1.013053438084235040e+03 9.828475879216370121e-25
1.020948188578914824e+03 9.794540801765371288e-25
1.028904463059428053e+03 9.760108617343706085e-25
1.036922740983718768e+03 9.725173297756996380e-25
1.045003505546155566e+03 9.689728817403550913e-25
1.053147243706655672e+03 9.653769167307471955e-25
1.061354446220027512e+03 9.617288373546920655e-25
1.069625607665539974e+03 9.580280526051425400e-25
1.077961226476733827e+03 9.542739832480656201e-25
1.086361804971455058e+03 9.504660740576272153e-25
1.094827849382121485e+03 9.466038286716639234e-25
1.103359869886236311e+03 9.426869451487937835e-25
1.111958380637128130e+03 9.387162404189163021e-25
1.120623899794932186e+03 9.348996414692392867e-25
1.129356949557821736e+03 9.305880619155174945e-25
1.138158056193473385e+03 9.264470767742905979e-25
1.147027750070777074e+03 9.222461235377232553e-25
1.155966565691804135e+03 9.179862117880748150e-25
1.164975041724014091e+03 9.136671288961928920e-25
1.174053721032711564e+03 9.092884764118926389e-25
1.183203150713767400e+03 9.048498168994439238e-25
1.192423882126584203e+03 9.003507119423149854e-25
1.201716470927318369e+03 8.957907363327023114e-25
1.211081477102371991e+03 8.911697747517372880e-25
1.220519465002135348e+03 8.864875942940198216e-25
1.230031003374991315e+03 8.817434228442273424e-25
1.239616665401596720e+03 8.769369450181736344e-25
1.249277028729419499e+03 8.720678844348544055e-25
1.259012675507545055e+03 8.671360107744834466e-25
1.268824192421763883e+03 8.621411523001258811e-25
1.278712170729924765e+03 8.570832267083236915e-25
1.288677206297558541e+03 8.519623578167564236e-25
1.298719899633795194e+03 8.467797620388392299e-25
1.308840855927546954e+03 8.414965030456658412e-25
1.319040685083974950e+03 8.362121097913548053e-25
1.329320001761249159e+03 8.308390689652069186e-25
1.339679425407587132e+03 8.254021258562626802e-25
1.350119580298576466e+03 8.199023512296625326e-25
1.360641095574804922e+03 8.143403245466167068e-25
1.371244605279767711e+03 8.087166197856145190e-25
1.381930748398072865e+03 8.030318896775612350e-25
1.392700168893955606e+03 7.972868949974066926e-25
1.403553515750080123e+03 7.914825217469216692e-25
1.414491443006643976e+03 7.856197953608557703e-25
1.425514609800801281e+03 7.796998947568143546e-25
1.436623680406377389e+03 7.737241677629566325e-25
1.447819324273896427e+03 7.676941501334264085e-25
1.459102216070931036e+03 7.616115948642181125e-25
1.470473035722754730e+03 7.554785435417474577e-25
1.481932468453311458e+03 7.492977077970249428e-25
1.493481204826516205e+03 7.431041558240234025e-25
1.505119940787866653e+03 7.367927704953622378e-25
1.516849377706375208e+03 7.304820595741416724e-25
1.528670222416845718e+03 7.241331234006574197e-25
1.540583187262463071e+03 7.177503159616901860e-25
1.552588990137714973e+03 7.113377539378426699e-25
1.564688354531663890e+03 7.048998552203452939e-25
1.576882009571540493e+03 6.984414390711620119e-25
1.589170690066676798e+03 6.919677768883374088e-25
1.601555136552796966e+03 6.854846343681473171e-25
1.614036095336638937e+03 6.789983133782680141e-25
1.626614318540922113e+03 6.725156967234160434e-25
1.639290564149681586e+03 6.660443000411620785e-25
1.652065596053941363e+03 6.595923472017672810e-25
1.664940184097741849e+03 6.531689901108193485e-25
1.677915104124541813e+03 6.467889653345747288e-25
1.690991138023968006e+03 6.404412886134543590e-25
1.704169073778926304e+03 6.341643423176063398e-25
1.717449705513098706e+03 6.279583519444401109e-25
1.730833833538792760e+03 6.218372999759900685e-25
1.744322264405163878e+03 6.158155926043421263e-25
1.757915810946830561e+03 6.099086532201907784e-25
1.771615292332851595e+03 6.041330385249097187e-25
1.785421534116085240e+03 5.985065048659355383e-25
1.799335368282948593e+03 5.930480612817234693e-25
1.813357633303549846e+03 5.877780155089520530e-25
1.827489174182209808e+03 5.827180173300898312e-25
1.841730842508394517e+03 5.778911229193804843e-25
1.856083496508025974e+03 5.733221592239816406e-25
1.870548001095203745e+03 5.690278290105331721e-25
1.885125227924318551e+03 5.650559236417752240e-25
1.899816055442591278e+03 5.614178848711731201e-25
1.914621368943003745e+03 5.581473916134432787e-25
1.929542060617641937e+03 5.552752844445280710e-25
1.944579029611473061e+03 5.528332397277575740e-25
1.959733182076522326e+03 5.508537434440950796e-25
1.975005431226475366e+03 5.493699295930606676e-25
1.990396697391719727e+03 5.484153751890896531e-25
2.005907908074800844e+03 5.480238684529312618e-25
2.021539998006308224e+03 5.482291686530119902e-25
2.037293909201216138e+03 5.490648673924638727e-25
2.053170591015644732e+03 5.505780965313638711e-25
2.069171000204064057e+03 5.527538074968226582e-25
2.085296100976960588e+03 5.556724289019659695e-25
2.101546865058938693e+03 5.593451259636990979e-25
2.117924271747268904e+03 5.637995906925776349e-25
2.134429307970916398e+03 5.690613567795658884e-25
2.151062968350008305e+03 5.751538200909731014e-25
2.167826255255764409e+03 5.820981453817274164e-25
2.184720178870914424e+03 5.899132084671792432e-25
2.201745757250567294e+03 5.986155985035932681e-25
2.218904016383554790e+03 6.082197415636676226e-25
2.236195990254269873e+03 6.187400288885226013e-25
2.253622720904973448e+03 6.301764709261381448e-25
2.271185258498579060e+03 6.425502859975845087e-25
2.288884661381954174e+03 6.558619897956559241e-25
2.306721996149688039e+03 6.701170460131171617e-25
2.324698337708362033e+03 6.853193514836540912e-25
2.342814769341337978e+03 7.014717851883217208e-25
2.361072382774031212e+03 7.185764881317376784e-25
2.379472278239693878e+03 7.366351187278003795e-25
2.398015564545729376e+03 7.556491321199501801e-25
2.416703359140505199e+03 7.756205762888123131e-25
2.435536788180683743e+03 7.965449539072380122e-25
2.454516986599102438e+03 8.184346212376398054e-25
2.473645098173158203e+03 8.412850907142188312e-25
2.492922275593724407e+03 8.651003639129454996e-25
2.512349680534632625e+03 8.898842164414366011e-25
2.531928483722665987e+03 9.156412222469808124e-25
2.551659865008103225e+03 9.423769205954824860e-25
2.571545013435832971e+03 9.700979369904637785e-25
2.591585127317000570e+03 9.988122076128128551e-25
2.611781414301211498e+03 1.028538501272368557e-24
2.632135091449321862e+03 1.059253345861878026e-24
2.652647385306774140e+03 1.091005179102433798e-24
2.673319531977500901e+03 1.123792946119821967e-24
2.694152777198432432e+03 1.157631238716276854e-24
2.715148376414555969e+03 1.192535830880273662e-24
2.736307594854566105e+03 1.228523958032715568e-24
2.757631707607123190e+03 1.265614419282875803e-24
2.779121999697685624e+03 1.303827847125826668e-24
2.800779766165938327e+03 1.343146034822793769e-24
2.822606312143850573e+03 1.383707936324293181e-24
2.844602952934317727e+03 1.425427146524138615e-24
2.866771014090414610e+03 1.468366376743059175e-24
2.889111831495292336e+03 1.512554796611029382e-24
2.911626751442673140e+03 1.558023235230681299e-24
2.934317130717970031e+03 1.604804453688030597e-24
2.957184336680067190e+03 1.652933363034324194e-24
2.980229747343711097e+03 1.702449983795982842e-24
3.003454751462540571e+03 1.753378820886696720e-24
3.026860748612797124e+03 1.805779937406777197e-24
3.050449149277652850e+03 1.859688078695577979e-24
3.074221374932201797e+03 1.915149797193854628e-24
3.098178858129137552e+03 1.972213642099151117e-24
3.122323042585072017e+03 2.030930755164464285e-24
3.146655383267527668e+03 2.091355240202861830e-24
3.171177346482633311e+03 2.153565134049325919e-24
3.195890409963478305e+03 2.217549990074867469e-24
3.220796062959153005e+03 2.283446875791434099e-24
3.245895806324512705e+03 2.351294639715251076e-24
3.271191152610610516e+03 2.421162771440737330e-24
3.296683626155838283e+03 2.493123843571353645e-24
3.322374763177804653e+03 2.567254017051933879e-24
3.348266111865900257e+03 2.643634896139801558e-24
3.374359232474582768e+03 2.722337862923203465e-24
3.400655697417423198e+03 2.803467859008583970e-24
3.427157091361845232e+03 2.887105880177126257e-24
3.453865011324629904e+03 2.973347629127104630e-24
3.480781066768138317e+03 3.062291640569904207e-24
3.507906879697322438e+03 3.154040200071242274e-24
3.535244084757458495e+03 3.248701609561165466e-24
3.562794329332642974e+03 3.346370400042224156e-24
3.590559273645089434e+03 3.447178996435069520e-24
3.618540590855162463e+03 3.551231160766288816e-24
3.646739967162196990e+03 3.658644129467608519e-24
3.675159101906131582e+03 3.769535192911785507e-24
3.703799707669903000e+03 3.884021994390465277e-24
3.732663510382638378e+03 4.002177087583371665e-24
3.761752249423684134e+03 4.124234165051086206e-24
3.791067677727412502e+03 4.250184762026433882e-24
3.820611561888846154e+03 4.380163885611351666e-24
3.850385682270137295e+03 4.514259518797683672e-24
3.880391833107845287e+03 4.652543990595948296e-24
3.910631822621046013e+03 4.795075085728680305e-24
3.941107473120324357e+03 4.941850929502333213e-24
3.971820621117577048e+03 5.092895459906344899e-24
4.002773117436670418e+03 5.248142264735877253e-24
4.033966827324999485e+03 5.407487494342327383e-24
4.065403630565878302e+03 5.570761908446550497e-24
4.097085421591806153e+03 5.737724867688833534e-24
4.129014109598654613e+03 5.908000885389706008e-24
4.161191618660706808e+03 6.081172460507916470e-24
4.193619887846588426e+03 6.256633961118491763e-24
4.226300871336150522e+03 6.433643567034640076e-24
4.259236538538216337e+03 6.611283677127661734e-24
4.292428874209245805e+03 6.788408308188788670e-24
4.325879878572969574e+03 6.963766494663363145e-24
4.359591567440910694e+03 7.135720392909872754e-24
4.393565972333847640e+03 7.302487916931685782e-24
4.427805140604265034e+03 7.462028030290936003e-24
4.462311135559713875e+03 7.612080614335831247e-24
4.497086036587142189e+03 7.750174704037503714e-24
4.532131939278221580e+03 7.873751615340748470e-24
4.567450955555624205e+03 7.980152300310495086e-24
4.603045213800271085e+03 8.066772908357334781e-24
4.638916858979625431e+03 8.131163501545315982e-24
4.675068052776933655e+03 8.171137615454206580e-24
4.711500973721477749e+03 8.184953630366550878e-24
4.748217817319889036e+03 8.171342288721489577e-24
4.785220796188435088e+03 8.129659814672613925e-24
4.822512140186340730e+03 8.059915054740958025e-24
4.860094096550195900e+03 7.962764360399402904e-24
4.897968930029359399e+03 7.839525044022117654e-24
4.936138923022424024e+03 7.692016707207210828e-24
4.974606375714784917e+03 7.522515211804907044e-24
5.013373606217240194e+03 7.333601869994894070e-24
5.052442950705666590e+03 7.128019688778697984e-24
5.091816763561832886e+03 6.908590509231357795e-24
5.131497417515263805e+03 6.678047289684317318e-24
5.171487303786206212e+03 6.438990033513647199e-24
5.211788832229764921e+03 6.193814967176733781e-24
5.252404431481100801e+03 5.944642610352978792e-24
5.293336549101775745e+03 5.693377853002647508e-24
5.334587651727275443e+03 5.441620847467287823e-24
5.376160225215634455e+03 5.190728163076610268e-24
5.418056774797226353e+03 4.941813379692112019e-24
5.460279825225763489e+03 4.695798273790002985e-24
5.502831920930424531e+03 4.453400759846731073e-24
5.545715626169172538e+03 4.215196725960442376e-24
5.588933525183312668e+03 3.981662599376657866e-24
5.632488222353206766e+03 3.753071169190345744e-24
5.676382342355199398e+03 3.529793233385295062e-24
5.720618530319820820e+03 3.312045944951101276e-24
5.765199451991168644e+03 3.100063880822333541e-24
5.810127793887530970e+03 2.894089194527191409e-24
5.855406263463321011e+03 2.694425847274079654e-24
5.901037589272206787e+03 2.501450389615822751e-24
5.947024521131527763e+03 2.315672680621522670e-24
5.993369830288033882e+03 2.137782749198766561e-24
6.040076309584871524e+03 1.968732996838131950e-24
6.087146773629861855e+03 1.809810355675260460e-24
6.134584058965156146e+03 1.662748032941017524e-24
6.182391024238146201e+03 1.529823058800974322e-24
6.230570550373715378e+03 1.413935004185313469e-24
6.279125540747884770e+03 1.318553434919334354e-24
6.328058921362751789e+03 1.247458788099685411e-24
6.377373641022825723e+03 1.204141411352265522e-24
6.427072671512701163e+03 1.190970832704314382e-24
6.477159007776187536e+03 1.208413136650762194e-24
6.527635668096761037e+03 1.254826352611941246e-24
6.578505694279438103e+03 1.326953851018754111e-24
6.629772151834115903e+03 1.420785140948977365e-24
6.681438130160286164e+03 1.532348875650636069e-24
6.733506742733188730e+03 1.658168471155424201e-24
6.785981127291471239e+03 1.795426792494269034e-24
6.838864446026256701e+03 1.941937832101032990e-24
6.892159885771680820e+03 2.096050104936508338e-24
6.945870658196978184e+03 2.256557035841805731e-24
7.000000000000001819e+03 2.422555654726890675e-24
