3.000000000000000000e+00 2.390865550270137201e-21
3.023379074186677951e+00 2.069606961192330399e-21
3.046940342076630781e+00 1.802190155767937569e-21
3.070685223509894257e+00 1.577414525044376267e-21
3.094615149391351849e+00 1.386893694432752205e-21
3.118731561776963979e+00 1.224230613345430412e-21
3.143035913960669614e+00 1.084466246490560470e-21
3.167529670561962885e+00 9.637015725911968841e-22
3.192214307614152702e+00 8.588325220741026608e-22
3.217091312653314272e+00 7.673603773862084206e-22
3.242162184807927616e+00 6.872537273915550249e-22
3.267428434889215527e+00 6.168463482138710411e-22
3.292891585482193850e+00 5.547605709982057082e-22
3.318553171037419425e+00 4.998490246768354939e-22
3.344414737963458339e+00 4.511498220267072908e-22
3.370477844720079830e+00 4.078517133035577572e-22
3.396744061912168711e+00 3.692667214787971731e-22
3.423214972384368782e+00 3.348084566936574267e-22
3.449892171316475409e+00 3.039747867229143428e-22
3.476777266319557746e+00 2.763338807908211982e-22
3.503871877532837242e+00 2.515128891013779138e-22
3.531177637721321538e+00 2.291886988393523038e-22
3.558696192374196876e+00 2.090803387610959132e-22
3.586429199803984336e+00 1.909427020797339858e-22
3.614378331246479004e+00 1.745613306515378948e-22
3.642545270961456083e+00 1.597480590331708813e-22
3.670931716334169703e+00 1.463373592700761497e-22
3.699539377977637766e+00 1.341832599970090331e-22
3.728369979835728820e+00 1.231567386628391973e-22
3.757425259287050068e+00 1.131435054926824680e-22
3.786706967249639177e+00 1.040421132929124398e-22
3.816216868286484765e+00 9.576233952798269358e-23
3.845956740711859112e+00 8.822379681934202878e-23
3.875928376698477340e+00 8.135473587742529845e-23
3.906133582385504788e+00 7.509101114629456754e-23
3.936574177987393064e+00 6.937518452496383595e-23
3.967251997903568306e+00 6.415574670017863109e-23
3.998168890828979194e+00 5.938643889477517096e-23
4.029326719865498063e+00 5.502566073676011924e-23
4.060727362634198201e+00 5.103595214656880765e-23
4.092372711388496676e+00 4.738353897079100016e-23
4.124264673128191561e+00 4.403793381740431679e-23
4.156405169714378012e+00 4.097158464758077352e-23
4.188796137985258738e+00 3.815956490366153423e-23
4.221439529872867524e+00 3.557929980357329568e-23
4.254337312520692471e+00 3.321032418451863907e-23
4.287491468402215844e+00 3.103406797591609882e-23
4.320903995440390055e+00 2.903616870330113847e-23
4.354576907128027585e+00 2.720039847474437398e-23
4.388512232649141254e+00 2.551132226409617733e-23
4.422712017001222407e+00 2.395623391603364409e-23
4.457178321118484554e+00 2.252355795057990207e-23
4.491913221996044037e+00 2.120274294937468927e-23
4.526918812815098114e+00 1.998416617870149259e-23
4.562197203069056073e+00 1.885904823113811927e-23
4.597750518690657096e+00 1.781937647206172832e-23
4.633580902180091776e+00 1.685783624164418557e-23
4.669690512734105958e+00 1.596774898573884897e-23
4.706081526376117985e+00 1.514301641514085020e-23
4.742756136087351138e+00 1.437807009184685527e-23
4.779716551938987479e+00 1.366782574200879267e-23
4.816965001225343990e+00 1.300764179207858175e-23
4.854503728598102974e+00 1.239328167963929760e-23
4.892334996201570085e+00 1.182087944646637800e-23
4.930461083808994616e+00 1.128690834569046834e-23
4.968884288959960038e+00 1.078815209871526896e-23
5.007606927098831484e+00 1.032167853024112696e-23
5.046631331714285906e+00 9.884815391357998850e-24
5.085959854479939146e+00 9.475128128731475495e-24
5.125594865396055688e+00 9.090399431842759713e-24
5.165538752932373079e+00 8.728610440226956730e-24
5.205793924172026799e+00 8.387923422974757355e-24
5.246362804956618220e+00 8.066665869806336449e-24
5.287247840032386570e+00 7.763315846695897644e-24
5.328451493197543520e+00 7.476488548527444481e-24
5.369976247450735762e+00 7.204923931001768177e-24
5.411824605140684419e+00 6.947475390666037889e-24
5.453999088116976424e+00 6.703099395984470267e-24
5.496502237882029185e+00 6.470845956832196874e-24
5.539336615744256065e+00 6.249849968786258742e-24
5.582504802972412250e+00 6.039323270130857023e-24
5.626009400951136996e+00 5.838547420175606044e-24
5.669853031337731331e+00 5.646867128433440078e-24
5.714038336220133019e+00 5.463684256298480263e-24
5.758567978276136756e+00 5.288452398622294533e-24
5.803444640933850707e+00 5.120671944334438411e-24
5.848671028533408034e+00 4.959885616823766916e-24
5.894249866489925438e+00 4.804849790639722767e-24
5.940183901457753102e+00 4.653813832774836882e-24
5.986475901495984075e+00 4.508849391581654629e-24
6.033128656235260401e+00 4.369620367068363699e-24
6.080144977045891963e+00 4.235816509775608390e-24
6.127527697207263202e+00 4.107151031825336020e-24
6.175279672078572979e+00 3.983358446443856403e-24
6.223403779270908487e+00 3.864192605126749794e-24
6.271902918820651429e+00 3.749424962045033173e-24
6.320780013364233341e+00 3.638842961273840457e-24
6.370038008314270250e+00 3.532248629703511802e-24
6.419679872037050039e+00 3.429457252377739014e-24
6.469708596031408021e+00 3.330296239733710880e-24
6.520127195109008511e+00 3.234604056433918208e-24
6.570938707576019056e+00 3.142229277357144764e-24
6.622146195416195980e+00 3.053029734618744870e-24
6.673752744475415000e+00 2.965967397569545720e-24
6.725761464647628252e+00 2.881386538400583205e-24
6.778175490062257502e+00 2.799657362228482993e-24
6.830997979273086607e+00 2.720666647770708497e-24
6.884232115448578604e+00 2.644307225030315022e-24
6.937881106563702716e+00 2.570477512857439001e-24
6.991948185593272136e+00 2.499081111852780613e-24
7.046436610706736658e+00 2.430026418966324951e-24
7.101349665464545602e+00 2.363226289446221295e-24
7.156690659016025080e+00 2.298597719786445525e-24
7.212462926298772281e+00 2.236061569426093972e-24
7.268669828239636921e+00 2.175542312655553624e-24
7.325314751957265003e+00 2.116967791273025620e-24
7.382401110966188895e+00 2.060269004463215128e-24
7.439932345382551659e+00 2.005379928147791870e-24
7.497911922131407003e+00 1.952237319277499492e-24
7.556343335155633945e+00 1.900780567940920539e-24
7.615230105626504375e+00 1.850951539319921836e-24
7.674575782155860004e+00 1.802694445426286349e-24
7.734383941009959962e+00 1.755955711070861722e-24
7.794658186324999072e+00 1.710683862228583886e-24
7.855402150324295896e+00 1.666829423031836367e-24
7.916619493537168317e+00 1.624344811994247256e-24
7.978313905019535746e+00 1.583184247369964858e-24
8.040489102576222180e+00 1.543303671043039852e-24
8.103148832984988559e+00 1.504660659846137344e-24
8.166296872222336134e+00 1.467214359509803726e-24
8.229937025691045349e+00 1.430925409341416812e-24
8.294073128449483079e+00 1.395755878008914849e-24
8.358709045442731522e+00 1.361669206622881218e-24
8.423848671735486349e+00 1.328630146764832340e-24
8.489495932746768503e+00 1.296604709573348237e-24
8.555654784486495856e+00 1.265560110331350572e-24
8.622329213793868519e+00 1.235464726098494628e-24
8.689523238577617548e+00 1.206288044293741788e-24
8.757240908058138373e+00 1.178000617960608216e-24
8.825486303011505385e+00 1.150574032414731215e-24
8.894263536015376559e+00 1.123980855905954763e-24
8.963576751696830769e+00 1.098194607300172023e-24
9.033430126982132435e+00 1.073189718873232574e-24
9.103827871348423528e+00 1.048941501313891514e-24
9.174774227077424626e+00 1.025426111269787604e-24
9.246273469511047338e+00 1.002620517569389935e-24
9.318329907309045979e+00 9.805024735157586262e-25
9.390947882708687189e+00 9.590504850647585641e-25
9.464131771786378877e+00 9.382437849705934301e-25
9.537885984721404142e+00 9.180623053599669888e-25
9.612214966061698007e+00 8.984866504790238592e-25
9.687123194991649200e+00 8.794980721729351876e-25
9.762615185602044221e+00 8.610784489319081005e-25
9.838695487162103959e+00 8.432102567247877291e-25
9.915368684393603971e+00 8.258765526377009582e-25
9.992639397747167251e+00 8.090609507097629802e-25
1.007051228368071882e+01 7.934001899093542933e-25
1.014899203494005953e+01 7.782520411136329419e-25
1.022808338084167801e+01 7.635329122635334539e-25
1.030779108755775475e+01 7.492302067120026274e-25
1.038811995840335101e+01 7.353317319646752930e-25
1.046907483412588746e+01 7.218256878960432161e-25
1.055066059319685934e+01 7.087006503838836876e-25
1.063288215210579679e+01 6.959455551079943078e-25
1.071574446565655414e+01 6.835496887486417492e-25
1.079925252726591012e+01 6.715026744053297015e-25
1.088341136926445074e+01 6.597944562769922369e-25
1.096822606319983606e+01 6.484152917156081931e-25
1.105370172014243657e+01 6.373557380332736804e-25
1.113984349099330551e+01 6.266066417089737569e-25
1.122665656679461144e+01 6.161591257075962255e-25
1.131414617904242803e+01 6.060045850417430604e-25
1.140231760000200723e+01 5.961346690650146270e-25
1.149117614302551083e+01 5.865412798838505084e-25
1.158072716287217041e+01 5.772165584428096351e-25
1.167097605603098742e+01 5.681528768427547428e-25
1.176192826104595213e+01 5.593428325177802007e-25
1.185358925884374592e+01 5.507792372583583365e-25
1.194596457306404602e+01 5.424551113511565407e-25
1.203905977039241115e+01 5.343636769393809447e-25
1.213288046089569505e+01 5.264983480451979117e-25
1.222743229836014933e+01 5.188527290543926979e-25
1.232272098063213228e+01 5.114206036222341341e-25
1.241875224996144311e+01 5.041959310822296407e-25
1.251553189334737759e+01 4.971728407981635108e-25
1.261306574288748017e+01 4.903456260764023181e-25
1.271135967612895179e+01 4.837087372770222208e-25
1.281041961642286786e+01 4.772567805430353761e-25
1.291025153328114428e+01 4.709845096269517112e-25
1.301086144273622835e+01 4.648868232215904213e-25
1.311225540770366216e+01 4.589587592745933511e-25
1.321443953834745422e+01 4.531954920008847041e-25
1.331741999244825436e+01 4.475923270270634156e-25
1.342120297577444710e+01 4.421446977914799885e-25
1.352579474245614577e+01 4.368481613380340264e-25
1.363120159536203424e+01 4.316983963538949729e-25
1.373742988647920527e+01 4.266911980351304994e-25
1.384448601729596717e+01 4.218224760689562173e-25
1.395237643918756554e+01 4.170882507697169531e-25
1.406110765380496730e+01 4.124846499685795730e-25
1.417068621346669133e+01 4.080079072423956244e-25
1.428111872155361617e+01 4.036543580382173168e-25
1.439241183290693016e+01 3.994204379451720067e-25
1.450457225422918128e+01 3.953026785036586146e-25
1.461760674448840014e+01 3.912977070251178004e-25
1.473152211532542033e+01 3.874022425254902561e-25
1.484632523146438210e+01 3.836130940256209890e-25
1.496202301112636057e+01 3.799271581337727673e-25
1.507862242644633000e+01 3.763414166384292733e-25
1.519613050389326148e+01 3.728529357664570572e-25
1.531455432469357625e+01 3.694588621108706254e-25
1.543390102525788343e+01 3.661564220658175350e-25
1.555417779761100050e+01 3.629429197746553377e-25
1.567539188982537013e+01 3.598157342144429657e-25
1.579755060645786280e+01 3.567723189866097998e-25
1.592066130898992427e+01 3.538101992035607552e-25
1.604473141627120114e+01 3.509269704419316686e-25
1.616976840496664281e+01 3.481202965371496642e-25
1.629577981000701570e+01 3.453879084556262670e-25
1.642277322504298454e+01 3.427276025157158092e-25
1.655075630290274091e+01 3.401372383277799557e-25
1.667973675605313844e+01 3.376147379100343027e-25
1.680972235706447293e+01 3.351580835885126578e-25
1.694072093907889709e+01 3.327653170720961583e-25
1.707274039628241269e+01 3.304345372376436927e-25
1.720578868438059672e+01 3.281638995096709500e-25
1.733987382107807917e+01 3.259516136796334988e-25
1.747500388656161974e+01 3.237959430217793537e-25
1.761118702398708180e+01 3.216952027501336527e-25
1.774843143997016526e+01 3.196477586715982199e-25
1.788674540508091226e+01 3.176520257357379864e-25
1.802613725434210679e+01 3.157064671715797638e-25
1.816661538773160700e+01 3.138095925928980580e-25
1.830818827068848265e+01 3.119599572841024347e-25
1.845086443462317405e+01 3.101561607242532002e-25
1.859465247743164085e+01 3.083968453664801847e-25
1.873956106401342936e+01 3.066806956325712659e-25
1.888559892679387175e+01 3.050064365532386098e-25
1.903277486625032822e+01 3.033728326576090458e-25
1.918109775144246498e+01 3.017786870956127494e-25
1.933057652054675302e+01 3.002228402612234579e-25
1.948122018139512690e+01 2.987041689164119836e-25
1.963303781201774356e+01 2.972215849589389452e-25
1.978603856119007531e+01 2.957740346660413799e-25
1.994023164898425549e+01 2.943604974636453892e-25
2.009562636732463758e+01 2.929799849411592058e-25
2.025223208054777757e+01 2.916315401933571158e-25
2.041005822596676111e+01 2.903142364800186267e-25
2.056911431443985094e+01 2.890271765951270667e-25
2.072940993094369944e+01 2.877694918712952975e-25
2.089095473515089907e+01 2.865403413553348631e-25
2.105375846201209811e+01 2.853389108243447646e-25
2.121783092234269219e+01 2.841644122231596747e-25
2.138318200341397457e+01 2.830160825290537740e-25
2.154982166954898304e+01 2.818931832522141056e-25
2.171775996272300446e+01 2.807949994844124457e-25
2.188700700316866232e+01 2.797208392327513604e-25
2.205757298998579330e+01 2.786700326693262796e-25
2.222946820175610938e+01 2.776419314555118542e-25
2.240270299716252822e+01 2.766359079891620584e-25
2.257728781561344533e+01 2.756513548005115198e-25
2.275323317787184862e+01 2.746876838796809878e-25
2.293054968668926463e+01 2.737443260143109238e-25
2.310924802744472473e+01 2.728207302244987044e-25
2.328933896878871934e+01 2.719163631587862309e-25
2.347083336329205494e+01 2.710307084271818179e-25
2.365374214809989795e+01 2.701632662087471640e-25
2.383807634559089195e+01 2.693135525746428283e-25
2.402384706404131620e+01 2.684810989758880622e-25
2.421106549829451282e+01 2.676654517546626248e-25
2.439974293043556486e+01 2.668661716693967339e-25
2.458989073047107254e+01 2.660828333898067021e-25
2.478152035701439360e+01 2.653150249915229623e-25
2.497464335797616286e+01 2.645623475649179192e-25
2.516927137126014813e+01 2.638244147629911697e-25
2.536541612546457714e+01 2.631008523471943013e-25
2.556308944058897836e+01 2.623912978288236569e-25
2.576230322874638290e+01 2.616954000187592546e-25
2.596306949488122484e+01 2.610128186767649556e-25
2.616540033749279459e+01 2.603432241320038531e-25
2.636930794936425215e+01 2.596862969241838614e-25
2.657480461829742424e+01 2.590417274513122476e-25
2.678190272785330706e+01 2.584092156553392381e-25
2.699061475809826760e+01 2.577884706656875203e-25
2.720095328635613185e+01 2.571792105124669773e-25
2.741293098796615979e+01 2.565811617963439875e-25
2.762656063704679710e+01 2.559940594409625696e-25
2.784185510726555535e+01 2.554176463567191566e-25
2.805882737261472570e+01 2.548516732183718761e-25
2.827749050819322818e+01 2.542958981531669295e-25
2.849785769099460708e+01 2.537500865338040069e-25
2.871994220070099502e+01 2.532140106874427522e-25
2.894375742048341138e+01 2.526874496968997604e-25
2.916931683780831364e+01 2.521701891625615187e-25
2.939663404525025925e+01 2.516620209560874828e-25
2.962572274131109040e+01 2.511627430414520362e-25
2.985659673124544611e+01 2.506721592448079519e-25
3.008926992789260524e+01 2.501900790802583379e-25
3.032375635251500157e+01 2.497163175267886314e-25
3.056007013564306618e+01 2.492506948847420436e-25
3.079822551792681296e+01 2.487930365592950626e-25
3.103823685099403207e+01 2.483431729058757667e-25
3.128011859831505959e+01 2.479009390682505903e-25
3.152388533607441090e+01 2.474661748141243215e-25
3.176955175404921761e+01 2.470387243758779286e-25
3.201713265649436124e+01 2.466184363185566875e-25
3.226664296303464141e+01 2.462051633752787939e-25
3.251809770956392498e+01 2.457987623315847654e-25
3.277151204915110583e+01 2.453990938739908357e-25
3.302690125295332990e+01 2.450060224664503299e-25
3.328428071113629017e+01 2.446194162377834124e-25
3.354366593380158434e+01 2.442391468485967541e-25
3.380507255192139837e+01 2.438650893831912705e-25
3.406851631828053684e+01 2.434971222374998581e-25
3.433401310842558019e+01 2.431351270184733885e-25
3.460157892162165183e+01 2.427789884245631470e-25
3.487122988181658201e+01 2.424285941700941641e-25
3.514298223861248260e+01 2.420838348674424315e-25
3.541685236824501004e+01 2.417446039461013817e-25
3.569285677457028783e+01 2.414107975659004206e-25
3.597101209005933953e+01 2.410823145279653628e-25
3.625133507680045142e+01 2.407590561853188265e-25
3.653384262750932976e+01 2.404409263779850929e-25
3.681855176654698880e+01 2.401278313414088110e-25
3.710547965094568923e+01 2.398196796466951606e-25
3.739464357144293416e+01 2.395163821146082062e-25
3.768606095352331664e+01 2.392178517566843235e-25
3.797974935846865918e+01 2.389240037077794409e-25
3.827572648441636005e+01 2.386347551598889373e-25
3.857401016742574740e+01 2.383500253003650821e-25
3.887461838255303803e+01 2.380697352534100186e-25
3.917756924493453852e+01 2.377938080237282581e-25
3.948288101087822355e+01 2.375221684392887381e-25
3.979057207896390480e+01 2.372547430979099452e-25
4.010066099115206129e+01 2.369914603186023014e-25
4.041316643390103280e+01 2.367322500887229886e-25
4.072810723929327992e+01 2.364770440179263710e-25
4.104550238617008517e+01 2.362257752904279041e-25
4.136537100127531374e+01 2.359783786230619910e-25
4.168773236040807717e+01 2.357347902187882424e-25
4.201260588958419362e+01 2.354949477288479050e-25
4.234001116620692784e+01 2.352587902085475959e-25
4.266996792024676921e+01 2.350262580835945676e-25
4.300249603543031185e+01 2.347972931073167494e-25
4.333761555043851388e+01 2.345718383296667980e-25
4.367534666011432876e+01 2.343498380591280907e-25
4.401570971667955945e+01 2.341312378299035101e-25
4.435872523096138309e+01 2.339159843693641225e-25
4.470441387362842534e+01 2.337040255689666675e-25
4.505279647643626362e+01 2.334953104506676176e-25
4.540389403348287800e+01 2.332897891392348224e-25
4.575772770247383647e+01 2.330874128338898093e-25
4.611431880599715782e+01 2.328881337818614106e-25
4.647368883280831398e+01 2.326919052511006108e-25
4.683585943912525096e+01 2.324986815047253000e-25
4.720085244993330065e+01 2.323084177769600161e-25
4.756868986030042379e+01 2.321210702494242039e-25
4.793939383670277010e+01 2.319365960269376940e-25
4.831298671836032099e+01 2.317549531178747948e-25
4.868949101858314776e+01 2.315761004100296022e-25
4.906892942612816455e+01 2.313999976507384362e-25
4.945132480656627649e+01 2.312266054284002893e-25
4.983670020366032816e+01 2.310558851497960301e-25
5.022507884075386642e+01 2.308877990254872942e-25
5.061648412217044779e+01 2.307223100472456610e-25
5.101093963462410130e+01 2.305593819744047052e-25
5.140846914864078343e+01 2.303989793142648274e-25
5.180909661999065463e+01 2.302410673069421878e-25
5.221284619113180980e+01 2.300856119088866226e-25
5.261974219266517139e+01 2.299325797775866717e-25
5.302980914480057351e+01 2.297819382577906725e-25
5.344307175883443506e+01 2.296336553651914496e-25
5.385955493863902177e+01 2.294876997740991900e-25
5.427928378216299166e+01 2.293440408029093483e-25
5.470228358294394866e+01 2.292026484023429737e-25
5.512857983163273445e+01 2.290634931412862277e-25
5.555819821752935184e+01 2.289265461956896304e-25
5.599116463013128708e+01 2.287917793367277102e-25
5.642750516069339994e+01 2.286591649183284780e-25
5.686724610380037603e+01 2.285286758676645964e-25
5.731041395895132240e+01 2.284002856733204219e-25
5.775703543215650626e+01 2.282739683755448606e-25
5.820713743754681246e+01 2.281496985559498135e-25
5.866074709899567097e+01 2.280274513280587888e-25
5.911789175175346145e+01 2.279072023277685455e-25
5.957859894409484980e+01 2.277889277048092647e-25
6.004289643897896411e+01 2.276726041132194183e-25
6.051081221572227520e+01 2.275582087039550315e-25
6.098237447168475001e+01 2.274457191161423060e-25
6.145761162396918564e+01 2.273351134692874444e-25
6.193655231113346105e+01 2.272263703562444851e-25
6.241922539491645239e+01 2.271194688353260358e-25
6.290565996197736354e+01 2.270143884241017148e-25
6.339588532564837209e+01 2.269111090920464895e-25
6.388993102770116650e+01 2.268096112548348453e-25
6.438782684012728907e+01 2.267098757676653096e-25
6.488960276693207163e+01 2.266118839200319352e-25
6.539528904594276071e+01 2.265156174297234476e-25
6.590491615063088204e+01 2.264210584380343455e-25
6.641851479194833985e+01 2.263281895045392774e-25
6.693611592017829537e+01 2.262369936029518574e-25
6.745775072680027051e+01 2.261474541163500920e-25
6.798345064636970392e+01 2.260595548337960993e-25
6.851324735841228630e+01 2.259732799463289586e-25
6.904717278933314617e+01 2.258886140442825173e-25
6.958525911434054478e+01 2.258055421142389318e-25
7.012753875938497572e+01 2.257240495369517621e-25
7.067404440311324265e+01 2.256441220854764302e-25
7.122480897883757223e+01 2.255657459238924216e-25
7.177986567652027361e+01 2.254889076069142238e-25
7.233924794477398734e+01 2.254135940797296499e-25
7.290298949287712560e+01 2.253397926788793934e-25
7.347112429280528545e+01 2.252674911340491057e-25
7.404368658127866354e+01 2.251966775706324793e-25
7.462071086182491797e+01 2.251273405135688689e-25
7.520223190685867110e+01 2.250594688927296736e-25
7.578828475977674373e+01 2.249930520493905346e-25
7.637890473707000183e+01 2.249280797448382503e-25
7.697412743045173045e+01 2.248645421713092100e-25
7.757398870900217958e+01 2.248024299651730225e-25
7.817852472133024833e+01 2.247417342234134518e-25
7.878777189775192369e+01 2.246824465239080827e-25
7.940176695248545968e+01 2.246245589501819353e-25
8.002054688586392217e+01 2.245680641219486458e-25
8.064414898656497144e+01 2.245129552323328157e-25
8.127261083385778306e+01 2.244592260939100855e-25
8.190597029986767552e+01 2.244068711953800127e-25
8.254426555185850134e+01 2.243558857717798188e-25
8.318753505453241814e+01 2.243062658919064558e-25
8.383581757234797749e+01 2.242580085678711633e-25
8.448915217185621884e+01 2.242111118929276517e-25
8.514757822405468346e+01 2.241655752166118056e-25
8.581113540676001605e+01 2.241213993688630903e-25
8.647986370699926795e+01 2.240785869490116182e-25
8.715380342341917697e+01 2.240371427030607756e-25
8.783299516871490198e+01 2.239970740203849212e-25
8.851747987207740209e+01 2.239583915964056942e-25
8.920729878165977311e+01 2.239211103276641063e-25
8.990249346706292499e+01 2.238852505385204824e-25
9.060310582184085604e+01 2.238508396893739890e-25
9.130917806602495546e+01 2.238179147969415853e-25
9.202075274866830057e+01 2.237865259319860500e-25
9.273787275041000555e+01 2.237567413855939086e-25
9.346058128605885429e+01 2.237286554909793122e-25
9.418892190719775215e+01 2.237024008023776193e-25
9.492293850480828610e+01 2.236781676769059532e-25
9.566267531191542162e+01 2.236562369496472914e-25
9.640817690625316061e+01 2.236370368770207711e-25
9.715948821295106086e+01 2.236212476213066293e-25
9.791665450724114805e+01 2.236100052738840949e-25
9.867972141718647094e+01 2.236053320078090099e-25
9.944873492643085910e+01 2.236111355710128045e-25
1.002237413769696843e+02 2.236358480998715969e-25
1.010047874719425067e+02 2.237007396203884180e-25
1.017919202784478472e+02 2.238740507472393734e-25
1.025851872303792192e+02 2.244927293033523248e-25
1.033846361312837132e+02 2.307690641337078907e-25
1.041903151572423241e+02 2.346464807200853617e-25
1.050022728597737967e+02 2.243281725151726034e-25
1.058205581687600016e+02 2.236630847569276937e-25
1.066452203953943325e+02 2.234897524173007879e-25
1.074763092351537921e+02 2.234188948203753289e-25
1.083138747707935323e+02 2.233822073040615044e-25
1.091579674753644582e+02 2.233603612446750848e-25
1.100086382152555871e+02 2.233462769968478023e-25
1.108659382532589319e+02 2.233368973406003235e-25
1.117299192516584156e+02 2.233307414177099050e-25
1.126006332753437249e+02 2.233270286269586973e-25
1.134781327949475127e+02 2.233253201021607074e-25
1.143624706900070578e+02 2.233253564500985227e-25
1.152537002521514893e+02 2.233269782709282352e-25
1.161518751883129568e+02 2.233300846609736989e-25
1.170570496239626834e+02 2.233346103746622690e-25
1.179692781063733946e+02 2.233405126872088456e-25
1.188886156079060470e+02 2.233477635475340906e-25
1.198151175293222082e+02 2.233563447364755630e-25
1.207488397031233518e+02 2.233662447938575444e-25
1.216898383969149506e+02 2.233774570192546499e-25
1.226381703167970159e+02 2.233899781426260471e-25
1.235938926107819071e+02 2.234038074229907446e-25
1.245570628722379070e+02 2.234189460267138641e-25
1.255277391433594403e+02 2.234353965919543927e-25
1.265059799186655596e+02 2.234531629193027574e-25
1.274918441485245921e+02 2.234722497493219637e-25
1.284853912427061289e+02 2.234926626008152303e-25
1.294866810739619325e+02 2.235144076520787441e-25
1.304957739816336186e+02 2.235374916530108657e-25
1.315127307752884178e+02 2.235619218595688604e-25
1.325376127383843823e+02 2.235877059846074285e-25
1.335704816319631050e+02 2.236148521608534800e-25
1.346113996983710308e+02 2.236433689129430989e-25
1.356604296650112076e+02 2.236732651362681545e-25
1.367176347481229470e+02 2.237045500810471593e-25
1.377830786565907033e+02 2.237372333403389003e-25
1.388568255957844144e+02 2.237713248411589155e-25
1.399389402714279811e+02 2.238068348379673931e-25
1.410294878934981853e+02 2.238437739080593514e-25
1.421285341801552420e+02 2.238821529484296956e-25
1.432361453617025404e+02 2.239219831738467855e-25
1.443523881845774781e+02 2.239632761158922029e-25
1.454773299153745256e+02 2.240060436227872285e-25
1.466110383448984180e+02 2.240502978598984426e-25
1.477535817922487809e+02 2.240960513107939249e-25
1.489050291089381517e+02 2.241433167788090035e-25
1.500654496830406970e+02 2.241921073890406011e-25
1.512349134433729603e+02 2.242424365907412023e-25
1.524134908637090291e+02 2.242943181601140045e-25
1.536012529670268520e+02 2.243477662034865235e-25
1.547982713297877240e+02 2.244027951608523670e-25
1.560046180862505310e+02 2.244594198098579510e-25
1.572203659328182255e+02 2.245176552702130836e-25
1.584455881324181519e+02 2.245775170086103167e-25
1.596803585189179557e+02 2.246390208442128975e-25
1.609247515015744341e+02 2.247021829548182623e-25
1.621788420695170316e+02 2.247670198838187532e-25
1.634427057962678873e+02 2.248335485481123742e-25
1.647164188442954185e+02 2.249017862471957908e-25
1.660000579696035743e+02 2.249717506736984124e-25
1.672937005263582364e+02 2.250434599257248076e-25
1.685974244715482087e+02 2.251169325214971393e-25
1.699113083696825299e+02 2.251921874169100249e-25
1.712354313975259004e+02 2.252692440268530394e-25
1.725698733488695211e+02 2.253481222514429283e-25
1.739147146393390528e+02 2.254288425087989611e-25
1.752700363112416539e+02 2.255114257764202408e-25
1.766359200384491714e+02 2.255958936443915631e-25
1.780124481313194451e+02 2.256822683846779354e-25
1.793997035416574590e+02 2.257705730429429463e-25
1.807977698677136971e+02 2.258608315622595352e-25
1.822067313592213509e+02 2.259530689528712138e-25
1.836266729224743983e+02 2.260473115298040598e-25
1.850576801254436248e+02 2.261435872527133844e-25
1.864998392029326340e+02 2.262419262236985635e-25
1.879532370617755248e+02 2.263423614362733509e-25
1.894179612860732789e+02 2.264449299368768048e-25
1.908941001424721833e+02 2.265496746896055273e-25
1.923817425854821010e+02 2.266566476931749643e-25
1.938809782628381413e+02 2.267659154446501167e-25
1.953918975209024325e+02 2.268775690795809142e-25
1.969145914101080166e+02 2.269917445556149067e-25
1.984491516904466835e+02 2.271086665267251440e-25
1.999956708369982152e+02 2.272287553013165355e-25
2.015542420455023489e+02 2.273529317129974982e-25
2.031249592379760713e+02 2.274837092754427339e-25
2.047079170683730354e+02 2.276308959631362239e-25
2.063032109282868873e+02 2.278787784125611815e-25
2.079109369527008937e+02 2.316000835348854073e-25
2.095311920257806548e+02 2.279965779797169167e-25
2.111640737867118389e+02 2.281012364964652646e-25
2.128096806355852948e+02 2.282340957607152957e-25
2.144681117393262753e+02 2.283726570223481655e-25
2.161394670376696752e+02 2.285143865662631948e-25
2.178238472491838138e+02 2.286588029462254304e-25
2.195213538773393793e+02 2.288058110575176056e-25
2.212320892166253827e+02 2.289554120911307143e-25
2.229561563587150204e+02 2.291076348588341775e-25
2.246936591986774658e+02 2.292625164210930887e-25
2.264447024412380358e+02 2.294200960869184258e-25
2.282093916070892590e+02 2.295804135234374953e-25
2.299878330392489829e+02 2.297435082243431465e-25
2.317801339094681907e+02 2.299094194376658888e-25
2.335864022246906018e+02 2.300781862406269844e-25
2.354067468335608453e+02 2.302498476504559737e-25
2.372412774329828551e+02 2.304244427328506468e-25
2.390901045747320666e+02 2.306020106964300803e-25
2.409533396721166127e+02 2.307825909715202180e-25
2.428310950066905889e+02 2.309662232748569830e-25
2.447234837350216878e+02 2.311529476626402863e-25
2.466306198955096249e+02 2.313428045743567781e-25
2.485526184152573421e+02 2.315358348695152859e-25
2.504895951169983448e+02 2.317320798589669427e-25
2.524416667260755673e+02 2.319315813323148230e-25
2.544089508774746662e+02 2.321343815826058903e-25
2.563915661229143552e+02 2.323405234293272480e-25
2.583896319379898614e+02 2.325500502407158282e-25
2.604032687293719732e+02 2.327630059563270572e-25
2.624325978420643537e+02 2.329794351109142881e-25
2.644777415667152241e+02 2.331993828608324705e-25
2.665388231469862035e+02 2.334228950145651875e-25
2.686159667869804935e+02 2.336500180693998043e-25
2.707092976587269959e+02 2.338807992572211921e-25
2.728189419097225255e+02 2.341152866036230689e-25
2.749450266705351851e+02 2.343535290066392589e-25
2.770876800624648695e+02 2.345955763448524846e-25
2.792470312052630561e+02 2.348414796302001838e-25
2.814232102249154082e+02 2.350912912306145166e-25
2.836163482614826989e+02 2.353450652047767086e-25
2.858265774770025587e+02 2.356028578232335782e-25
2.880540310634554544e+02 2.358647284116363436e-25
2.902988432507903553e+02 2.361307407776820311e-25
2.925611493150125284e+02 2.364009657567058635e-25
2.948410855863375559e+02 2.366754860529993300e-25
2.971387894574056077e+02 2.369544062107930704e-25
2.994543993915602869e+02 2.372378753709123200e-25
3.017880549311942673e+02 2.375261469101627029e-25
3.041398967061576855e+02 2.378197690565150177e-25
3.065100664422314480e+02 2.381204206176059571e-25
3.088987069696701724e+02 2.384377493598882849e-25
3.113059622318079391e+02 2.407122597201854769e-25
3.137319772937320295e+02 2.390169794164382246e-25
3.161768983510263524e+02 2.393306584570078336e-25
3.186408727385806401e+02 2.396513566713648804e-25
3.211240489394681958e+02 2.399764010163142133e-25
3.236265765938954928e+02 2.403059953031888274e-25
3.261486065082187338e+02 2.406403309351728966e-25
3.286902906640310107e+02 2.409795446211449518e-25
3.312517822273226216e+02 2.413237424337653206e-25
3.338332355577101112e+02 2.416730142135673822e-25
3.364348062177374459e+02 2.420274409865844283e-25
3.390566509822522789e+02 2.423870988704469062e-25
3.416989278478527012e+02 2.427520612296685772e-25
3.443617960424069793e+02 2.431223999233145667e-25
3.470454160346512253e+02 2.434981860604279878e-25
3.497499495438582926e+02 2.438794904769221678e-25
3.524755595495823854e+02 2.442663840491535465e-25
3.552224103014823982e+02 2.446589379090464642e-25
3.579906673292189225e+02 2.450572235990833313e-25
3.607804974524281647e+02 2.454613131909510384e-25
3.635920687907769207e+02 2.458712793838587069e-25
3.664255507740929261e+02 2.462871955944792619e-25
3.692811141525733660e+02 2.467091360491397803e-25
3.721589310070772285e+02 2.471371758897440474e-25
3.750591747594938852e+02 2.475713913085157090e-25
3.779820201831925033e+02 2.480118597341433577e-25
3.809276434135567797e+02 2.484586601067696201e-25
3.838962219585976641e+02 2.489118733080276741e-25
3.868879347096493007e+02 2.493715828708854146e-25
3.899029619521515997e+02 2.498378762192667410e-25
3.929414853765134694e+02 2.503108469762554786e-25
3.960036880890602902e+02 2.507905996073750683e-25
3.990897546230708599e+02 2.512772597228719520e-25
4.021998709498963649e+02 2.517710001262306324e-25
4.053342244901661502e+02 2.522721201289147579e-25
4.084930041250843828e+02 2.527813691039087905e-25
4.116764002078110138e+02 2.533022640577153953e-25
4.148846045749318137e+02 2.540559716365216824e-25
4.181178105580209490e+02 2.543303264053128252e-25
4.213762129952903024e+02 2.548701518075698794e-25
4.246600082433295711e+02 2.554153326797816706e-25
4.279693941889414077e+02 2.559672856805463748e-25
4.313045702610652938e+02 2.565265323793323860e-25
4.346657374427940113e+02 2.570933229653342922e-25
4.380530982834878273e+02 2.576678197030001998e-25
4.414668569109793452e+02 2.582501503062982248e-25
4.449072190438729422e+02 2.588404270217896348e-25
4.483743920039445356e+02 2.594387545880497801e-25
4.518685847286337207e+02 2.600452339628292917e-25
4.553900077836335072e+02 2.606599642358753353e-25
4.589388733755817498e+02 2.612830436909437373e-25
4.625153953648480751e+02 2.619145704426172640e-25
4.661197892784197165e+02 2.625546428540549615e-25
4.697522723228924519e+02 2.632033598465301709e-25
4.734130633975585738e+02 2.638608211705582994e-25
4.771023831075963244e+02 2.645271276958409512e-25
4.808204537773672200e+02 2.652023817865068668e-25
4.845674994638119415e+02 2.658866878654031189e-25
4.883437459699508736e+02 2.665801533630679364e-25
4.921494208584945795e+02 2.672828904683024220e-25
4.959847534655552863e+02 2.679950196687065019e-25
4.998499749144658608e+02 2.687166777244592090e-25
5.037453181297104834e+02 2.694480383309499153e-25
5.076710178509595153e+02 2.701893775753234680e-25
5.116273106472139034e+02 2.709413610043540316e-25
5.156144349310642383e+02 2.717075267823153052e-25
5.196326309730563935e+02 2.724927836689514077e-25
5.236821409161686915e+02 2.732409456056500082e-25
5.277632087904075888e+02 2.740340817098021988e-25
5.318760805275113626e+02 2.748358499103496218e-25
5.360210039757685081e+02 2.756475122304086274e-25
5.401982289149573262e+02 2.764694667147420310e-25
5.444080070713953319e+02 2.773019298027519481e-25
5.486505921331101945e+02 2.781450612584596664e-25
5.529262397651248193e+02 2.789989989017707889e-25
5.572352076248678259e+02 2.798638709475028302e-25
5.615777553776983950e+02 2.807398011843486094e-25
5.659541447125526474e+02 2.816269573750906515e-25
5.703646393577165554e+02 2.825254414058186286e-25
5.748095050967175439e+02 2.834353482647572612e-25
5.792890097843385320e+02 2.843568003416994696e-25
5.838034233627633967e+02 2.852899216859753846e-25
5.883530178778419213e+02 2.862348390632981302e-25
5.929380674954823007e+02 2.871917858464172164e-25
5.975588485181762053e+02 2.881609934512351004e-25
6.022156394016473087e+02 2.891424257333380026e-25
6.069087207716299872e+02 2.901362828412702702e-25
6.116383754407836477e+02 2.911428995348500860e-25
6.164048884257337022e+02 2.921632584104647270e-25
6.212085469642455564e+02 2.932092628495639728e-25
6.260496405325370688e+02 2.942249040808617384e-25
6.309284608627218631e+02 2.952863781716109897e-25
6.358453019603869052e+02 2.963573203932364081e-25
6.408004601223141208e+02 2.974407120797446279e-25
6.457942339543335493e+02 2.985371277588737364e-25
6.508269243893156499e+02 2.996468322452992902e-25
6.558988347053104917e+02 3.007700117232268180e-25
6.610102705438212070e+02 3.019068254076907510e-25
6.661615399282209182e+02 3.030574217389974097e-25
6.713529532823184809e+02 3.042219446944031577e-25
6.765848234490631512e+02 3.054005367480431555e-25
6.818574657093947735e+02 3.065933406205747137e-25
6.871711978012478994e+02 3.078005007553074001e-25
6.925263399386961964e+02 3.090221652354230761e-25
6.979232148312477193e+02 3.102584892949012816e-25
7.033621477032955909e+02 3.115096434272085712e-25
7.088434663137147709e+02 3.127759562743004369e-25
7.143675009756112786e+02 3.140577623882862200e-25
7.199345845762311455e+02 3.153559175611855030e-25
7.255450525970192075e+02 3.166885690606299305e-25
7.311992431338331926e+02 3.179847596660211347e-25
7.368974969173224281e+02 3.193306856872656887e-25
7.426401573334585464e+02 3.206901111391628282e-25
7.484275704442266033e+02 3.220649623022206717e-25
7.542600850084832018e+02 3.234556929118226183e-25
7.601380525029715045e+02 3.248625488171391141e-25
7.660618271434990447e+02 3.262857213708201522e-25
7.720317659062886833e+02 3.277253833450933813e-25
7.780482285494875896e+02 3.291817006806056962e-25
7.841115776348444797e+02 3.306548375025187211e-25
7.902221785495635231e+02 3.321449591903634132e-25
7.963803995283201402e+02 3.336522356331328312e-25
8.025866116754493760e+02 3.351768471104980229e-25
8.088411889873140126e+02 3.367189993699071273e-25
8.151445083748395746e+02 3.382789754417786011e-25
8.214969496862253209e+02 3.398574079997220334e-25
8.278988957298396372e+02 3.414595766667507875e-25
8.343507322972856173e+02 3.430564388293686469e-25
8.408528481866477478e+02 3.446920956655534857e-25
8.474056352259257210e+02 3.463430060982477869e-25
8.540094882966449177e+02 3.480119782180393195e-25
8.606648053576492430e+02 3.496995270501324403e-25
8.673719874690885945e+02 3.514059225121247017e-25
8.741314388165844775e+02 3.531313766422485348e-25
8.809435667355842270e+02 3.548761539730710455e-25
8.878087817359131577e+02 3.566416103649082464e-25
8.947274975265096373e+02 3.584266946869653408e-25
9.017001310403536536e+02 3.602316030015979117e-25
9.087271024595964946e+02 3.620565492780266795e-25
9.158088352408796027e+02 3.639018000620750221e-25
9.229457561408497668e+02 3.657678380988620946e-25
9.301382952418814511e+02 3.676571958535395612e-25
9.373868859779920513e+02 3.695497505311375691e-25
9.446919651609578068e+02 3.714827810912680372e-25
9.520539730066429911e+02 3.734321468833203344e-25
9.594733531615247557e+02 3.754021966438499078e-25
9.669505527294256808e+02 3.773935154181335157e-25
9.744860222984621032e+02 3.794064005435697921e-25
9.820802159681948069e+02 3.814410882324847012e-25
9.897335913769907165e+02 3.834977977211623987e-25
9.974466097296069620e+02 3.855767457385158510e-25
1.005219735824979466e+03 3.876781560106055505e-25
1.013053438084235040e+03 3.898022755890750375e-25
1.020948188578914824e+03 3.919494300242815397e-25
1.028904463059428053e+03 3.941203573924513011e-25
1.036922740983718768e+03 3.963286059981065624e-25
1.045003505546155566e+03 3.985237859568351227e-25
1.053147243706655672e+03 4.007658297505243907e-25
1.061354446220027512e+03 4.030304076193948533e-25
1.069625607665539974e+03 4.053187925839429634e-25
1.077961226476733827e+03 4.076313880398235604e-25
1.086361804971455058e+03 4.099684760650811493e-25
1.094827849382121485e+03 4.123303104253197383e-25
1.103359869886236311e+03 4.147171414540149187e-25
1.111958380637128130e+03 4.171292322427615770e-25
1.120623899794932186e+03 4.195668932974203583e-25
1.129356949557821736e+03 4.220306480368954080e-25
1.138158056193473385e+03 4.245236036681956206e-25
1.147027750070777074e+03 4.270281322639843296e-25
1.155966565691804135e+03 4.295726064968714139e-25
1.164975041724014091e+03 4.321413417615334142e-25
1.174053721032711564e+03 4.347365855394829309e-25
1.183203150713767400e+03 4.373588334351910237e-25
1.192423882126584203e+03 4.400084110202573428e-25
1.201716470927318369e+03 4.426856101120710900e-25
1.211081477102371991e+03 4.453907229736878341e-25
1.220519465002135348e+03 4.481240721336774488e-25
1.230031003374991315e+03 4.508861129087855774e-25
1.239616665401596720e+03 4.536784404146054080e-25
1.249277028729419499e+03 4.564871722758169387e-25
1.259012675507545055e+03 4.593406066524973263e-25
1.268824192421763883e+03 4.622191956247057494e-25
1.278712170729924765e+03 4.651271230823095626e-25
1.288677206297558541e+03 4.680649861231788040e-25
1.298719899633795194e+03 4.710331585532141650e-25
1.308840855927546954e+03 4.740319770085397276e-25
1.319040685083974950e+03 4.770617874280936527e-25
1.329320001761249159e+03 4.801230076235222621e-25
1.339679425407587132e+03 4.832165121536747596e-25
1.350119580298576466e+03 4.862718332794451286e-25
1.360641095574804922e+03 4.894928932663363042e-25
1.371244605279767711e+03 4.926827949333514725e-25
1.381930748398072865e+03 4.959048318123528914e-25
1.392700168893955606e+03 4.991598362095029409e-25
1.403553515750080123e+03 5.024482515325343747e-25
1.414491443006643976e+03 5.057704689307775031e-25
1.425514609800801281e+03 5.091268974540944765e-25
1.436623680406377389e+03 5.125180835988895942e-25
1.447819324273896427e+03 5.159460628260935785e-25
1.459102216070931036e+03 5.193989278950307277e-25
1.470473035722754730e+03 5.228978927401032643e-25
1.481932468453311458e+03 5.264305740321584091e-25
1.493481204826516205e+03 5.299992491168732047e-25
1.505119940787866653e+03 5.336045112935050314e-25
1.516849377706375208e+03 5.372468221654262481e-25
1.528670222416845718e+03 5.409266501225690850e-25
1.540583187262463071e+03 5.446446163481190504e-25
1.552588990137714973e+03 5.484034390166349144e-25
1.564688354531663890e+03 5.521902807553188601e-25
1.576882009571540493e+03 5.560255821989183086e-25
1.589170690066676798e+03 5.598989141971004619e-25
1.601555136552796966e+03 5.638119458740221801e-25
1.614036095336638937e+03 5.677652910688879342e-25
1.626614318540922113e+03 5.717594796114750320e-25
1.639290564149681586e+03 5.757951074581293862e-25
1.652065596053941363e+03 5.798734489111062604e-25
1.664940184097741849e+03 5.839842846921771695e-25
1.677915104124541813e+03 5.881508565644161535e-25
1.690991138023968006e+03 5.923564732942275862e-25
1.704169073778926304e+03 5.966054200656642017e-25
1.717449705513098706e+03 6.008984672247797882e-25
1.730833833538792760e+03 6.052362336450255858e-25
1.744322264405163878e+03 6.096194200578324723e-25
1.757915810946830561e+03 6.140498714615404281e-25
1.771615292332851595e+03 6.185183689848472229e-25
1.785421534116085240e+03 6.230423128576370704e-25
1.799335368282948593e+03 6.276118379422062810e-25
1.813357633303549846e+03 6.322291343973708622e-25
1.827489174182209808e+03 6.368949891660607893e-25
1.841730842508394517e+03 6.416101360832637251e-25
1.856083496508025974e+03 6.463756733347357745e-25
1.870548001095203745e+03 6.511751279914652466e-25
1.885125227924318551e+03 6.560539357476242876e-25
1.899816055442591278e+03 6.609724692787395601e-25
1.914621368943003745e+03 6.659430106525644706e-25
1.929542060617641937e+03 6.709665692491120850e-25
1.944579029611473061e+03 6.760439924632463818e-25
1.959733182076522326e+03 6.811764920265281043e-25
1.975005431226475366e+03 6.863517735576101371e-25
1.990396697391719727e+03 6.916032621637288227e-25
2.005907908074800844e+03 6.969033524253781709e-25
2.021539998006308224e+03 7.022606027917737611e-25
2.037293909201216138e+03 7.076761130830033712e-25
2.053170591015644732e+03 7.131508999859713189e-25
2.069171000204064057e+03 7.186871764737828561e-25
2.085296100976960588e+03 7.242769851649797691e-25
2.101546865058938693e+03 7.299354060526601273e-25
2.117924271747268904e+03 7.356551270158856401e-25
2.134429307970916398e+03 7.414381794567689625e-25
2.151062968350008305e+03 7.472857196616730870e-25
2.167826255255764409e+03 7.531993030482087299e-25
2.184720178870914424e+03 7.591715239156519156e-25
2.201745757250567294e+03 7.652219440737684777e-25
2.218904016383554790e+03 7.713371666582454053e-25
2.236195990254269873e+03 7.775216271229561817e-25
2.253622720904973448e+03 7.837766979939727968e-25
2.271185258498579060e+03 7.901040876184178666e-25
2.288884661381954174e+03 7.964970381674138758e-25
2.306721996149688039e+03 8.029740669053343896e-25
2.324698337708362033e+03 8.095230011025117850e-25
2.342814769341337978e+03 8.161481830741577682e-25
2.361072382774031212e+03 8.228511980637228003e-25
2.379472278239693878e+03 8.296345689660294572e-25
2.398015564545729376e+03 8.364920274966593993e-25
2.416703359140505199e+03 8.434373083771260680e-25
2.435536788180683743e+03 8.504646878621205341e-25
2.454516986599102438e+03 8.575766472923162514e-25
2.473645098173158203e+03 8.647751119510499397e-25
2.492922275593724407e+03 8.720360745498842568e-25
2.512349680534632625e+03 8.794333054199237964e-25
2.531928483722665987e+03 8.868996316922771159e-25
2.551659865008103225e+03 8.944583074642286656e-25
2.571545013435832971e+03 9.021114988112233236e-25
2.591585127317000570e+03 9.098645616193171796e-25
2.611781414301211498e+03 9.177050554776488662e-25
2.632135091449321862e+03 9.256526099187656927e-25
2.652647385306774140e+03 9.337019369334338658e-25
2.673319531977500901e+03 9.418551941877843287e-25
2.694152777198432432e+03 9.501170290248582355e-25
2.715148376414555969e+03 9.584785009402603956e-25
2.736307594854566105e+03 9.669562910899304698e-25
2.757631707607123190e+03 9.755460265807026605e-25
2.779121999697685624e+03 9.842506992796092271e-25
2.800779766165938327e+03 9.930791660377791182e-25
2.822606312143850573e+03 1.002011118118651961e-24
2.844602952934317727e+03 1.011074953900402263e-24
2.866771014090414610e+03 1.020263239653044024e-24
2.889111831495292336e+03 1.029579352678554310e-24
2.911626751442673140e+03 1.039018763530664505e-24
2.934317130717970031e+03 1.048601668438829205e-24
2.957184336680067190e+03 1.058316692260976437e-24
2.980229747343711097e+03 1.068170575794083887e-24
3.003454751462540571e+03 1.078168188294109458e-24
3.026860748612797124e+03 1.088304524535525199e-24
3.050449149277652850e+03 1.098594212927850546e-24
3.074221374932201797e+03 1.109034913456352058e-24
3.098178858129137552e+03 1.119630924247057345e-24
3.122323042585072017e+03 1.130380081329564121e-24
3.146655383267527668e+03 1.141297473863005571e-24
3.171177346482633311e+03 1.152378063641940137e-24
3.195890409963478305e+03 1.163627413255605847e-24
3.220796062959153005e+03 1.175036348492479495e-24
3.245895806324512705e+03 1.186643044112440037e-24
3.271191152610610516e+03 1.198419062727225012e-24
3.296683626155838283e+03 1.210377584899259559e-24
3.322374763177804653e+03 1.222612843937784837e-24
3.348266111865900257e+03 1.234852575043597813e-24
3.374359232474582768e+03 1.247377997083044186e-24
3.400655697417423198e+03 1.260098305873751374e-24
3.427157091361845232e+03 1.272983672433273027e-24
3.453865011324629904e+03 1.286130707054834426e-24
3.480781066768138317e+03 1.299449383654711684e-24
3.507906879697322438e+03 1.312970725473349631e-24
3.535244084757458495e+03 1.326688982734171492e-24
3.562794329332642974e+03 1.340619352372292078e-24
3.590559273645089434e+03 1.354747761185177176e-24
3.618540590855162463e+03 1.369075653349700419e-24
3.646739967162196990e+03 1.383594316258036609e-24
3.675159101906131582e+03 1.398306866612427134e-24
3.703799707669903000e+03 1.413200247585918941e-24
3.732663510382638378e+03 1.428268438961994569e-24
3.761752249423684134e+03 1.443486082564472229e-24
3.791067677727412502e+03 1.458851782145548813e-24
3.820611561888846154e+03 1.474339259689547849e-24
3.850385682270137295e+03 1.489918816898301355e-24
3.880391833107845287e+03 1.505570088257146225e-24
3.910631822621046013e+03 1.521248478887288861e-24
3.941107473120324357e+03 1.536915088243553275e-24
3.971820621117577048e+03 1.552501637342847102e-24
4.002773117436670418e+03 1.567962176330691266e-24
4.033966827324999485e+03 1.583215476693769070e-24
4.065403630565878302e+03 1.598168865003748302e-24
4.097085421591806153e+03 1.612727359708811559e-24
4.129014109598654613e+03 1.626766932907238162e-24
4.161191618660706808e+03 1.640145372626446879e-24
4.193619887846588426e+03 1.652715363346077828e-24
4.226300871336150522e+03 1.664289417444968295e-24
4.259236538538216337e+03 1.674656173828539550e-24
4.292428874209245805e+03 1.683623838749591711e-24
4.325879878572969574e+03 1.690917580024713834e-24
4.359591567440910694e+03 1.696300834631153252e-24
4.393565972333847640e+03 1.699438104617381446e-24
4.427805140604265034e+03 1.700103360172229873e-24
4.462311135559713875e+03 1.698000913847145322e-24
4.497086036587142189e+03 1.692832864322952025e-24
4.532131939278221580e+03 1.684390546256892896e-24
4.567450955555624205e+03 1.672492465715154730e-24
4.603045213800271085e+03 1.656945047666473698e-24
4.638916858979625431e+03 1.637778458080104086e-24
4.675068052776933655e+03 1.615023608067349543e-24
4.711500973721477749e+03 1.588882727362341030e-24
4.748217817319889036e+03 1.559639352898209706e-24
4.785220796188435088e+03 1.527723517855117567e-24
4.822512140186340730e+03 1.493684348581141305e-24
4.860094096550195900e+03 1.458154233968239535e-24
4.897968930029359399e+03 1.421840210536680547e-24
4.936138923022424024e+03 1.385495499053741824e-24
4.974606375714784917e+03 1.349872353307088147e-24
5.013373606217240194e+03 1.315692322144000762e-24
5.052442950705666590e+03 1.283628726103173962e-24
5.091816763561832886e+03 1.254256394286616092e-24
5.131497417515263805e+03 1.228062730631836821e-24
5.171487303786206212e+03 1.205398381814916811e-24
5.211788832229764921e+03 1.186502064029590685e-24
5.252404431481100801e+03 1.171497012649096996e-24
5.293336549101775745e+03 1.160398395647353673e-24
5.334587651727275443e+03 1.153099434739058932e-24
5.376160225215634455e+03 1.149461137858238923e-24
5.418056774797226353e+03 1.149252490808558904e-24
5.460279825225763489e+03 1.152215785799940195e-24
5.502831920930424531e+03 1.158009265592103445e-24
5.545715626169172538e+03 1.166508177073748958e-24
5.588933525183312668e+03 1.177258540840944990e-24
5.632488222353206766e+03 1.190037207148926174e-24
5.676382342355199398e+03 1.204589635942811048e-24
5.720618530319820820e+03 1.220676304087186530e-24
5.765199451991168644e+03 1.238089204000435276e-24
5.810127793887530970e+03 1.256639058729866915e-24
5.855406263463321011e+03 1.276151849778688249e-24
5.901037589272206787e+03 1.296494050250885647e-24
5.947024521131527763e+03 1.317535641348298852e-24
5.993369830288033882e+03 1.339173858695751800e-24
6.040076309584871524e+03 1.361315223168853209e-24
6.087146773629861855e+03 1.383886888933318498e-24
6.134584058965156146e+03 1.406820851408956802e-24
6.182391024238146201e+03 1.430069136046519972e-24
6.230570550373715378e+03 1.453573560869456936e-24
6.279125540747884770e+03 1.477328047340188290e-24
6.328058921362751789e+03 1.501277053512788126e-24
6.377373641022825723e+03 1.525398031619626392e-24
6.427072671512701163e+03 1.549681710703836307e-24
6.477159007776187536e+03 1.574105997330679865e-24
6.527635668096761037e+03 1.598665076567810315e-24
6.578505694279438103e+03 1.623345427858254616e-24
6.629772151834115903e+03 1.648145622951847444e-24
6.681438130160286164e+03 1.673057226988337380e-24
6.733506742733188730e+03 1.698082332018229800e-24
6.785981127291471239e+03 1.723215712029571112e-24
6.838864446026256701e+03 1.748462213532968222e-24
6.892159885771680820e+03 1.773818420926175804e-24
6.945870658196978184e+03 1.799291620988536662e-24
7.000000000000001819e+03 1.824878696531933695e-24
