3.000000000000000000e+00 3.586297650988730529e-21
3.023379074186677951e+00 3.104409973092317647e-21
3.046940342076630781e+00 2.703284950643887269e-21
3.070685223509894257e+00 2.366121675013905752e-21
3.094615149391351849e+00 2.080340587944935399e-21
3.118731561776963979e+00 1.836346116351386569e-21
3.143035913960669614e+00 1.626699709490720083e-21
3.167529670561962885e+00 1.445552837199320635e-21
3.192214307614152702e+00 1.288249396535813520e-21
3.217091312653314272e+00 1.151041312334385045e-21
3.242162184807927616e+00 1.030881468857300904e-21
3.267428434889215527e+00 9.252705311008417133e-22
3.292891585482193850e+00 8.321419964691405619e-22
3.318553171037419425e+00 7.497748089466996227e-22
3.344414737963458339e+00 6.767261382025240241e-22
3.370477844720079830e+00 6.117791100550350776e-22
3.396744061912168711e+00 5.539017593379078034e-22
3.423214972384368782e+00 5.022145015893432120e-22
3.449892171316475409e+00 4.559641387537717034e-22
3.476777266319557746e+00 4.145029249103553054e-22
3.503871877532837242e+00 3.772715855717729836e-22
3.531177637721321538e+00 3.437854516881439644e-22
3.558696192374196876e+00 3.136230665348290866e-22
3.586429199803984336e+00 2.864167700411144428e-22
3.614378331246479004e+00 2.618448750701005502e-22
3.642545270961456083e+00 2.396251335044209189e-22
3.670931716334169703e+00 2.195092534282682090e-22
3.699539377977637766e+00 2.012782777772974699e-22
3.728369979835728820e+00 1.847386726746543976e-22
3.757425259287050068e+00 1.697190033727774945e-22
3.786706967249639177e+00 1.560670989593575286e-22
3.816216868286484765e+00 1.436476254709130138e-22
3.845956740711859112e+00 1.323400016394701400e-22
3.875928376698477340e+00 1.220366032888935952e-22
3.906133582385504788e+00 1.126412118003068295e-22
3.936574177987393064e+00 1.040676696927386363e-22
3.967251997903568306e+00 9.623871262123960862e-23
3.998168890828979194e+00 8.908495199875758825e-23
4.029326719865498063e+00 8.254398679957865236e-23
4.060727362634198201e+00 7.655962639062149729e-23
4.092372711388496676e+00 7.108120898312281224e-23
4.124264673128191561e+00 6.606300288735663613e-23
4.156405169714378012e+00 6.146367940307220484e-23
4.188796137985258738e+00 5.724584801510342352e-23
4.221439529872867524e+00 5.337564583959669169e-23
4.254337312520692471e+00 4.982237439512008412e-23
4.287491468402215844e+00 4.655817781858641849e-23
4.320903995440390055e+00 4.356151099771454215e-23
4.354576907128027585e+00 4.080803139208105269e-23
4.388512232649141254e+00 3.827458601023104315e-23
4.422712017001222407e+00 3.594211484124000708e-23
4.457178321118484554e+00 3.379325391172239783e-23
4.491913221996044037e+00 3.181217537530253357e-23
4.526918812815098114e+00 2.998444445696270313e-23
4.562197203069056073e+00 2.829689142474768819e-23
4.597750518690657096e+00 2.673749676790322073e-23
4.633580902180091776e+00 2.529528800716064238e-23
4.669690512734105958e+00 2.396024689701328525e-23
4.706081526376117985e+00 2.272322566908426418e-23
4.742756136087351138e+00 2.157587141436411704e-23
4.779716551938987479e+00 2.051055755385395622e-23
4.816965001225343990e+00 1.952032164235768826e-23
4.854503728598102974e+00 1.859880883272708751e-23
4.892334996201570085e+00 1.774022026206003520e-23
4.930461083808994616e+00 1.693926595777747248e-23
4.968884288959960038e+00 1.619112171730572793e-23
5.007606927098831484e+00 1.549138955412556849e-23
5.046631331714285906e+00 1.483606142533729881e-23
5.085959854479939146e+00 1.422148587804332960e-23
5.125594865396055688e+00 1.364433736270719040e-23
5.165538752932373079e+00 1.310158803656918897e-23
5.205793924172026799e+00 1.259048177573734620e-23
5.246362804956618220e+00 1.210851030500141352e-23
5.287247840032386570e+00 1.165339122498277443e-23
5.328451493197543520e+00 1.122304783539297206e-23
5.369976247450735762e+00 1.081559057780522377e-23
5.411824605140684419e+00 1.042930005122186360e-23
5.453999088116976424e+00 1.006261145483115798e-23
5.496502237882029185e+00 9.714100289065212406e-24
5.539336615744256065e+00 9.382469369368798192e-24
5.582504802972412250e+00 9.066536909626930035e-24
5.626009400951136996e+00 8.765225688030750095e-24
5.669853031337731331e+00 8.477553189657737632e-24
5.714038336220133019e+00 8.202622608216550483e-24
5.758567978276136756e+00 7.939614717924129578e-24
5.803444640933850707e+00 7.687780464259039129e-24
5.848671028533408034e+00 7.446434274558048244e-24
5.894249866489925438e+00 7.213712140144814397e-24
5.940183901457753102e+00 6.986990273973686938e-24
5.986475901495984075e+00 6.769373177621262241e-24
6.033128656235260401e+00 6.560356963668621865e-24
6.080144977045891963e+00 6.359476504853000461e-24
6.127527697207263202e+00 6.166301851066738639e-24
6.175279672078572979e+00 5.980434989086785768e-24
6.223403779270908487e+00 5.801506898792761423e-24
6.271902918820651429e+00 5.629174950185040652e-24
6.320780013364233341e+00 5.463120484690431961e-24
6.370038008314270250e+00 5.303046704898381557e-24
6.419679872037050039e+00 5.148676687986108725e-24
6.469708596031408021e+00 4.999751686876335560e-24
6.520127195109008511e+00 4.856029523819432600e-24
6.570938707576019056e+00 4.717283174643470157e-24
6.622146195416195980e+00 4.583299489514012785e-24
6.673752744475415000e+00 4.452522605401779542e-24
6.725761464647628252e+00 4.325468378169927113e-24
6.778175490062257502e+00 4.202691574014352332e-24
6.830997979273086607e+00 4.084022413410393044e-24
6.884232115448578604e+00 3.969300183256335088e-24
6.937881106563702716e+00 3.858372543245090075e-24
6.991948185593272136e+00 3.751094915217509868e-24
7.046436610706736658e+00 3.647329905061238470e-24
7.101349665464545602e+00 3.546946795609998692e-24
7.156690659016025080e+00 3.449821071043821982e-24
7.212462926298772281e+00 3.355833999400168426e-24
7.268669828239636921e+00 3.264872260397198872e-24
7.325314751957265003e+00 3.176827574402677598e-24
7.382401110966188895e+00 3.091596387230804148e-24
7.439932345382551659e+00 3.009079599153425886e-24
7.497911922131407003e+00 2.929182271363814235e-24
7.556343335155633945e+00 2.851813404162919422e-24
7.615230105626504375e+00 2.776885699955540821e-24
7.674575782155860004e+00 2.704315370939539687e-24
7.734383941009959962e+00 2.634021938179254295e-24
7.794658186324999072e+00 2.565928064305606792e-24
7.855402150324295896e+00 2.499959399198028769e-24
7.916619493537168317e+00 2.436044424553050424e-24
7.978313905019535746e+00 2.374114312196625297e-24
8.040489102576222180e+00 2.314102810241322389e-24
8.103148832984988559e+00 2.255946110427531544e-24
8.166296872222336134e+00 2.199582749466969932e-24
8.229937025691045349e+00 2.144953496520870105e-24
8.294073128449483079e+00 2.092001257388000974e-24
8.358709045442731522e+00 2.040670989695343835e-24
8.423848671735486349e+00 1.990909610545642446e-24
8.489495932746768503e+00 1.942665920812616710e-24
8.555654784486495856e+00 1.895890522721024192e-24
8.622329213793868519e+00 1.850535757058220785e-24
8.689523238577617548e+00 1.806555626835007480e-24
8.757240908058138373e+00 1.763905731016597452e-24
8.825486303011505385e+00 1.722543215387255618e-24
8.894263536015376559e+00 1.682426699430818553e-24
8.963576751696830769e+00 1.643516228808129568e-24
9.033430126982132435e+00 1.605773220511982070e-24
9.103827871348423528e+00 1.569160411362215055e-24
9.174774227077424626e+00 1.533641810335008163e-24
9.246273469511047338e+00 1.499182648909767954e-24
9.318329907309045979e+00 1.465749340549881351e-24
9.390947882708687189e+00 1.433309433989187636e-24
9.464131771786378877e+00 1.401831575490031991e-24
9.537885984721404142e+00 1.371285468721603267e-24
9.612214966061698007e+00 1.341641834876784888e-24
9.687123194991649200e+00 1.312872376876345814e-24
9.762615185602044221e+00 1.284949748915643310e-24
9.838695487162103959e+00 1.257847513596007664e-24
9.915368684393603971e+00 1.231540118308056913e-24
9.992639397747167251e+00 1.206002859808885393e-24
1.007051228368071882e+01 1.182197278818853207e-24
1.014899203494005953e+01 1.159154483800255317e-24
1.022808338084167801e+01 1.136748337991813488e-24
1.030779108755775475e+01 1.114959878780365598e-24
1.038811995840335101e+01 1.093770765884874693e-24
1.046907483412588746e+01 1.073163264125399125e-24
1.055066059319685934e+01 1.053120219192956456e-24
1.063288215210579679e+01 1.033625033584063095e-24
1.071574446565655414e+01 1.014661653656869537e-24
1.079925252726591012e+01 9.962145478666980572e-25
1.088341136926445074e+01 9.782686837874150346e-25
1.096822606319983606e+01 9.608095162329576841e-25
1.105370172014243657e+01 9.438229673441287777e-25
1.113984349099330551e+01 9.272954102338509872e-25
1.122665656679461144e+01 9.112136496781886622e-25
1.131414617904242803e+01 8.955649152651571666e-25
1.140231760000200723e+01 8.803368342850214313e-25
1.149117614302551083e+01 8.655174290674917644e-25
1.158072716287217041e+01 8.510950954908220340e-25
1.167097605603098742e+01 8.370585909013875699e-25
1.176192826104595213e+01 8.233970248143524770e-25
1.185358925884374592e+01 8.100998416845402196e-25
1.194596457306404602e+01 7.971568114274797036e-25
1.203905977039241115e+01 7.845580187025805945e-25
1.213288046089569505e+01 7.722938470308339932e-25
1.222743229836014933e+01 7.603549758316182864e-25
1.232272098063213228e+01 7.487323627396703120e-25
1.241875224996144311e+01 7.374172373872158790e-25
1.251553189334737759e+01 7.264010920063324174e-25
1.261306574288748017e+01 7.156756713293324812e-25
1.271135967612895179e+01 7.052329612255195706e-25
1.281041961642286786e+01 6.950651859831694103e-25
1.291025153328114428e+01 6.851647949432209897e-25
1.301086144273622835e+01 6.755244576135691167e-25
1.311225540770366216e+01 6.661370541259616614e-25
1.321443953834745422e+01 6.569956698695711242e-25
1.331741999244825436e+01 6.480935872409417260e-25
1.342120297577444710e+01 6.394242793512334082e-25
1.352579474245614577e+01 6.309814028060376156e-25
1.363120159536203424e+01 6.227587939991373720e-25
1.373742988647920527e+01 6.147504604931247907e-25
1.384448601729596717e+01 6.069505772789697849e-25
1.395237643918756554e+01 5.993534801884967370e-25
1.406110765380496730e+01 5.919536605110424469e-25
1.417068621346669133e+01 5.847457617450259835e-25
1.428111872155361617e+01 5.777245730907111584e-25
1.439241183290693016e+01 5.708850263476645004e-25
1.450457225422918128e+01 5.642221889805266620e-25
1.461760674448840014e+01 5.577312635347980635e-25
1.473152211532542033e+01 5.514075809800480879e-25
1.484632523146438210e+01 5.452465978191839134e-25
1.496202301112636057e+01 5.392438921093784428e-25
1.507862242644633000e+01 5.333951595373168158e-25
1.519613050389326148e+01 5.276962121806752651e-25
1.531455432469357625e+01 5.221429720250899583e-25
1.543390102525788343e+01 5.167314700848374484e-25
1.555417779761100050e+01 5.114578432071315069e-25
1.567539188982537013e+01 5.063183295304289676e-25
1.579755060645786280e+01 5.013092682977870288e-25
1.592066130898992427e+01 4.964270950685567191e-25
1.604473141627120114e+01 4.916683402639693587e-25
1.616976840496664281e+01 4.870296258876848387e-25
1.629577981000701570e+01 4.825076640042138256e-25
1.642277322504298454e+01 4.780992542004426699e-25
1.655075630290274091e+01 4.738012806151636811e-25
1.667973675605313844e+01 4.696107108862882451e-25
1.680972235706447293e+01 4.655245931576338545e-25
1.694072093907889709e+01 4.615400550016663725e-25
1.707274039628241269e+01 4.576543002704317571e-25
1.720578868438059672e+01 4.538646085432954078e-25
1.733987382107807917e+01 4.501683320556089637e-25
1.747500388656161974e+01 4.465628947411852077e-25
1.761118702398708180e+01 4.430457902124216032e-25
1.774843143997016526e+01 4.396145800645441736e-25
1.788674540508091226e+01 4.362668920135586054e-25
1.802613725434210679e+01 4.330004189972886465e-25
1.816661538773160700e+01 4.298129165876751692e-25
1.830818827068848265e+01 4.267022023351355633e-25
1.845086443462317405e+01 4.236661538619819694e-25
1.859465247743164085e+01 4.207027073692230392e-25
1.873956106401342936e+01 4.178098564926415265e-25
1.888559892679387175e+01 4.149856505684125250e-25
1.903277486625032822e+01 4.122281933003283858e-25
1.918109775144246498e+01 4.095356418045910905e-25
1.933057652054675302e+01 4.069062048190116266e-25
1.948122018139512690e+01 4.043381417297713329e-25
1.963303781201774356e+01 4.018297609965912705e-25
1.978603856119007531e+01 3.993794193563569790e-25
1.994023164898425549e+01 3.969855202257133051e-25
2.009562636732463758e+01 3.946465124979158586e-25
2.025223208054777757e+01 3.923608898733043735e-25
2.041005822596676111e+01 3.901271890371318135e-25
2.056911431443985094e+01 3.879439890079604859e-25
2.072940993094369944e+01 3.858099098632168727e-25
2.089095473515089907e+01 3.837236117366939564e-25
2.105375846201209811e+01 3.816837935339612593e-25
2.121783092234269219e+01 3.796891923417525840e-25
2.138318200341397457e+01 3.777385818602220088e-25
2.154982166954898304e+01 3.758307718907159798e-25
2.171775996272300446e+01 3.739646070492101257e-25
2.188700700316866232e+01 3.721389659460352498e-25
2.205757298998579330e+01 3.703527602107672965e-25
2.222946820175610938e+01 3.686049336296998767e-25
2.240270299716252822e+01 3.668944611398749372e-25
2.257728781561344533e+01 3.652203480622610509e-25
2.275323317787184862e+01 3.635816292066597897e-25
2.293054968668926463e+01 3.619773679815858157e-25
2.310924802744472473e+01 3.604066556575890258e-25
2.328933896878871934e+01 3.588686105532741211e-25
2.347083336329205494e+01 3.573623771025408801e-25
2.365374214809989795e+01 3.558871253791747545e-25
2.383807634559089195e+01 3.544420501261983422e-25
2.402384706404131620e+01 3.530263700556685244e-25
2.421106549829451282e+01 3.516393271792914831e-25
2.439974293043556486e+01 3.502801861535150335e-25
2.458989073047107254e+01 3.489482335642547756e-25
2.478152035701439360e+01 3.476427772021026445e-25
2.497464335797616286e+01 3.463631455250602380e-25
2.516927137126014813e+01 3.451086870092142879e-25
2.536541612546457714e+01 3.438787694879408676e-25
2.556308944058897836e+01 3.426727796483100210e-25
2.576230322874638290e+01 3.414901223629707263e-25
2.596306949488122484e+01 3.403302201866873553e-25
2.616540033749279459e+01 3.391925127970848729e-25
2.636930794936425215e+01 3.380764564650582353e-25
2.657480461829742424e+01 3.369815235307371919e-25
2.678190272785330706e+01 3.359072019396180306e-25
2.699061475809826760e+01 3.348529947006481470e-25
2.720095328635613185e+01 3.338184194599695686e-25
2.741293098796615979e+01 3.328030079949330589e-25
2.762656063704679710e+01 3.318063058468044849e-25
2.784185510726555535e+01 3.308278717955793328e-25
2.805882737261472570e+01 3.298672775282816669e-25
2.827749050819322818e+01 3.289241071481959725e-25
2.849785769099460708e+01 3.279979568626795958e-25
2.871994220070099502e+01 3.270884345216483252e-25
2.894375742048341138e+01 3.261951593132719903e-25
2.916931683780831364e+01 3.253177613883849610e-25
2.939663404525025925e+01 3.244558814676171089e-25
2.962572274131109040e+01 3.236091705633157874e-25
2.985659673124544611e+01 3.227772896096855343e-25
3.008926992789260524e+01 3.219599091881790910e-25
3.032375635251500157e+01 3.211567091652760739e-25
3.056007013564306618e+01 3.203673784672571087e-25
3.079822551792681296e+01 3.195916147253282386e-25
3.103823685099403207e+01 3.188291240272273969e-25
3.128011859831505959e+01 3.180796206542907032e-25
3.152388533607441090e+01 3.173428268125341152e-25
3.176955175404921761e+01 3.166184723711839965e-25
3.201713265649436124e+01 3.159062946475634405e-25
3.226664296303464141e+01 3.152060381334429715e-25
3.251809770956392498e+01 3.145174543061084806e-25
3.277151204915110583e+01 3.138403013752776131e-25
3.302690125295332990e+01 3.131743440779898716e-25
3.328428071113629017e+01 3.125193534917664266e-25
3.354366593380158434e+01 3.118751068106669175e-25
3.380507255192139837e+01 3.112413871644880436e-25
3.406851631828053684e+01 3.106179834300331709e-25
3.433401310842558019e+01 3.100046900618477121e-25
3.460157892162165183e+01 3.094013068888209967e-25
3.487122988181658201e+01 3.088076389875638107e-25
3.514298223861248260e+01 3.082234964806138066e-25
3.541685236824501004e+01 3.076486943992438796e-25
3.569285677457028783e+01 3.070830525353106652e-25
3.597101209005933953e+01 3.065263952886778061e-25
3.625133507680045142e+01 3.059785515133880069e-25
3.653384262750932976e+01 3.054393544068767775e-25
3.681855176654698880e+01 3.049086413514008630e-25
3.710547965094568923e+01 3.043862538115433096e-25
3.739464357144293416e+01 3.038720371847758520e-25
3.768606095352331664e+01 3.033658406997789743e-25
3.797974935846865918e+01 3.028675172992629384e-25
3.827572648441636005e+01 3.023769235247549201e-25
3.857401016742574740e+01 3.018939194089114663e-25
3.887461838255303803e+01 3.014183683733936119e-25
3.917756924493453852e+01 3.009501371303684893e-25
3.948288101087822355e+01 3.004890955822340579e-25
3.979057207896390480e+01 3.000351167278586899e-25
4.010066099115206129e+01 2.995880765771783380e-25
4.041316643390103280e+01 2.991478540581788403e-25
4.072810723929327992e+01 2.987143309357544384e-25
4.104550238617008517e+01 2.982873917274985763e-25
4.136537100127531374e+01 2.978669236296164401e-25
4.168773236040807717e+01 2.974528164346277267e-25
4.201260588958419362e+01 2.970449624644472190e-25
4.234001116620692784e+01 2.966432564918343511e-25
4.266996792024676921e+01 2.962475956807841188e-25
4.300249603543031185e+01 2.958578795103895302e-25
4.333761555043851388e+01 2.954740097197660218e-25
4.367534666011432876e+01 2.950958902401664762e-25
4.401570971667955945e+01 2.947234271365198931e-25
4.435872523096138309e+01 2.943565285493309739e-25
4.470441387362842534e+01 2.939951046427642299e-25
4.505279647643626362e+01 2.936390675445818233e-25
4.540389403348287800e+01 2.932883312966521323e-25
4.575772770247383647e+01 2.929428118041170590e-25
4.611431880599715782e+01 2.926024267880535868e-25
4.647368883280831398e+01 2.922670957365368477e-25
4.683585943912525096e+01 2.919367398587845935e-25
4.720085244993330065e+01 2.916112820419320641e-25
4.756868986030042379e+01 2.912906468084601280e-25
4.793939383670277010e+01 2.909747602726662675e-25
4.831298671836032099e+01 2.906635501053402842e-25
4.868949101858314776e+01 2.903569454902958045e-25
4.906892942612816455e+01 2.900548770886120159e-25
4.945132480656627649e+01 2.897572770052795666e-25
4.983670020366032816e+01 2.894640787483355142e-25
5.022507884075386642e+01 2.891752172025126456e-25
5.061648412217044779e+01 2.888906285885220971e-25
5.101093963462410130e+01 2.886102504383699942e-25
5.140846914864078343e+01 2.883340215600141467e-25
5.180909661999065463e+01 2.880618820099158433e-25
5.221284619113180980e+01 2.877937730632748186e-25
5.261974219266517139e+01 2.875296371863607336e-25
5.302980914480057351e+01 2.872694180115625278e-25
5.344307175883443506e+01 2.870130603078295115e-25
5.385955493863902177e+01 2.867605099583872070e-25
5.427928378216299166e+01 2.865117139343535158e-25
5.470228358294394866e+01 2.862666202734422509e-25
5.512857983163273445e+01 2.860251780542571871e-25
5.555819821752935184e+01 2.857873373761585985e-25
5.599116463013128708e+01 2.855530493377408286e-25
5.642750516069339994e+01 2.853222660141975962e-25
5.686724610380037603e+01 2.850949404400119223e-25
5.731041395895132240e+01 2.848710265874410940e-25
5.775703543215650626e+01 2.846504793487727610e-25
5.820713743754681246e+01 2.844332545175274947e-25
5.866074709899567097e+01 2.842193087712755871e-25
5.911789175175346145e+01 2.840085996541913823e-25
5.957859894409484980e+01 2.838010855614653033e-25
6.004289643897896411e+01 2.835967257218943676e-25
6.051081221572227520e+01 2.833954801843502726e-25
6.098237447168475001e+01 2.831973098017271016e-25
6.145761162396918564e+01 2.830021762166738077e-25
6.193655231113346105e+01 2.828100418486415051e-25
6.241922539491645239e+01 2.826208698793622573e-25
6.290565996197736354e+01 2.824346242414102311e-25
6.339588532564837209e+01 2.822512696046038904e-25
6.388993102770116650e+01 2.820707713654189705e-25
6.438782684012728907e+01 2.818930956345615740e-25
6.488960276693207163e+01 2.817182092272381087e-25
6.539528904594276071e+01 2.815460796519124643e-25
6.590491615063088204e+01 2.813766751012514458e-25
6.641851479194833985e+01 2.812099644422802383e-25
6.693611592017829537e+01 2.810459172084358350e-25
6.745775072680027051e+01 2.808845035904598491e-25
6.798345064636970392e+01 2.807256944297556851e-25
6.851324735841228630e+01 2.805694612105933121e-25
6.904717278933314617e+01 2.804157760546298073e-25
6.958525911434054478e+01 2.802646117147405818e-25
7.012753875938497572e+01 2.801159415705349159e-25
7.067404440311324265e+01 2.799697396241956729e-25
7.122480897883757223e+01 2.798259804972935722e-25
7.177986567652027361e+01 2.796846394290866711e-25
7.233924794477398734e+01 2.795456922752425197e-25
7.290298949287712560e+01 2.794091155081997633e-25
7.347112429280528545e+01 2.792748862191688249e-25
7.404368658127866354e+01 2.791429821212635867e-25
7.462071086182491797e+01 2.790133815548877266e-25
7.520223190685867110e+01 2.788860634956295853e-25
7.578828475977674373e+01 2.787610075639417200e-25
7.637890473707000183e+01 2.786381940384153119e-25
7.697412743045173045e+01 2.785176038729120780e-25
7.757398870900217958e+01 2.783992187174710812e-25
7.817852472133024833e+01 2.782830209446545429e-25
7.878777189775192369e+01 2.781689936822906418e-25
7.940176695248545968e+01 2.780571208536936035e-25
8.002054688586392217e+01 2.779473872275940176e-25
8.064414898656497144e+01 2.778397784792104980e-25
8.127261083385778306e+01 2.777342812662492504e-25
8.190597029986767552e+01 2.776308833227278986e-25
8.254426555185850134e+01 2.775295735756579462e-25
8.318753505453241814e+01 2.774303422908069492e-25
8.383581757234797749e+01 2.773331812559022488e-25
8.448915217185621884e+01 2.772380840117804562e-25
8.514757822405468346e+01 2.771450461468909861e-25
8.581113540676001605e+01 2.770540656752176737e-25
8.647986370699926795e+01 2.769651435247048514e-25
8.715380342341917697e+01 2.768782841765954554e-25
8.783299516871490198e+01 2.767934965091439792e-25
8.851747987207740209e+01 2.767107949260137703e-25
8.920729878165977311e+01 2.766302008841336190e-25
8.990249346706292499e+01 2.765517449927179143e-25
9.060310582184085604e+01 2.764754699434334426e-25
9.130917806602495546e+01 2.764014346723309928e-25
9.202075274866830057e+01 2.763297203898155992e-25
9.273787275041000555e+01 2.762604395100301725e-25
9.346058128605885429e+01 2.761937492055514342e-25
9.418892190719775215e+01 2.761298725692502479e-25
9.492293850480828610e+01 2.760691327326295343e-25
9.566267531191542162e+01 2.760120099569838344e-25
9.640817690625316061e+01 2.759592414133379828e-25
9.715948821295106086e+01 2.759120048077217392e-25
9.791665450724114805e+01 2.758722780271776154e-25
9.867972141718647094e+01 2.758435997625054543e-25
9.944873492643085910e+01 2.758328425355035355e-25
1.002237413769696843e+02 2.758549091574918257e-25
1.010047874719425067e+02 2.759475785504150207e-25
1.017919202784478472e+02 2.762326640576756861e-25
1.025851872303792192e+02 2.773145267985897065e-25
1.033846361312837132e+02 2.885388476323951801e-25
1.041903151572423241e+02 2.958363838562804088e-25
1.050022728597737967e+02 2.770805708268894908e-25
1.058205581687600016e+02 2.758186457935026566e-25
1.066452203953943325e+02 2.754678071900014106e-25
1.074763092351537921e+02 2.753085109056169744e-25
1.083138747707935323e+02 2.752133612429189597e-25
1.091579674753644582e+02 2.751460103120059997e-25
1.100086382152555871e+02 2.750930325584834347e-25
1.108659382532589319e+02 2.750485784021856934e-25
1.117299192516584156e+02 2.750097864917050162e-25
1.126006332753437249e+02 2.749751316871505721e-25
1.134781327949475127e+02 2.749437453453294679e-25
1.143624706900070578e+02 2.749151059853470844e-25
1.152537002521514893e+02 2.748888869079811985e-25
1.161518751883129568e+02 2.748648761700705151e-25
1.170570496239626834e+02 2.748429322758733011e-25
1.179692781063733946e+02 2.748229585294631220e-25
1.188886156079060470e+02 2.748048876155359044e-25
1.198151175293222082e+02 2.747886720212899384e-25
1.207488397031233518e+02 2.747742779145795916e-25
1.216898383969149506e+02 2.747616811318561581e-25
1.226381703167970159e+02 2.747508644897177331e-25
1.235938926107819071e+02 2.747418159473389294e-25
1.245570628722379070e+02 2.747345273280323327e-25
1.255277391433594403e+02 2.747289934154767417e-25
1.265059799186655596e+02 2.747252113054885124e-25
1.274918441485245921e+02 2.747231799349891247e-25
1.284853912427061289e+02 2.747228997356399867e-25
1.294866810739619325e+02 2.747243723763912178e-25
1.304957739816336186e+02 2.747276005702202753e-25
1.315127307752884178e+02 2.747325879278482491e-25
1.325376127383843823e+02 2.747393388460420005e-25
1.335704816319631050e+02 2.747478584218052330e-25
1.346113996983710308e+02 2.747581523860194020e-25
1.356604296650112076e+02 2.747702270518958545e-25
1.367176347481229470e+02 2.747840892747395296e-25
1.377830786565907033e+02 2.747997464204805613e-25
1.388568255957844144e+02 2.748172063410277900e-25
1.399389402714279811e+02 2.748364773549778894e-25
1.410294878934981853e+02 2.748575682325316622e-25
1.421285341801552420e+02 2.748804881838298758e-25
1.432361453617025404e+02 2.749052468499507204e-25
1.443523881845774781e+02 2.749318542961605430e-25
1.454773299153745256e+02 2.749603210069299351e-25
1.466110383448984180e+02 2.749906578824807636e-25
1.477535817922487809e+02 2.750228762365545228e-25
1.489050291089381517e+02 2.750569877952999305e-25
1.500654496830406970e+02 2.750930046970645999e-25
1.512349134433729603e+02 2.751309394930418822e-25
1.524134908637090291e+02 2.751708051486838019e-25
1.536012529670268520e+02 2.752126150458194263e-25
1.547982713297877240e+02 2.752563829854890467e-25
1.560046180862505310e+02 2.753021231915170839e-25
1.572203659328182255e+02 2.753498503147608579e-25
1.584455881324181519e+02 2.753995794382358348e-25
1.596803585189179557e+02 2.754513260830750160e-25
1.609247515015744341e+02 2.755051062155339661e-25
1.621788420695170316e+02 2.755609362551694066e-25
1.634427057962678873e+02 2.756188330844356580e-25
1.647164188442954185e+02 2.756788140599852732e-25
1.660000579696035743e+02 2.757408970260669178e-25
1.672937005263582364e+02 2.758051003305610419e-25
1.685974244715482087e+02 2.758714428443007823e-25
1.699113083696825299e+02 2.759399439846311658e-25
1.712354313975259004e+02 2.760106237444013912e-25
1.725698733488695211e+02 2.760835027281381886e-25
1.739147146393390528e+02 2.761586021976288270e-25
1.752700363112416539e+02 2.762359441301594668e-25
1.766359200384491714e+02 2.763155512940150494e-25
1.780124481313194451e+02 2.763974473476451489e-25
1.793997035416574590e+02 2.764816569720657322e-25
1.807977698677136971e+02 2.765682060505383381e-25
1.822067313592213509e+02 2.766571219168545957e-25
1.836266729224743983e+02 2.767484337051639864e-25
1.850576801254436248e+02 2.768421728536807953e-25
1.864998392029326340e+02 2.769383738474607626e-25
1.879532370617755248e+02 2.770370753436565043e-25
1.894179612860732789e+02 2.771383219289080616e-25
1.908941001424721833e+02 2.772421669620693583e-25
1.923817425854821010e+02 2.773486773636395828e-25
1.938809782628381413e+02 2.774579420829967605e-25
1.953918975209024325e+02 2.775700879578933142e-25
1.969145914101080166e+02 2.776853116003138888e-25
1.984491516904466835e+02 2.778039494764367565e-25
1.999956708369982152e+02 2.779266508528873884e-25
2.015542420455023489e+02 2.780548775916026388e-25
2.031249592379760713e+02 2.781927231379205777e-25
2.047079170683730354e+02 2.783565902767415502e-25
2.063032109282868873e+02 2.786921456981474150e-25
2.079109369527008937e+02 2.855900918293057931e-25
2.095311920257806548e+02 2.787507271855605864e-25
2.111640737867118389e+02 2.788245598565264513e-25
2.128096806355852948e+02 2.789551590329521975e-25
2.144681117393262753e+02 2.790963917861337371e-25
2.161394670376696752e+02 2.792425088736797463e-25
2.178238472491838138e+02 2.793922271372049709e-25
2.195213538773393793e+02 2.795451825526836744e-25
2.212320892166253827e+02 2.797012688127936121e-25
2.229561563587150204e+02 2.798604668524080889e-25
2.246936591986774658e+02 2.800227911281850438e-25
2.264447024412380358e+02 2.801882702149597871e-25
2.282093916070892590e+02 2.803569390876130191e-25
2.299878330392489829e+02 2.805288358340710123e-25
2.317801339094681907e+02 2.807040001901676617e-25
2.335864022246906018e+02 2.808824728708427037e-25
2.354067468335608453e+02 2.810642952656514855e-25
2.372412774329828551e+02 2.812495093062814256e-25
2.390901045747320666e+02 2.814381574168220364e-25
2.409533396721166127e+02 2.816302825039099653e-25
2.428310950066905889e+02 2.818259279657868215e-25
2.447234837350216878e+02 2.820251377098523374e-25
2.466306198955096249e+02 2.822279561736715085e-25
2.485526184152573421e+02 2.824344283469372360e-25
2.504895951169983448e+02 2.826445997934895403e-25
2.524416667260755673e+02 2.828585166730015490e-25
2.544089508774746662e+02 2.830762257626130466e-25
2.563915661229143552e+02 2.832977744787735022e-25
2.583896319379898614e+02 2.835232109000169044e-25
2.604032687293719732e+02 2.837525837913863761e-25
2.624325978420643537e+02 2.839859426315730789e-25
2.644777415667152241e+02 2.842233376441968985e-25
2.665388231469862035e+02 2.844648198350452787e-25
2.686159667869804935e+02 2.847104410380433625e-25
2.707092976587269959e+02 2.849602539736215561e-25
2.728189419097225255e+02 2.852143123252406248e-25
2.749450266705351851e+02 2.854726708424781855e-25
2.770876800624648695e+02 2.857353854838486070e-25
2.792470312052630561e+02 2.860025136203243821e-25
2.814232102249154082e+02 2.862741143339457187e-25
2.836163482614826989e+02 2.865502488698720443e-25
2.858265774770025587e+02 2.868309813448773394e-25
2.880540310634554544e+02 2.871163799019535654e-25
2.902988432507903553e+02 2.874065186791980404e-25
2.925611493150125284e+02 2.877014813522899184e-25
2.948410855863375559e+02 2.880013679370077180e-25
2.971387894574056077e+02 2.883063089569810556e-25
2.994543993915602869e+02 2.886164982078516302e-25
3.017880549311942673e+02 2.889322800054083246e-25
3.041398967061576855e+02 2.892544336667120779e-25
3.065100664422314480e+02 2.895854541568573228e-25
3.088987069696701724e+02 2.899404529551789399e-25
3.113059622318079391e+02 2.937558966206756867e-25
3.137319772937320295e+02 2.905744653197813893e-25
3.161768983510263524e+02 2.909114508270097016e-25
3.186408727385806401e+02 2.912628098331180323e-25
3.211240489394681958e+02 2.916199089020820629e-25
3.236265765938954928e+02 2.919823946785556127e-25
3.261486065082187338e+02 2.923503535873469331e-25
3.286902906640310107e+02 2.927238993023108438e-25
3.312517822273226216e+02 2.931031359538296321e-25
3.338332355577101112e+02 2.934881581118286291e-25
3.364348062177374459e+02 2.938790539566107834e-25
3.390566509822522789e+02 2.942759077445946415e-25
3.416989278478527012e+02 2.946788014273474666e-25
3.443617960424069793e+02 2.950878156882650027e-25
3.470454160346512253e+02 2.955030306135615581e-25
3.497499495438582926e+02 2.959245261370311035e-25
3.524755595495823854e+02 2.963523823439331793e-25
3.552224103014823982e+02 2.967866796865078919e-25
3.579906673292189225e+02 2.972274991441496465e-25
3.607804974524281647e+02 2.976749223500296535e-25
3.635920687907769207e+02 2.981290316996721173e-25
3.664255507740929261e+02 2.985899104538328594e-25
3.692811141525733660e+02 2.990576428475352809e-25
3.721589310070772285e+02 2.995323142188904473e-25
3.750591747594938852e+02 3.000140111763242917e-25
3.779820201831925033e+02 3.005028218330360248e-25
3.809276434135567797e+02 3.009988361568361361e-25
3.838962219585976641e+02 3.015021465214871312e-25
3.868879347096493007e+02 3.020128486228221160e-25
3.899029619521515997e+02 3.025310430889945393e-25
3.929414853765134694e+02 3.030568384996478213e-25
3.960036880890602902e+02 3.035903575083850643e-25
3.990897546230708599e+02 3.041317505591672298e-25
4.021998709498963649e+02 3.046812309940739249e-25
4.053342244901661502e+02 3.052391837025739700e-25
4.084930041250843828e+02 3.058066187778984957e-25
4.116764002078110138e+02 3.063885504722410696e-25
4.148846045749318137e+02 3.073513138268002501e-25
4.181178105580209490e+02 3.075331699457651205e-25
4.213762129952903024e+02 3.081329395780106126e-25
4.246600082433295711e+02 3.087405948851529628e-25
4.279693941889414077e+02 3.093561373533532860e-25
4.313045702610652938e+02 3.099800162313106541e-25
4.346657374427940113e+02 3.106124874664224003e-25
4.380530982834878273e+02 3.112537277098555491e-25
4.414668569109793452e+02 3.119038796846334146e-25
4.449072190438729422e+02 3.125630702487336726e-25
4.483743920039445356e+02 3.132314183632296222e-25
4.518685847286337207e+02 3.139090389561906273e-25
4.553900077836335072e+02 3.145960449547419352e-25
4.589388733755817498e+02 3.152925484348372828e-25
4.625153953648480751e+02 3.159986613222990235e-25
4.661197892784197165e+02 3.167144958607658979e-25
4.697522723228924519e+02 3.174401649656513269e-25
4.734130633975585738e+02 3.181757825416884700e-25
4.771023831075963244e+02 3.189214638307054189e-25
4.808204537773672200e+02 3.196773258702008333e-25
4.845674994638119415e+02 3.204434881917431555e-25
4.883437459699508736e+02 3.212200740056428622e-25
4.921494208584945795e+02 3.220072124008819233e-25
4.959847534655552863e+02 3.228050428228486221e-25
4.998499749144658608e+02 3.236137252301895601e-25
5.037453181297104834e+02 3.244334666528734620e-25
5.076710178509595153e+02 3.252646063825027909e-25
5.116273106472139034e+02 3.261079969309634840e-25
5.156144349310642383e+02 3.269684308822426848e-25
5.196326309730563935e+02 3.279118606920829571e-25
5.236821409161686915e+02 3.286868284149659912e-25
5.277632087904075888e+02 3.295765517074014405e-25
5.318760805275113626e+02 3.304763446641607850e-25
5.360210039757685081e+02 3.313874231659269741e-25
5.401982289149573262e+02 3.323102181160964978e-25
5.444080070713953319e+02 3.332449721751994742e-25
5.486505921331101945e+02 3.341918666015924154e-25
5.529262397651248193e+02 3.351510583166004570e-25
5.572352076248678259e+02 3.361226934225967815e-25
5.615777553776983950e+02 3.371069129723334846e-25
5.659541447125526474e+02 3.381038557613614195e-25
5.703646393577165554e+02 3.391136598577236798e-25
5.748095050967175439e+02 3.401364635852921181e-25
5.792890097843385320e+02 3.411724063245784281e-25
5.838034233627633967e+02 3.422216293944009182e-25
5.883530178778419213e+02 3.432842773357753281e-25
5.929380674954823007e+02 3.443605001999914868e-25
5.975588485181762053e+02 3.454504582788743492e-25
6.022156394016473087e+02 3.465543333608042180e-25
6.069087207716299872e+02 3.476723605571279823e-25
6.116383754407836477e+02 3.488049441895580534e-25
6.164048884257337022e+02 3.499533188178629609e-25
6.212085469642455564e+02 3.511336249863830225e-25
6.260496405325370688e+02 3.522732990286909821e-25
6.309284608627218631e+02 3.534677956358232086e-25
6.358453019603869052e+02 3.546734808989568573e-25
6.408004601223141208e+02 3.558933377411971669e-25
6.457942339543335493e+02 3.571280046359909663e-25
6.508269243893156499e+02 3.583777813493404525e-25
6.558988347053104917e+02 3.596428790664428364e-25
6.610102705438212070e+02 3.609234780823462390e-25
6.661615399282209182e+02 3.622197461703980325e-25
6.713529532823184809e+02 3.635318458129292520e-25
6.765848234490631512e+02 3.648599376205172730e-25
6.818574657093947735e+02 3.662041823738996252e-25
6.871711978012478994e+02 3.675647427713236614e-25
6.925263399386961964e+02 3.689417857296485648e-25
6.979232148312477193e+02 3.703355391871754789e-25
7.033621477032955909e+02 3.717461937210066622e-25
7.088434663137147709e+02 3.731739402955343135e-25
7.143675009756112786e+02 3.746191720315785066e-25
7.199345845762311455e+02 3.760830865379856185e-25
7.255450525970192075e+02 3.775898849802878163e-25
7.311992431338331926e+02 3.790471969842961443e-25
7.368974969173224281e+02 3.805655420045480464e-25
7.426401573334585464e+02 3.820992589211592861e-25
7.484275704442266033e+02 3.836504671634051855e-25
7.542600850084832018e+02 3.852196802526103834e-25
7.601380525029715045e+02 3.868071752689239981e-25
7.660618271434990447e+02 3.884131662820638488e-25
7.720317659062886833e+02 3.900378455524582420e-25
7.780482285494875896e+02 3.916813971181617933e-25
7.841115776348444797e+02 3.933440026345479870e-25
7.902221785495635231e+02 3.950258449812979794e-25
7.963803995283201402e+02 3.967271121334919426e-25
8.025866116754493760e+02 3.984480042197085441e-25
8.088411889873140126e+02 4.001887517196491631e-25
8.151445083748395746e+02 4.019496783411992989e-25
8.214969496862253209e+02 4.037315343916342676e-25
8.278988957298396372e+02 4.055409113671921750e-25
8.343507322972856173e+02 4.073424088012199968e-25
8.408528481866477478e+02 4.091888584792546344e-25
8.474056352259257210e+02 4.110525514944384392e-25
8.540094882966449177e+02 4.129366193136160501e-25
8.606648053576492430e+02 4.148416441036273973e-25
8.673719874690885945e+02 4.167679257627478684e-25
8.741314388165844775e+02 4.187158227170454517e-25
8.809435667355842270e+02 4.206856266017126838e-25
8.878087817359131577e+02 4.226773339607801019e-25
8.947274975265096373e+02 4.246911494254544449e-25
9.017001310403536536e+02 4.267272850600878581e-25
9.087271024595964946e+02 4.287859737864479999e-25
9.158088352408796027e+02 4.308675109545275930e-25
9.229457561408497668e+02 4.329724516441573501e-25
9.301382952418814511e+02 4.351038545042772464e-25
9.373868859779920513e+02 4.372378719327519489e-25
9.446919651609578068e+02 4.394180614212694192e-25
9.520539730066429911e+02 4.416165426976406514e-25
9.594733531615247557e+02 4.438381917946735635e-25
9.669505527294256808e+02 4.460836661131827874e-25
9.744860222984621032e+02 4.483532895470974771e-25
9.820802159681948069e+02 4.506473141081094986e-25
9.897335913769907165e+02 4.529659712751281737e-25
9.974466097296069620e+02 4.553094889012887944e-25
1.005219735824979466e+03 4.576781023990543059e-25
1.013053438084235040e+03 4.600720741018767073e-25
1.020948188578914824e+03 4.624917589957056065e-25
1.028904463059428053e+03 4.649380048945773594e-25
1.036922740983718768e+03 4.674275284929622356e-25
1.045003505546155566e+03 4.698985261742144561e-25
1.053147243706655672e+03 4.724239456223426111e-25
1.061354446220027512e+03 4.749743494847489648e-25
1.069625607665539974e+03 4.775511791310630819e-25
1.077961226476733827e+03 4.801548712431640467e-25
1.086361804971455058e+03 4.827857202491410967e-25
1.094827849382121485e+03 4.854456503203896112e-25
1.103359869886236311e+03 4.881333623681787004e-25
1.111958380637128130e+03 4.908490103853446275e-25
1.120623899794932186e+03 4.935929185350569151e-25
1.129356949557821736e+03 4.963656623647022002e-25
1.138158056193473385e+03 4.991709117342942406e-25
1.147027750070777074e+03 5.019877455824515952e-25
1.155966565691804135e+03 5.048495307287194766e-25
1.164975041724014091e+03 5.077378558540216251e-25
1.174053721032711564e+03 5.106552723886317234e-25
1.183203150713767400e+03 5.136023101143080433e-25
1.192423882126584203e+03 5.165792994621265246e-25
1.201716470927318369e+03 5.195865300332549723e-25
1.211081477102371991e+03 5.226242905204467792e-25
1.220519465002135348e+03 5.256929037052207548e-25
1.230031003374991315e+03 5.287928473285367517e-25
1.239616665401596720e+03 5.319259478163487465e-25
1.249277028729419499e+03 5.350759085048474566e-25
1.259012675507545055e+03 5.382756231401149059e-25
1.268824192421763883e+03 5.415023596382277864e-25
1.278712170729924765e+03 5.447608749307548621e-25
1.288677206297558541e+03 5.480517986385606224e-25
1.298719899633795194e+03 5.513754986949331124e-25
1.308840855927546954e+03 5.547322977191400438e-25
1.319040685083974950e+03 5.581225272089689805e-25
1.329320001761249159e+03 5.615466008505939741e-25
1.339679425407587132e+03 5.650054672046455735e-25
1.350119580298576466e+03 5.684293695925496431e-25
1.360641095574804922e+03 5.720184905025457454e-25
1.371244605279767711e+03 5.755806921186145025e-25
1.381930748398072865e+03 5.791771791287504480e-25
1.392700168893955606e+03 5.828088314609062023e-25
1.403553515750080123e+03 5.864760748014707213e-25
1.414491443006643976e+03 5.901792713255782073e-25
1.425514609800801281e+03 5.939188013514707273e-25
1.436623680406377389e+03 5.976952030283027268e-25
1.447819324273896427e+03 6.015107585427061552e-25
1.459102216070931036e+03 6.053514611620604974e-25
1.470473035722754730e+03 6.092419145363075649e-25
1.481932468453311458e+03 6.131676131909448305e-25
1.493481204826516205e+03 6.171310800829744807e-25
1.505119940787866653e+03 6.211328869218832692e-25
1.516849377706375208e+03 6.251734489148526530e-25
1.528670222416845718e+03 6.292531854918541591e-25
1.540583187262463071e+03 6.333726902784221753e-25
1.552588990137714973e+03 6.375350043530607319e-25
1.564688354531663890e+03 6.417250298454035032e-25
1.576882009571540493e+03 6.459664084367345886e-25
1.589170690066676798e+03 6.502468795384728014e-25
1.601555136552796966e+03 6.545682263430648384e-25
1.614036095336638937e+03 6.589310069153024108e-25
1.626614318540922113e+03 6.633356771265448251e-25
1.639290564149681586e+03 6.677827646242004848e-25
1.652065596053941363e+03 6.722735803775982565e-25
1.664940184097741849e+03 6.767961258644163316e-25
1.677915104124541813e+03 6.813770838748807963e-25
1.690991138023968006e+03 6.859970036141977301e-25
1.704169073778926304e+03 6.906606348023472070e-25
1.717449705513098706e+03 6.953686725116139267e-25
1.730833833538792760e+03 7.001216303423005037e-25
1.744322264405163878e+03 7.049201100530579859e-25
1.757915810946830561e+03 7.097660324400074978e-25
1.771615292332851595e+03 7.146485163316203467e-25
1.785421534116085240e+03 7.195874329923120712e-25
1.799335368282948593e+03 7.245711603264847081e-25
1.813357633303549846e+03 7.296019790051301270e-25
1.827489174182209808e+03 7.346805453233809431e-25
1.841730842508394517e+03 7.398074458927571897e-25
1.856083496508025974e+03 7.449836789755416877e-25
1.870548001095203745e+03 7.501900856331577662e-25
1.885125227924318551e+03 7.554784339354188225e-25
1.899816055442591278e+03 7.608030662893417077e-25
1.914621368943003745e+03 7.661777306951995654e-25
1.929542060617641937e+03 7.716032735303411171e-25
1.944579029611473061e+03 7.770803439792813956e-25
1.959733182076522326e+03 7.826099988552659644e-25
1.975005431226475366e+03 7.881778087020104979e-25
1.990396697391719727e+03 7.938216879335750665e-25
2.005907908074800844e+03 7.995096756174048637e-25
2.021539998006308224e+03 8.052511790450881503e-25
2.037293909201216138e+03 8.110470631052724244e-25
2.053170591015644732e+03 8.168980831533495942e-25
2.069171000204064057e+03 8.228063508061048293e-25
2.085296100976960588e+03 8.287623166640909421e-25
2.101546865058938693e+03 8.347827874622563747e-25
2.117924271747268904e+03 8.408589273241156110e-25
2.134429307970916398e+03 8.469925731749271312e-25
2.151062968350008305e+03 8.531845438930992448e-25
2.167826255255764409e+03 8.594360954546750751e-25
2.184720178870914424e+03 8.657382488460718454e-25
2.201745757250567294e+03 8.721127419335585156e-25
2.218904016383554790e+03 8.785437343345540001e-25
2.236195990254269873e+03 8.850356809826999670e-25
2.253622720904973448e+03 8.915895263292281111e-25
2.271185258498579060e+03 8.982065732384238317e-25
2.288884661381954174e+03 9.048784836429025010e-25
2.306721996149688039e+03 9.116256010032067596e-25
2.324698337708362033e+03 9.184333912846928170e-25
2.342814769341337978e+03 9.253060456973790394e-25
2.361072382774031212e+03 9.322445976655576391e-25
2.379472278239693878e+03 9.392511128175624765e-25
2.398015564545729376e+03 9.463176764891215097e-25
2.416703359140505199e+03 9.534589811773867777e-25
2.435536788180683743e+03 9.606676666372694734e-25
2.454516986599102438e+03 9.679456233326972340e-25
2.473645098173158203e+03 9.752940766703893322e-25
2.492922275593724407e+03 9.826850192411818390e-25
2.512349680534632625e+03 9.902004830600194872e-25
2.531928483722665987e+03 9.977637950992156868e-25
2.551659865008103225e+03 1.005400035421604645e-24
2.571545013435832971e+03 1.013110504362825273e-24
2.591585127317000570e+03 1.020900036395311663e-24
2.611781414301211498e+03 1.028753456883965623e-24
2.632135091449321862e+03 1.036691485478096663e-24
2.652647385306774140e+03 1.044706427044178968e-24
2.673319531977500901e+03 1.052799828007436386e-24
2.694152777198432432e+03 1.060975473267866540e-24
2.715148376414555969e+03 1.069221927675340774e-24
2.736307594854566105e+03 1.077556302177529359e-24
2.757631707607123190e+03 1.085972149472633971e-24
2.779121999697685624e+03 1.094471185576444955e-24
2.800779766165938327e+03 1.103061575509938723e-24
2.822606312143850573e+03 1.111719049814059543e-24
2.844602952934317727e+03 1.120473347412717523e-24
2.866771014090414610e+03 1.129314366816814862e-24
2.889111831495292336e+03 1.138243945062154632e-24
2.911626751442673140e+03 1.147255120662978153e-24
2.934317130717970031e+03 1.156368187136879497e-24
2.957184336680067190e+03 1.165568492804053041e-24
2.980229747343711097e+03 1.174861342203517793e-24
3.003454751462540571e+03 1.184249900449289014e-24
3.026860748612797124e+03 1.193726437512011815e-24
3.050449149277652850e+03 1.203304721085888268e-24
3.074221374932201797e+03 1.212979842348665873e-24
3.098178858129137552e+03 1.222754134230862551e-24
3.122323042585072017e+03 1.232622840040549672e-24
3.146655383267527668e+03 1.242600003040719902e-24
3.171177346482633311e+03 1.252677684282453754e-24
3.195890409963478305e+03 1.262859511274963047e-24
3.220796062959153005e+03 1.273133119830934549e-24
3.245895806324512705e+03 1.283537581233717962e-24
3.271191152610610516e+03 1.294040289555066230e-24
3.296683626155838283e+03 1.304652766029710929e-24
3.322374763177804653e+03 1.315472655550975043e-24
3.348266111865900257e+03 1.326210025976978415e-24
3.374359232474582768e+03 1.337160828592678708e-24
3.400655697417423198e+03 1.348227567384418734e-24
3.427157091361845232e+03 1.359377064340014170e-24
3.453865011324629904e+03 1.370712573481998348e-24
3.480781066768138317e+03 1.382137059128396424e-24
3.507906879697322438e+03 1.393684368856283780e-24
3.535244084757458495e+03 1.405349639211146413e-24
3.562794329332642974e+03 1.417151132452246699e-24
3.590559273645089434e+03 1.429077148406194737e-24
3.618540590855162463e+03 1.441133755405098427e-24
3.646739967162196990e+03 1.453317860263180102e-24
3.675159101906131582e+03 1.465640651776761553e-24
3.703799707669903000e+03 1.478098498730798512e-24
3.732663510382638378e+03 1.490697736748817244e-24
3.761752249423684134e+03 1.503427587525714843e-24
3.791067677727412502e+03 1.516305829664962940e-24
3.820611561888846154e+03 1.529328529090288752e-24
3.850385682270137295e+03 1.542493178239462135e-24
3.880391833107845287e+03 1.555812714290757332e-24
3.910631822621046013e+03 1.569281691675833505e-24
3.941107473120324357e+03 1.582908371585646746e-24
3.971820621117577048e+03 1.596679815604174281e-24
4.002773117436670418e+03 1.610616414172347662e-24
4.033966827324999485e+03 1.624714197240768726e-24
4.065403630565878302e+03 1.638971009281447182e-24
4.097085421591806153e+03 1.653397618385654277e-24
4.129014109598654613e+03 1.667992097709124076e-24
4.161191618660706808e+03 1.682752766830782535e-24
4.193619887846588426e+03 1.697693290442847837e-24
4.226300871336150522e+03 1.712808027267711713e-24
4.259236538538216337e+03 1.728089518059702055e-24
4.292428874209245805e+03 1.743573782984952604e-24
4.325879878572969574e+03 1.759232681574251286e-24
4.359591567440910694e+03 1.775097172503376541e-24
4.393565972333847640e+03 1.791110767631725300e-24
4.427805140604265034e+03 1.807337762482037897e-24
4.462311135559713875e+03 1.823768663478594463e-24
4.497086036587142189e+03 1.840375527418011325e-24
4.532131939278221580e+03 1.857193854791507533e-24
4.567450955555624205e+03 1.874238128448065151e-24
4.603045213800271085e+03 1.891436243651548379e-24
4.638916858979625431e+03 1.908867269977666384e-24
4.675068052776933655e+03 1.926496885535830024e-24
4.711500973721477749e+03 1.944353780680913441e-24
4.748217817319889036e+03 1.962415181637736197e-24
4.785220796188435088e+03 1.980685399734674706e-24
4.822512140186340730e+03 1.999175197435321378e-24
4.860094096550195900e+03 2.017878188781009626e-24
4.897968930029359399e+03 2.036792194268525808e-24
4.936138923022424024e+03 2.055923787230095789e-24
4.974606375714784917e+03 2.075269481162546160e-24
5.013373606217240194e+03 2.094820431670269583e-24
5.052442950705666590e+03 2.114583830904146943e-24
5.091816763561832886e+03 2.134544757278167717e-24
5.131497417515263805e+03 2.154716512955101412e-24
5.171487303786206212e+03 2.175077387933318803e-24
5.211788832229764921e+03 2.195620195399849300e-24
5.252404431481100801e+03 2.216341933223829517e-24
5.293336549101775745e+03 2.237240230753128916e-24
5.334587651727275443e+03 2.258259196867922610e-24
5.376160225215634455e+03 2.279426152646421315e-24
5.418056774797226353e+03 2.300701600631560211e-24
5.460279825225763489e+03 2.322067864115249993e-24
5.502831920930424531e+03 2.343362970946829878e-24
5.545715626169172538e+03 2.364939806096107236e-24
5.588933525183312668e+03 2.386375374131935637e-24
5.632488222353206766e+03 2.407746534389984688e-24
5.676382342355199398e+03 2.429005846970183837e-24
5.720618530319820820e+03 2.450083168079124902e-24
5.765199451991168644e+03 2.470914227766256547e-24
5.810127793887530970e+03 2.491412759942284700e-24
5.855406263463321011e+03 2.511463856272145425e-24
5.901037589272206787e+03 2.530974545459373925e-24
5.947024521131527763e+03 2.549802224188843384e-24
5.993369830288033882e+03 2.567802945707178889e-24
6.040076309584871524e+03 2.584797829222558461e-24
6.087146773629861855e+03 2.600596062152106740e-24
6.134584058965156146e+03 2.614965633536916272e-24
6.182391024238146201e+03 2.627662492130957330e-24
6.230570550373715378e+03 2.638375007797332787e-24
6.279125540747884770e+03 2.646838342871431335e-24
6.328058921362751789e+03 2.652650598700456633e-24
6.377373641022825723e+03 2.655425143044395515e-24
6.427072671512701163e+03 2.654756661986421385e-24
6.477159007776187536e+03 2.650181246991847219e-24
6.527635668096761037e+03 2.641235026072416866e-24
6.578505694279438103e+03 2.627424928387938632e-24
6.629772151834115903e+03 2.608277664370461825e-24
6.681438130160286164e+03 2.583329209729572108e-24
6.733506742733188730e+03 2.552178752603375563e-24
6.785981127291471239e+03 2.514491638371920686e-24
6.838864446026256701e+03 2.470060748256786468e-24
6.892159885771680820e+03 2.418816762464923344e-24
6.945870658196978184e+03 2.360892583964999927e-24
7.000000000000001819e+03 2.296628186304782370e-24
