3.000000000000000000e+00 7.172597065803937355e-21
3.023379074186677951e+00 6.208822262047080083e-21
3.046940342076630781e+00 5.406572762226802348e-21
3.070685223509894257e+00 4.732246755545598787e-21
3.094615149391351849e+00 4.160685130561358813e-21
3.118731561776963979e+00 3.672696745198557173e-21
3.143035913960669614e+00 3.253404501365431418e-21
3.167529670561962885e+00 2.891111341613613335e-21
3.192214307614152702e+00 2.576505062555930279e-21
3.217091312653314272e+00 2.302089516066158310e-21
3.242162184807927616e+00 2.061770472651063996e-21
3.267428434889215527e+00 1.850549264110901463e-21
3.292891585482193850e+00 1.664292886922531372e-21
3.318553171037419425e+00 1.499559230610201982e-21
3.344414737963458339e+00 1.353462635972293785e-21
3.370477844720079830e+00 1.223569356024012262e-21
3.396744061912168711e+00 1.107815461737514835e-21
3.423214972384368782e+00 1.004441785425318964e-21
3.449892171316475409e+00 9.119419321455801511e-22
3.476777266319557746e+00 8.290204111584050299e-22
3.503871877532837242e+00 7.545586745204591815e-22
3.531177637721321538e+00 6.875873850878044796e-22
3.558696192374196876e+00 6.272636302845967520e-22
3.586429199803984336e+00 5.728520907517656902e-22
3.614378331246479004e+00 5.237093928964151742e-22
3.642545270961456083e+00 4.792710410512696149e-22
3.670931716334169703e+00 4.390404518252013121e-22
3.699539377977637766e+00 4.025797113880636741e-22
3.728369979835728820e+00 3.695017521264420271e-22
3.757425259287050068e+00 3.394637045097534133e-22
3.786706967249639177e+00 3.121612264836518967e-22
3.816216868286484765e+00 2.873236496778748492e-22
3.845956740711859112e+00 2.647098108798060300e-22
3.875928376698477340e+00 2.441044608071938848e-22
3.906133582385504788e+00 2.253151610193305222e-22
3.936574177987393064e+00 2.081695950594614033e-22
3.967251997903568306e+00 1.925132324334747088e-22
3.998168890828979194e+00 1.782072938381193712e-22
4.029326719865498063e+00 1.651269747550448900e-22
4.060727362634198201e+00 1.531598911039866615e-22
4.092372711388496676e+00 1.422047161410032726e-22
4.124264673128191561e+00 1.321699829677554169e-22
4.156405169714378012e+00 1.229730303180079993e-22
4.188796137985258738e+00 1.145390729608957114e-22
4.221439529872867524e+00 1.068003806123985325e-22
4.254337312520692471e+00 9.969555150396014345e-23
4.287491468402215844e+00 9.316886884823317903e-23
4.320903995440390055e+00 8.717723247034786833e-23
4.354576907128027585e+00 8.167195228516463811e-23
4.388512232649141254e+00 7.660671905341528589e-23
4.422712017001222407e+00 7.194340694155651120e-23
4.457178321118484554e+00 6.764728220814465556e-23
4.491913221996044037e+00 6.368668345413782505e-23
4.526918812815098114e+00 6.003273558409559411e-23
4.562197203069056073e+00 5.665909382093420967e-23
4.597750518690657096e+00 5.354171413040346633e-23
4.633580902180091776e+00 5.065864690476576608e-23
4.669690512734105958e+00 4.798985142320483327e-23
4.706081526376117985e+00 4.551702838591834000e-23
4.742756136087351138e+00 4.322346871579017155e-23
4.779716551938987479e+00 4.109391652618069447e-23
4.816965001225343990e+00 3.911444474376878336e-23
4.854503728598102974e+00 3.727234204092333304e-23
4.892334996201570085e+00 3.555600960150101681e-23
4.930461083808994616e+00 3.395486691626767117e-23
4.968884288959960038e+00 3.245926551681730075e-23
5.007606927098831484e+00 3.106040983493647711e-23
5.046631331714285906e+00 2.975028461892739571e-23
5.085959854479939146e+00 2.852158818332875469e-23
5.125594865396055688e+00 2.736767098987381300e-23
5.165538752932373079e+00 2.628247920702661384e-23
5.205793924172026799e+00 2.526050268708839725e-23
5.246362804956618220e+00 2.429672717964100850e-23
5.287247840032386570e+00 2.338659034185095981e-23
5.328451493197543520e+00 2.252594134368073952e-23
5.369976247450735762e+00 2.171100371568456650e-23
5.411824605140684419e+00 2.093834134582113518e-23
5.453999088116976424e+00 2.020482733447993705e-23
5.496502237882029185e+00 1.950761537053088339e-23
5.539336615744256065e+00 1.884411373600244642e-23
5.582504802972412250e+00 1.821196145429832001e-23
5.626009400951136996e+00 1.760900660652649427e-23
5.669853031337731331e+00 1.703328660439896908e-23
5.714038336220133019e+00 1.648301018468370156e-23
5.758567978276136756e+00 1.595654114609582653e-23
5.803444640933850707e+00 1.545238352654742226e-23
5.848671028533408034e+00 1.496916822180265203e-23
5.894249866489925438e+00 1.450318206160056439e-23
5.940183901457753102e+00 1.404920215767408398e-23
5.986475901495984075e+00 1.361340190927975846e-23
6.033128656235260401e+00 1.319477506618741632e-23
6.080144977045891963e+00 1.279239281588760146e-23
6.127527697207263202e+00 1.240539662040565775e-23
6.175279672078572979e+00 1.203299173907005536e-23
6.223403779270908487e+00 1.167444134479426397e-23
6.271902918820651429e+00 1.132906132151518740e-23
6.320780013364233341e+00 1.099621543121630569e-23
6.370038008314270250e+00 1.067531109694258415e-23
6.419679872037050039e+00 1.036579543428264596e-23
6.469708596031408021e+00 1.006715185701043979e-23
6.520127195109008511e+00 9.778896868489906537e-24
6.570938707576019056e+00 9.500577233818595820e-24
6.622146195416195980e+00 9.231767424864010710e-24
6.673752744475415000e+00 8.969375891069880620e-24
6.725761464647628252e+00 8.714425673155025349e-24
6.778175490062257502e+00 8.468016538798483787e-24
6.830997979273086607e+00 8.229809505879751874e-24
6.884232115448578604e+00 7.999483699994212374e-24
6.937881106563702716e+00 7.776734969616989046e-24
6.991948185593272136e+00 7.561274666761069619e-24
7.046436610706736658e+00 7.352828492928146402e-24
7.101349665464545602e+00 7.151135486588033401e-24
7.156690659016025080e+00 6.955947073727684114e-24
7.212462926298772281e+00 6.767026234193025323e-24
7.268669828239636921e+00 6.584146758362456552e-24
7.325314751957265003e+00 6.407092506483517932e-24
7.382401110966188895e+00 6.235656779108219575e-24
7.439932345382551659e+00 6.069641775521244405e-24
7.497911922131407003e+00 5.908858007723461890e-24
7.556343335155633945e+00 5.753123856900424735e-24
7.615230105626504375e+00 5.602265099979173875e-24
7.674575782155860004e+00 5.456114524996481225e-24
7.734383941009959962e+00 5.314511529560747699e-24
7.794658186324999072e+00 5.177301786134427249e-24
7.855402150324295896e+00 5.044336933190644224e-24
7.916619493537168317e+00 4.915474264288935953e-24
7.978313905019535746e+00 4.790576444512405001e-24
8.040489102576222180e+00 4.669511282206294095e-24
8.103148832984988559e+00 4.552151463514634860e-24
8.166296872222336134e+00 4.438374354412650028e-24
8.229937025691045349e+00 4.328061775337073855e-24
8.294073128449483079e+00 4.221099809027006200e-24
8.358709045442731522e+00 4.117378630251439185e-24
8.423848671735486349e+00 4.016792320667718503e-24
8.489495932746768503e+00 3.919238716755766498e-24
8.555654784486495856e+00 3.824619244518036617e-24
8.622329213793868519e+00 3.732838793182415240e-24
8.689523238577617548e+00 3.643805562114267933e-24
8.757240908058138373e+00 3.557430927773139521e-24
8.825486303011505385e+00 3.473629344736256120e-24
8.894263536015376559e+00 3.392318199236013864e-24
8.963576751696830769e+00 3.313417713549591289e-24
9.033430126982132435e+00 3.236850835961477474e-24
9.103827871348423528e+00 3.162543137434166240e-24
9.174774227077424626e+00 3.090422715988084665e-24
9.246273469511047338e+00 3.020420097234735804e-24
9.318329907309045979e+00 2.952468153141018232e-24
9.390947882708687189e+00 2.886502008596242981e-24
9.464131771786378877e+00 2.822458965890196105e-24
9.537885984721404142e+00 2.760278424575434226e-24
9.612214966061698007e+00 2.699901801898106830e-24
9.687123194991649200e+00 2.641272461456198696e-24
9.762615185602044221e+00 2.584335652584241303e-24
9.838695487162103959e+00 2.529038425155853473e-24
9.915368684393603971e+00 2.475329582770137661e-24
9.992639397747167251e+00 2.423159612562617658e-24
1.007051228368071882e+01 2.374443118723029135e-24
1.014899203494005953e+01 2.327251756496466432e-24
1.022808338084167801e+01 2.281334027770417865e-24
1.030779108755775475e+01 2.236651787660218013e-24
1.038811995840335101e+01 2.193168123756562052e-24
1.046907483412588746e+01 2.150847322850259662e-24
1.055066059319685934e+01 2.109654823777257468e-24
1.063288215210579679e+01 2.069557170639123566e-24
1.071574446565655414e+01 2.030521988289737956e-24
1.079925252726591012e+01 1.992517940274560730e-24
1.088341136926445074e+01 1.955514684368451630e-24
1.096822606319983606e+01 1.919482850341108076e-24
1.105370172014243657e+01 1.884394001697153280e-24
1.113984349099330551e+01 1.850220604547431366e-24
1.122665656679461144e+01 1.816935990570272118e-24
1.131414617904242803e+01 1.784514344953585109e-24
1.140231760000200723e+01 1.752930653706137059e-24
1.149117614302551083e+01 1.722160699999101176e-24
1.158072716287217041e+01 1.692181022700745560e-24
1.167097605603098742e+01 1.662968893763507149e-24
1.176192826104595213e+01 1.634502301180449723e-24
1.185358925884374592e+01 1.606759915935504257e-24
1.194596457306404602e+01 1.579721074489918179e-24
1.203905977039241115e+01 1.553365758727086191e-24
1.213288046089569505e+01 1.527674565385472533e-24
1.222743229836014933e+01 1.502628701503916588e-24
1.232272098063213228e+01 1.478209950045097363e-24
1.241875224996144311e+01 1.454400658584814801e-24
1.251553189334737759e+01 1.431183721490938169e-24
1.261306574288748017e+01 1.408542560566516518e-24
1.271135967612895179e+01 1.386461102999390783e-24
1.281041961642286786e+01 1.364923776767805151e-24
1.291025153328114428e+01 1.343915484288331558e-24
1.301086144273622835e+01 1.323421593182372772e-24
1.311225540770366216e+01 1.303427917436374653e-24
1.321443953834745422e+01 1.283920706952753833e-24
1.331741999244825436e+01 1.264886631089549317e-24
1.342120297577444710e+01 1.246312766065100068e-24
1.352579474245614577e+01 1.228186580335914102e-24
1.363120159536203424e+01 1.210495927059673299e-24
1.373742988647920527e+01 1.193229026350580841e-24
1.384448601729596717e+01 1.176374457432242139e-24
1.395237643918756554e+01 1.159921144817070474e-24
1.406110765380496730e+01 1.143858346841523634e-24
1.417068621346669133e+01 1.128175648510343948e-24
1.428111872155361617e+01 1.112862947497032015e-24
1.439241183290693016e+01 1.097910447093222030e-24
1.450457225422918128e+01 1.083308641104565508e-24
1.461760674448840014e+01 1.069048311856186636e-24
1.473152211532542033e+01 1.055120515497538656e-24
1.484632523146438210e+01 1.041516575059041594e-24
1.496202301112636057e+01 1.028228071177819372e-24
1.507862242644633000e+01 1.015246832870373870e-24
1.519613050389326148e+01 1.002564933896002681e-24
1.531455432469357625e+01 9.901746780636316192e-25
1.543390102525788343e+01 9.780685962654222135e-25
1.555417779761100050e+01 9.662394386288033467e-25
1.567539188982537013e+01 9.546801637852009406e-25
1.579755060645786280e+01 9.433839373400784271e-25
1.592066130898992427e+01 9.323441205982532111e-25
1.604473141627120114e+01 9.215542663499165644e-25
1.616976840496664281e+01 9.110081107884041154e-25
1.629577981000701570e+01 9.006995691870799080e-25
1.642277322504298454e+01 8.906227294333361357e-25
1.655075630290274091e+01 8.807718446539528241e-25
1.667973675605313844e+01 8.711413299840600383e-25
1.680972235706447293e+01 8.617257552104635274e-25
1.694072093907889709e+01 8.525198415786620927e-25
1.707274039628241269e+01 8.435184541747317165e-25
1.720578868438059672e+01 8.347165999709868583e-25
1.733987382107807917e+01 8.261094204701018533e-25
1.747500388656161974e+01 8.176921889876687348e-25
1.761118702398708180e+01 8.094603056904340177e-25
1.774843143997016526e+01 8.014092933959653466e-25
1.788674540508091226e+01 7.935347930693111481e-25
1.802613725434210679e+01 7.858325614968642675e-25
1.816661538773160700e+01 7.782984653149646344e-25
1.830818827068848265e+01 7.709284793468488852e-25
1.845086443462317405e+01 7.637186822550889149e-25
1.859465247743164085e+01 7.566652531612820980e-25
1.873956106401342936e+01 7.497644691062562455e-25
1.888559892679387175e+01 7.430127012589770801e-25
1.903277486625032822e+01 7.364064120729411685e-25
1.918109775144246498e+01 7.299421533488896906e-25
1.933057652054675302e+01 7.236165624822656100e-25
1.948122018139512690e+01 7.174263605934172580e-25
1.963303781201774356e+01 7.113683493562296448e-25
1.978603856119007531e+01 7.054394096275254138e-25
1.994023164898425549e+01 6.996364983160325064e-25
2.009562636732463758e+01 6.939566461768757437e-25
2.025223208054777757e+01 6.883969568602541155e-25
2.041005822596676111e+01 6.829546033765659839e-25
2.056911431443985094e+01 6.776268272527650527e-25
2.072940993094369944e+01 6.724109363012755795e-25
2.089095473515089907e+01 6.673043030350750875e-25
2.105375846201209811e+01 6.623043624559883360e-25
2.121783092234269219e+01 6.574086114579006858e-25
2.138318200341397457e+01 6.526146059970606184e-25
2.154982166954898304e+01 6.479199607067031889e-25
2.171775996272300446e+01 6.433223467358010817e-25
2.188700700316866232e+01 6.388194906710203022e-25
2.205757298998579330e+01 6.344091731054171337e-25
2.222946820175610938e+01 6.300892274703449921e-25
2.240270299716252822e+01 6.258575385316924419e-25
2.257728781561344533e+01 6.217120414404758976e-25
2.275323317787184862e+01 6.176507204796734737e-25
2.293054968668926463e+01 6.136716078127548525e-25
2.310924802744472473e+01 6.097727825841517726e-25
2.328933896878871934e+01 6.059523698270007087e-25
2.347083336329205494e+01 6.022085390752788438e-25
2.365374214809989795e+01 5.985395040444415398e-25
2.383807634559089195e+01 5.949435211236596310e-25
2.402384706404131620e+01 5.914188884901067466e-25
2.421106549829451282e+01 5.879639452789703924e-25
2.439974293043556486e+01 5.845770707698411579e-25
2.458989073047107254e+01 5.812566834087821402e-25
2.478152035701439360e+01 5.780012397849834183e-25
2.497464335797616286e+01 5.748092340364081406e-25
2.516927137126014813e+01 5.716791969648607247e-25
2.536541612546457714e+01 5.686096951006538084e-25
2.556308944058897836e+01 5.655993301234888358e-25
2.576230322874638290e+01 5.626467378636622923e-25
2.596306949488122484e+01 5.597505876778572662e-25
2.616540033749279459e+01 5.569095816677849149e-25
2.636930794936425215e+01 5.541224539472956040e-25
2.657480461829742424e+01 5.513879699007177365e-25
2.678190272785330706e+01 5.487049255652296025e-25
2.699061475809826760e+01 5.460721468005441691e-25
2.720095328635613185e+01 5.434884887189047986e-25
2.741293098796615979e+01 5.409528348987697100e-25
2.762656063704679710e+01 5.384640969172850907e-25
2.784185510726555535e+01 5.360212134743682355e-25
2.805882737261472570e+01 5.336231499722320241e-25
2.827749050819322818e+01 5.312688976832570614e-25
2.849785769099460708e+01 5.289574733393736851e-25
2.871994220070099502e+01 5.266879183334450624e-25
2.894375742048341138e+01 5.244592982916926914e-25
2.916931683780831364e+01 5.222707024521857218e-25
2.939663404525025925e+01 5.201212429826968992e-25
2.962572274131109040e+01 5.180100545677325740e-25
2.985659673124544611e+01 5.159362937511877192e-25
3.008926992789260524e+01 5.138991385013182464e-25
3.032375635251500157e+01 5.118977875418108849e-25
3.056007013564306618e+01 5.099314600117339712e-25
3.079822551792681296e+01 5.079993947868821328e-25
3.103823685099403207e+01 5.061008500550001085e-25
3.128011859831505959e+01 5.042351028422309001e-25
3.152388533607441090e+01 5.024014485125360036e-25
3.176955175404921761e+01 5.005992002742204923e-25
3.201713265649436124e+01 4.988276887927489637e-25
3.226664296303464141e+01 4.970862616451411215e-25
3.251809770956392498e+01 4.953742829786230944e-25
3.277151204915110583e+01 4.936911329976237008e-25
3.302690125295332990e+01 4.920362075630472313e-25
3.328428071113629017e+01 4.904089178296942362e-25
3.354366593380158434e+01 4.888086897811885734e-25
3.380507255192139837e+01 4.872349638669692328e-25
3.406851631828053684e+01 4.856871946117707251e-25
3.433401310842558019e+01 4.841648502680778916e-25
3.460157892162165183e+01 4.826674123745241764e-25
3.487122988181658201e+01 4.811943755047234726e-25
3.514298223861248260e+01 4.797452468178177452e-25
3.541685236824501004e+01 4.783195457687995908e-25
3.569285677457028783e+01 4.769168037859349146e-25
3.597101209005933953e+01 4.755365639318065632e-25
3.625133507680045142e+01 4.741783805563498097e-25
3.653384262750932976e+01 4.728418190566235526e-25
3.681855176654698880e+01 4.715264555092324064e-25
3.710547965094568923e+01 4.702318764437082878e-25
3.739464357144293416e+01 4.689576784909437495e-25
3.768606095352331664e+01 4.677034681518174062e-25
3.797974935846865918e+01 4.664688615226035976e-25
3.827572648441636005e+01 4.652534840224665324e-25
3.857401016742574740e+01 4.640569701377424211e-25
3.887461838255303803e+01 4.628789631781096214e-25
3.917756924493453852e+01 4.617191150397442506e-25
3.948288101087822355e+01 4.605770859615994321e-25
3.979057207896390480e+01 4.594525442966927570e-25
4.010066099115206129e+01 4.583451663030444305e-25
4.041316643390103280e+01 4.572546359130552902e-25
4.072810723929327992e+01 4.561806445322548265e-25
4.104550238617008517e+01 4.551228908283049054e-25
4.136537100127531374e+01 4.540810805452196828e-25
4.168773236040807717e+01 4.530549262946800917e-25
4.201260588958419362e+01 4.520441473862907136e-25
4.234001116620692784e+01 4.510484696264513173e-25
4.266996792024676921e+01 4.500676251656130311e-25
4.300249603543031185e+01 4.491013523012996526e-25
4.333761555043851388e+01 4.481493953355455303e-25
4.367534666011432876e+01 4.472115043978842979e-25
4.401570971667955945e+01 4.462874352922478066e-25
4.435872523096138309e+01 4.453769493442733574e-25
4.470441387362842534e+01 4.444798132641922039e-25
4.505279647643626362e+01 4.435957989877001266e-25
4.540389403348287800e+01 4.427246835441792815e-25
4.575772770247383647e+01 4.418662489208812158e-25
4.611431880599715782e+01 4.410202819359874365e-25
4.647368883280831398e+01 4.401865741069657987e-25
4.683585943912525096e+01 4.393649215267927865e-25
4.720085244993330065e+01 4.385551247468021852e-25
4.756868986030042379e+01 4.377569886609633564e-25
4.793939383670277010e+01 4.369703223874151004e-25
4.831298671836032099e+01 4.361949391714965563e-25
4.868949101858314776e+01 4.354306562670292522e-25
4.906892942612816455e+01 4.346772948377726580e-25
4.945132480656627649e+01 4.339346798652849901e-25
4.983670020366032816e+01 4.332026400365796543e-25
5.022507884075386642e+01 4.324810076703115482e-25
5.061648412217044779e+01 4.317696186045906347e-25
5.101093963462410130e+01 4.310683121275221649e-25
5.140846914864078343e+01 4.303769308791187458e-25
5.180909661999065463e+01 4.296953207743837041e-25
5.221284619113180980e+01 4.290233309200603723e-25
5.261974219266517139e+01 4.283608135369520238e-25
5.302980914480057351e+01 4.277076238895500775e-25
5.344307175883443506e+01 4.270636202033049174e-25
5.385955493863902177e+01 4.264286636012893385e-25
5.427928378216299166e+01 4.258026180299653442e-25
5.470228358294394866e+01 4.251853501985685857e-25
5.512857983163273445e+01 4.245767295066989208e-25
5.555819821752935184e+01 4.239766279867932810e-25
5.599116463013128708e+01 4.233849202430251289e-25
5.642750516069339994e+01 4.228014833871026292e-25
5.686724610380037603e+01 4.222261969885297183e-25
5.731041395895132240e+01 4.216589430134753469e-25
5.775703543215650626e+01 4.210996057738992779e-25
5.820713743754681246e+01 4.205480718738263016e-25
5.866074709899567097e+01 4.200042301600485731e-25
5.911789175175346145e+01 4.194679716720871144e-25
5.957859894409484980e+01 4.189391895972220838e-25
6.004289643897896411e+01 4.184177792206902945e-25
6.051081221572227520e+01 4.179036378862955930e-25
6.098237447168475001e+01 4.173966649502667565e-25
6.145761162396918564e+01 4.168967617400121516e-25
6.193655231113346105e+01 4.164038315164098754e-25
6.241922539491645239e+01 4.159177794318655658e-25
6.290565996197736354e+01 4.154385124967460689e-25
6.339588532564837209e+01 4.149659395399845822e-25
6.388993102770116650e+01 4.144999711778687084e-25
6.438782684012728907e+01 4.140405197778347700e-25
6.488960276693207163e+01 4.135874994295119858e-25
6.539528904594276071e+01 4.131408259117735937e-25
6.590491615063088204e+01 4.127004166656299967e-25
6.641851479194833985e+01 4.122661907649823720e-25
6.693611592017829537e+01 4.118380688925149805e-25
6.745775072680027051e+01 4.114159733123833823e-25
6.798345064636970392e+01 4.109998278495335420e-25
6.851324735841228630e+01 4.105895578658879203e-25
6.904717278933314617e+01 4.101850902427056200e-25
6.958525911434054478e+01 4.097863533609846914e-25
7.012753875938497572e+01 4.093932770863728252e-25
7.067404440311324265e+01 4.090057927548243932e-25
7.122480897883757223e+01 4.086238331607118838e-25
7.177986567652027361e+01 4.082473325489122542e-25
7.233924794477398734e+01 4.078762266077727900e-25
7.290298949287712560e+01 4.075104524662916637e-25
7.347112429280528545e+01 4.071499486955117224e-25
7.404368658127866354e+01 4.067946553127116759e-25
7.462071086182491797e+01 4.064445137912622953e-25
7.520223190685867110e+01 4.060994670769539841e-25
7.578828475977674373e+01 4.057594596086408919e-25
7.637890473707000183e+01 4.054244373479769732e-25
7.697412743045173045e+01 4.050943478191158751e-25
7.757398870900217958e+01 4.047691401576096659e-25
7.817852472133024833e+01 4.044487651732518187e-25
7.878777189775192369e+01 4.041331754290823709e-25
7.940176695248545968e+01 4.038223253392543031e-25
8.002054688586392217e+01 4.035161712916446252e-25
8.064414898656497144e+01 4.032146717986847200e-25
8.127261083385778306e+01 4.029177876862139337e-25
8.190597029986767552e+01 4.026254823278206200e-25
8.254426555185850134e+01 4.023377219375033151e-25
8.318753505453241814e+01 4.020544759368291893e-25
8.383581757234797749e+01 4.017757174181405808e-25
8.448915217185621884e+01 4.015014237308966284e-25
8.514757822405468346e+01 4.012315772312728869e-25
8.581113540676001605e+01 4.009661662471181653e-25
8.647986370699926795e+01 4.007051863285938689e-25
8.715380342341917697e+01 4.004486418902417571e-25
8.783299516871490198e+01 4.001965483841158956e-25
8.851747987207740209e+01 3.999489352142752022e-25
8.920729878165977311e+01 3.997058496942465796e-25
8.990249346706292499e+01 3.994673624990753002e-25
9.060310582184085604e+01 3.992335752978208459e-25
9.130917806602495546e+01 3.990046316250043725e-25
9.202075274866830057e+01 3.987807326768680464e-25
9.273787275041000555e+01 3.985621607706240145e-25
9.346058128605885429e+01 3.983493150595695194e-25
9.418892190719775215e+01 3.981427674581315459e-25
9.492293850480828610e+01 3.979433530795400348e-25
9.566267531191542162e+01 3.977523220317728357e-25
9.640817690625316061e+01 3.975716055424296442e-25
9.715948821295106086e+01 3.974043072585200199e-25
9.791665450724114805e+01 3.972556685867813048e-25
9.867972141718647094e+01 3.971351169350504523e-25
9.944873492643085910e+01 3.970610557754306725e-25
1.002237413769696843e+02 3.970735937930788787e-25
1.010047874719425067e+02 3.972749075654951094e-25
1.017919202784478472e+02 3.979959615444167571e-25
1.025851872303792192e+02 4.008838460237797316e-25
1.033846361312837132e+02 4.310705472969614852e-25
1.041903151572423241e+02 4.513488703664975063e-25
1.050022728597737967e+02 4.004643301474698886e-25
1.058205581687600016e+02 3.968408074422406366e-25
1.066452203953943325e+02 3.957836979474405933e-25
1.074763092351537921e+02 3.952719137814235974e-25
1.083138747707935323e+02 3.949436459416573339e-25
1.091579674753644582e+02 3.946947707798473089e-25
1.100086382152555871e+02 3.944865119171276285e-25
1.108659382532589319e+02 3.943018324821382347e-25
1.117299192516584156e+02 3.941323248341413131e-25
1.126006332753437249e+02 3.939734642505529476e-25
1.134781327949475127e+02 3.938226457653294991e-25
1.143624706900070578e+02 3.936782860320895854e-25
1.152537002521514893e+02 3.935393785413008921e-25
1.161518751883129568e+02 3.934052587740737492e-25
1.170570496239626834e+02 3.932754734582571890e-25
1.179692781063733946e+02 3.931497044644804163e-25
1.188886156079060470e+02 3.930277227902959964e-25
1.198151175293222082e+02 3.929093598079404988e-25
1.207488397031233518e+02 3.927944887761709184e-25
1.216898383969149506e+02 3.926830126483052451e-25
1.226381703167970159e+02 3.925748558499542457e-25
1.235938926107819071e+02 3.924699586215773189e-25
1.245570628722379070e+02 3.923682730553492096e-25
1.255277391433594403e+02 3.922697602730849204e-25
1.265059799186655596e+02 3.921743883869318679e-25
1.274918441485245921e+02 3.920821310055798549e-25
1.284853912427061289e+02 3.919929661266019735e-25
1.294866810739619325e+02 3.919068753056294781e-25
1.304957739816336186e+02 3.918238430266553033e-25
1.315127307752884178e+02 3.917438562202844284e-25
1.325376127383843823e+02 3.916669038916660839e-25
1.335704816319631050e+02 3.915929768309306009e-25
1.346113996983710308e+02 3.915220673860856930e-25
1.356604296650112076e+02 3.914541692836142994e-25
1.367176347481229470e+02 3.913892774859053034e-25
1.377830786565907033e+02 3.913273880772313614e-25
1.388568255957844144e+02 3.912684981721594335e-25
1.399389402714279811e+02 3.912126058416482347e-25
1.410294878934981853e+02 3.911597100530779566e-25
1.421285341801552420e+02 3.911098106216493160e-25
1.432361453617025404e+02 3.910629081707232938e-25
1.443523881845774781e+02 3.910190040995759932e-25
1.454773299153745256e+02 3.909781005571886513e-25
1.466110383448984180e+02 3.909402004209674265e-25
1.477535817922487809e+02 3.909053072796249860e-25
1.489050291089381517e+02 3.908734254196195258e-25
1.500654496830406970e+02 3.908445598145129650e-25
1.512349134433729603e+02 3.908187161170139972e-25
1.524134908637090291e+02 3.907959006532407595e-25
1.536012529670268520e+02 3.907761204191572481e-25
1.547982713297877240e+02 3.907593830789564623e-25
1.560046180862505310e+02 3.907456969652667132e-25
1.572203659328182255e+02 3.907350710813073242e-25
1.584455881324181519e+02 3.907275151048995461e-25
1.596803585189179557e+02 3.907230393945744443e-25
1.609247515015744341e+02 3.907216549979541734e-25
1.621788420695170316e+02 3.907233736626600139e-25
1.634427057962678873e+02 3.907282078502805050e-25
1.647164188442954185e+02 3.907361707538956321e-25
1.660000579696035743e+02 3.907472763199718322e-25
1.672937005263582364e+02 3.907615392756909061e-25
1.685974244715482087e+02 3.907789751631423021e-25
1.699113083696825299e+02 3.907996003822141499e-25
1.712354313975259004e+02 3.908234322447942489e-25
1.725698733488695211e+02 3.908504890438728352e-25
1.739147146393390528e+02 3.908807901423688125e-25
1.752700363112416539e+02 3.909143560885722508e-25
1.766359200384491714e+02 3.909512087680236294e-25
1.780124481313194451e+02 3.909913716058115472e-25
1.793997035416574590e+02 3.910348698401173294e-25
1.807977698677136971e+02 3.910817308977737177e-25
1.822067313592213509e+02 3.911319849191032615e-25
1.836266729224743983e+02 3.911856655053834465e-25
1.850576801254436248e+02 3.912428108065956725e-25
1.864998392029326340e+02 3.913034651425423039e-25
1.879532370617755248e+02 3.913676814850986468e-25
1.894179612860732789e+02 3.914355253778453214e-25
1.908941001424721833e+02 3.915070813486113161e-25
1.923817425854821010e+02 3.915824638423935144e-25
1.938809782628381413e+02 3.916618367921735763e-25
1.953918975209024325e+02 3.917454507631860899e-25
1.969145914101080166e+02 3.918337186903779373e-25
1.984491516904466835e+02 3.919273848670504649e-25
1.999956708369982152e+02 3.920279488345286971e-25
2.015542420455023489e+02 3.921389123655764775e-25
2.031249592379760713e+02 3.922704083839119538e-25
2.047079170683730354e+02 3.924643943168361059e-25
2.063032109282868873e+02 3.931079809059002270e-25
2.079109369527008937e+02 4.127086342736970467e-25
2.095311920257806548e+02 3.928909324634785078e-25
2.111640737867118389e+02 3.927972825536021139e-25
2.128096806355852948e+02 3.928790963928669790e-25
2.144681117393262753e+02 3.929919246851997893e-25
2.161394670376696752e+02 3.931163614211221543e-25
2.178238472491838138e+02 3.932476425988358765e-25
2.195213538773393793e+02 3.933842054059075106e-25
2.212320892166253827e+02 3.935254473417172345e-25
2.229561563587150204e+02 3.936711169604687440e-25
2.246936591986774658e+02 3.938211100600284949e-25
2.264447024412380358e+02 3.939753908732973383e-25
2.282093916070892590e+02 3.941339581359566215e-25
2.299878330392489829e+02 3.942968292111707225e-25
2.317801339094681907e+02 3.944640321557288057e-25
2.335864022246906018e+02 3.946356015372977368e-25
2.354067468335608453e+02 3.948115761306177245e-25
2.372412774329828551e+02 3.949919976020196794e-25
2.390901045747320666e+02 3.951769097359625582e-25
2.409533396721166127e+02 3.953663579695044939e-25
2.428310950066905889e+02 3.955603891074736276e-25
2.447234837350216878e+02 3.957590511464938486e-25
2.466306198955096249e+02 3.959623931664310135e-25
2.485526184152573421e+02 3.961704652647135312e-25
2.504895951169983448e+02 3.963833185185794790e-25
2.524416667260755673e+02 3.966010049663697582e-25
2.544089508774746662e+02 3.968235776022680321e-25
2.563915661229143552e+02 3.970510903813889177e-25
2.583896319379898614e+02 3.972835982335270912e-25
2.604032687293719732e+02 3.975211570850722677e-25
2.624325978420643537e+02 3.977638238896120948e-25
2.644777415667152241e+02 3.980116566686708840e-25
2.665388231469862035e+02 3.982647145652820762e-25
2.686159667869804935e+02 3.985230579146159840e-25
2.707092976587269959e+02 3.987867483381415263e-25
2.728189419097225255e+02 3.990558488712908843e-25
2.749450266705351851e+02 3.993304241399399121e-25
2.770876800624648695e+02 3.996105406099407003e-25
2.792470312052630561e+02 3.998962669486169910e-25
2.814232102249154082e+02 4.001876745632457425e-25
2.836163482614826989e+02 4.004848384277012154e-25
2.858265774770025587e+02 4.007878383961663828e-25
2.880540310634554544e+02 4.010967613751726372e-25
2.902988432507903553e+02 4.014117050845112680e-25
2.925611493150125284e+02 4.017327849376107310e-25
2.948410855863375559e+02 4.020601474998015928e-25
2.971387894574056077e+02 4.023939991054059958e-25
2.994543993915602869e+02 4.027346736234704574e-25
3.017880549311942673e+02 4.030828179499137019e-25
3.041398967061576855e+02 4.034400170138235524e-25
3.065100664422314480e+02 4.038117247949453249e-25
3.088987069696701724e+02 4.042336586164788875e-25
3.113059622318079391e+02 4.141218348934688256e-25
3.137319772937320295e+02 4.049365963140378781e-25
3.161768983510263524e+02 4.052770545914496865e-25
3.186408727385806401e+02 4.056636007278109090e-25
3.211240489394681958e+02 4.060609355472054779e-25
3.236265765938954928e+02 4.064659790918190134e-25
3.261486065082187338e+02 4.068782305368501763e-25
3.286902906640310107e+02 4.072976321910700169e-25
3.312517822273226216e+02 4.077242328239689300e-25
3.338332355577101112e+02 4.081581119157822226e-25
3.364348062177374459e+02 4.085993588245822348e-25
3.390566509822522789e+02 4.090480663666207446e-25
3.416989278478527012e+02 4.095043287527277885e-25
3.443617960424069793e+02 4.099682409624733720e-25
3.470454160346512253e+02 4.104398986139849142e-25
3.497499495438582926e+02 4.109193980032459528e-25
3.524755595495823854e+02 4.114068361961046118e-25
3.552224103014823982e+02 4.119023111322836381e-25
3.579906673292189225e+02 4.124059217290336105e-25
3.607804974524281647e+02 4.129177679840467812e-25
3.635920687907769207e+02 4.134379510820259706e-25
3.664255507740929261e+02 4.139665735130660315e-25
3.692811141525733660e+02 4.145037392145886853e-25
3.721589310070772285e+02 4.150495537545916219e-25
3.750591747594938852e+02 4.156041245838712918e-25
3.779820201831925033e+02 4.161675614031893933e-25
3.809276434135567797e+02 4.167399767249071758e-25
3.838962219585976641e+02 4.173214867744726998e-25
3.868879347096493007e+02 4.179122130116850147e-25
3.899029619521515997e+02 4.185122848452134879e-25
3.929414853765134694e+02 4.191218448052975135e-25
3.960036880890602902e+02 4.197410592277047391e-25
3.990897546230708599e+02 4.203701427167190958e-25
4.021998709498963649e+02 4.210094224495639472e-25
4.053342244901661502e+02 4.216595440424634395e-25
4.084930041250843828e+02 4.223223714059010053e-25
4.116764002078110138e+02 4.230081773738611990e-25
4.148846045749318137e+02 4.246554107383072520e-25
4.181178105580209490e+02 4.243450900417987456e-25
4.213762129952903024e+02 4.250369354840378732e-25
4.246600082433295711e+02 4.257470340307054345e-25
4.279693941889414077e+02 4.264679173800756588e-25
4.313045702610652938e+02 4.271994275769655680e-25
4.346657374427940113e+02 4.279417294834584191e-25
4.380530982834878273e+02 4.286949967570821048e-25
4.414668569109793452e+02 4.294593907031201879e-25
4.449072190438729422e+02 4.302350633212267510e-25
4.483743920039445356e+02 4.310221610776149527e-25
4.518685847286337207e+02 4.318208274382692099e-25
4.553900077836335072e+02 4.326312044542524195e-25
4.589388733755817498e+02 4.334534337688988142e-25
4.625153953648480751e+02 4.342876572913583581e-25
4.661197892784197165e+02 4.351340176875318602e-25
4.697522723228924519e+02 4.359926587876881511e-25
4.734130633975585738e+02 4.368637259885893123e-25
4.771023831075963244e+02 4.377473667310537154e-25
4.808204537773672200e+02 4.386437311659287649e-25
4.845674994638119415e+02 4.395529732038316900e-25
4.883437459699508736e+02 4.404752523347197498e-25
4.921494208584945795e+02 4.414107370632957081e-25
4.959847534655552863e+02 4.423596120138876256e-25
4.998499749144658608e+02 4.433220943411537424e-25
5.037453181297104834e+02 4.442984776244088753e-25
5.076710178509595153e+02 4.452892770297713280e-25
5.116273106472139034e+02 4.462959084725991775e-25
5.156144349310642383e+02 4.473273254883279536e-25
5.196326309730563935e+02 4.487394613729238395e-25
5.236821409161686915e+02 4.493747344305939697e-25
5.277632087904075888e+02 4.504370012349420134e-25
5.318760805275113626e+02 4.515132752431742468e-25
5.360210039757685081e+02 4.526039045502400294e-25
5.401982289149573262e+02 4.537092887753184431e-25
5.444080070713953319e+02 4.548297040143448287e-25
5.486505921331101945e+02 4.559653727226723975e-25
5.529262397651248193e+02 4.571164935976379357e-25
5.572352076248678259e+02 4.582832542310322592e-25
5.615777553776983950e+02 4.594658369812377027e-25
5.659541447125526474e+02 4.606644219865099917e-25
5.703646393577165554e+02 4.618791889030461895e-25
5.748095050967175439e+02 4.631103180888813534e-25
5.792890097843385320e+02 4.643579916359276672e-25
5.838034233627633967e+02 4.656223945806732860e-25
5.883530178778419213e+02 4.669037167442487558e-25
5.929380674954823007e+02 4.682021560944499568e-25
5.975588485181762053e+02 4.695179258157598970e-25
6.022156394016473087e+02 4.708512714075572604e-25
6.069087207716299872e+02 4.722025199969970653e-25
6.116383754407836477e+02 4.735722650616601952e-25
6.164048884257337022e+02 4.749624722715501458e-25
6.212085469642455564e+02 4.764035408809511454e-25
6.260496405325370688e+02 4.777723420082801498e-25
6.309284608627218631e+02 4.792174161373568624e-25
6.358453019603869052e+02 4.806791348493646189e-25
6.408004601223141208e+02 4.821589540869039771e-25
6.457942339543335493e+02 4.836575531748305645e-25
6.508269243893156499e+02 4.851752961794197726e-25
6.558988347053104917e+02 4.867124526315871647e-25
6.610102705438212070e+02 4.882692572299719661e-25
6.661615399282209182e+02 4.898459302308060365e-25
6.713529532823184809e+02 4.914426858296597987e-25
6.765848234490631512e+02 4.930597362732397448e-25
6.818574657093947735e+02 4.946972944253991148e-25
6.871711978012478994e+02 4.963555760854336217e-25
6.925263399386961964e+02 4.980348031829012515e-25
6.979232148312477193e+02 4.997352098402378680e-25
7.033621477032955909e+02 5.014570566958427181e-25
7.088434663137147709e+02 5.032006725027039444e-25
7.143675009756112786e+02 5.049666140906348526e-25
7.199345845762311455e+02 5.067566890886996982e-25
7.255450525970192075e+02 5.086151899495414816e-25
7.311992431338331926e+02 5.103818828873649097e-25
7.368974969173224281e+02 5.122395937049170714e-25
7.426401573334585464e+02 5.141175629759929810e-25
7.484275704442266033e+02 5.160178974580489146e-25
7.542600850084832018e+02 5.179412186544912047e-25
7.601380525029715045e+02 5.198878823942247235e-25
7.660618271434990447e+02 5.218581698696092627e-25
7.720317659062886833e+02 5.238523358819700150e-25
7.780482285494875896e+02 5.258706252960613359e-25
7.841115776348444797e+02 5.279132803221122683e-25
7.902221785495635231e+02 5.299805451928592218e-25
7.963803995283201402e+02 5.320726714075321576e-25
8.025866116754493760e+02 5.341899275643477075e-25
8.088411889873140126e+02 5.363326251219736106e-25
8.151445083748395746e+02 5.385012088327704048e-25
8.214969496862253209e+02 5.406967488799548296e-25
8.278988957298396372e+02 5.429296213184105793e-25
8.343507322972856173e+02 5.451483030416465680e-25
8.408528481866477478e+02 5.474257463676969505e-25
8.474056352259257210e+02 5.497260453507333024e-25
8.540094882966449177e+02 5.520525423508630841e-25
8.606648053576492430e+02 5.544059639076042871e-25
8.673719874690885945e+02 5.567867010183009449e-25
8.741314388165844775e+02 5.591950614690923054e-25
8.809435667355842270e+02 5.616313262694123212e-25
8.878087817359131577e+02 5.640957682548761502e-25
8.947274975265096373e+02 5.665886614109251881e-25
9.017001310403536536e+02 5.691102901015239323e-25
9.087271024595964946e+02 5.716609675254480112e-25
9.158088352408796027e+02 5.742411402830012953e-25
9.229457561408497668e+02 5.768516546249978864e-25
9.301382952418814511e+02 5.794968522846132894e-25
9.373868859779920513e+02 5.821449005178335514e-25
9.446919651609578068e+02 5.848513670326411711e-25
9.520539730066429911e+02 5.875824023562312922e-25
9.594733531615247557e+02 5.903433673440422604e-25
9.669505527294256808e+02 5.931357811279514741e-25
9.744860222984621032e+02 5.959593962714182729e-25
9.820802159681948069e+02 5.988145344424642482e-25
9.897335913769907165e+02 6.017015047095764457e-25
9.974466097296069620e+02 6.046206118587542683e-25
1.005219735824979466e+03 6.075721711638862870e-25
1.013053438084235040e+03 6.105565346344880369e-25
1.020948188578914824e+03 6.135741813880118678e-25
1.028904463059428053e+03 6.166262777316554533e-25
1.036922740983718768e+03 6.197386165083553235e-25
1.045003505546155566e+03 6.228182257049367538e-25
1.053147243706655672e+03 6.259726547678576081e-25
1.061354446220027512e+03 6.291595361307259411e-25
1.069625607665539974e+03 6.323806692450838553e-25
1.077961226476733827e+03 6.356366244539305337e-25
1.086361804971455058e+03 6.389277922091674985e-25
1.094827849382121485e+03 6.422545195270332592e-25
1.103359869886236311e+03 6.456171473433808280e-25
1.111958380637128130e+03 6.490160356361521519e-25
1.120623899794932186e+03 6.524516186851339148e-25
1.129356949557821736e+03 6.559246735334630748e-25
1.138158056193473385e+03 6.594403404324242184e-25
1.147027750070777074e+03 6.629703403787829940e-25
1.155966565691804135e+03 6.665594231563847450e-25
1.164975041724014091e+03 6.701831574426976852e-25
1.174053721032711564e+03 6.738447169270321902e-25
1.183203150713767400e+03 6.775447930557124120e-25
1.192423882126584203e+03 6.812838234751752018e-25
1.201716470927318369e+03 6.850621935334050483e-25
1.211081477102371991e+03 6.888802879285235717e-25
1.220519465002135348e+03 6.927385371173439635e-25
1.230031003374991315e+03 6.966375800241697324e-25
1.239616665401596720e+03 7.005799006792833749e-25
1.249277028729419499e+03 7.045442233628228747e-25
1.259012675507545055e+03 7.085728202427090306e-25
1.268824192421763883e+03 7.126369578800977194e-25
1.278712170729924765e+03 7.167425083146548121e-25
1.288677206297558541e+03 7.208902927404076134e-25
1.298719899633795194e+03 7.250807976341295279e-25
1.308840855927546954e+03 7.293144512717149252e-25
1.319040685083974950e+03 7.335916941779909699e-25
1.329320001761249159e+03 7.379130764748039138e-25
1.339679425407587132e+03 7.422798666842737088e-25
1.350119580298576466e+03 7.466632621448255972e-25
1.360641095574804922e+03 7.511376419693074226e-25
1.371244605279767711e+03 7.556392003131560186e-25
1.381930748398072865e+03 7.601855175736521048e-25
1.392700168893955606e+03 7.647777367889011216e-25
1.403553515750080123e+03 7.694164191829081224e-25
1.414491443006643976e+03 7.741020442071272997e-25
1.425514609800801281e+03 7.788351157600699883e-25
1.436623680406377389e+03 7.836183433336902498e-25
1.447819324273896427e+03 7.884536762829944378e-25
1.459102216070931036e+03 7.933217479008397094e-25
1.470473035722754730e+03 7.982547374462380932e-25
1.481932468453311458e+03 8.032338426617365007e-25
1.493481204826516205e+03 8.082622936616458850e-25
1.505119940787866653e+03 8.133408399646178303e-25
1.516849377706375208e+03 8.184700292278255322e-25
1.528670222416845718e+03 8.236504153476446846e-25
1.540583187262463071e+03 8.288827825560885481e-25
1.552588990137714973e+03 8.341711904668578700e-25
1.564688354531663890e+03 8.394956831083757159e-25
1.576882009571540493e+03 8.448873243575629576e-25
1.589170690066676798e+03 8.503301140592519091e-25
1.601555136552796966e+03 8.558263549919073801e-25
1.614036095336638937e+03 8.613767789987372728e-25
1.626614318540922113e+03 8.669819860100719764e-25
1.639290564149681586e+03 8.726426707073179622e-25
1.652065596053941363e+03 8.783605634579701445e-25
1.664940184097741849e+03 8.841200975067496838e-25
1.677915104124541813e+03 8.899557318024003139e-25
1.690991138023968006e+03 8.958424865814739189e-25
1.704169073778926304e+03 9.017864315290564142e-25
1.717449705513098706e+03 9.077884748096880573e-25
1.730833833538792760e+03 9.138492900583740181e-25
1.744322264405163878e+03 9.199696669508745892e-25
1.757915810946830561e+03 9.261521359526743372e-25
1.771615292332851595e+03 9.323824690288371690e-25
1.785421534116085240e+03 9.386865577908364749e-25
1.799335368282948593e+03 9.450493234535024456e-25
1.813357633303549846e+03 9.514737125875138608e-25
1.827489174182209808e+03 9.579605818301735513e-25
1.841730842508394517e+03 9.645106980503395370e-25
1.856083496508025974e+03 9.711253681032601486e-25
1.870548001095203745e+03 9.777801887555350219e-25
1.885125227924318551e+03 9.845409084644341989e-25
1.899816055442591278e+03 9.913497468567296031e-25
1.914621368943003745e+03 9.982240524330994497e-25
1.929542060617641937e+03 1.005164925446124265e-24
1.944579029611473061e+03 1.012173211064624734e-24
1.959733182076522326e+03 1.019250288012982006e-24
1.975005431226475366e+03 1.026377594808685722e-24
1.990396697391719727e+03 1.033603790515125682e-24
2.005907908074800844e+03 1.040887967245380958e-24
2.021539998006308224e+03 1.048242137693590097e-24
2.037293909201216138e+03 1.055667422604196388e-24
2.053170591015644732e+03 1.063164801228667192e-24
2.069171000204064057e+03 1.070737028333492967e-24
2.085296100976960588e+03 1.078371645376199347e-24
2.101546865058938693e+03 1.086090519688089613e-24
2.117924271747268904e+03 1.093882167347645375e-24
2.134429307970916398e+03 1.101748960838411856e-24
2.151062968350008305e+03 1.109691956184666597e-24
2.167826255255764409e+03 1.117712779669140452e-24
2.184720178870914424e+03 1.125799779297093171e-24
2.201745757250567294e+03 1.133981088166327833e-24
2.218904016383554790e+03 1.142236221377542796e-24
2.236195990254269873e+03 1.150570916810341489e-24
2.253622720904973448e+03 1.158986386306509476e-24
2.271185258498579060e+03 1.167484308666707349e-24
2.288884661381954174e+03 1.176053853944249666e-24
2.306721996149688039e+03 1.184721353864989618e-24
2.324698337708362033e+03 1.193467989506901303e-24
2.342814769341337978e+03 1.202299155590280501e-24
2.361072382774031212e+03 1.211216170090784631e-24
2.379472278239693878e+03 1.220221695397371934e-24
2.398015564545729376e+03 1.229305410290486855e-24
2.416703359140505199e+03 1.238486371693753193e-24
2.435536788180683743e+03 1.247754996014926266e-24
2.454516986599102438e+03 1.257113699935203638e-24
2.473645098173158203e+03 1.266564038453004454e-24
2.492922275593724407e+03 1.276070182565170779e-24
2.512349680534632625e+03 1.285736871740030964e-24
2.531928483722665987e+03 1.295466238363077564e-24
2.551659865008103225e+03 1.305290223866440457e-24
2.571545013435832971e+03 1.315210465670103684e-24
2.591585127317000570e+03 1.325233204789307297e-24
2.611781414301211498e+03 1.335338629311083981e-24
2.632135091449321862e+03 1.345553629225469939e-24
2.652647385306774140e+03 1.355868136022591293e-24
2.673319531977500901e+03 1.366284088157009784e-24
2.694152777198432432e+03 1.376806334622460725e-24
2.715148376414555969e+03 1.387419933345593732e-24
2.736307594854566105e+03 1.398147032845217639e-24
2.757631707607123190e+03 1.408979175985184265e-24
2.779121999697685624e+03 1.419918498770414361e-24
2.800779766165938327e+03 1.430975534172215312e-24
2.822606312143850573e+03 1.442118591569222383e-24
2.844602952934317727e+03 1.453386250242415809e-24
2.866771014090414610e+03 1.464765260693359420e-24
2.889111831495292336e+03 1.476257888304073965e-24
2.911626751442673140e+03 1.487854993913218737e-24
2.934317130717970031e+03 1.499582726125835010e-24
2.957184336680067190e+03 1.511421986358573113e-24
2.980229747343711097e+03 1.523379496919146596e-24
3.003454751462540571e+03 1.535459212742619359e-24
3.026860748612797124e+03 1.547650944867482214e-24
3.050449149277652850e+03 1.559972382073376729e-24
3.074221374932201797e+03 1.572416983652399928e-24
3.098178858129137552e+03 1.584987589089137600e-24
3.122323042585072017e+03 1.597677841732432253e-24
3.146655383267527668e+03 1.610505731777752336e-24
3.171177346482633311e+03 1.623460765489260725e-24
3.195890409963478305e+03 1.636547418304445830e-24
3.220796062959153005e+03 1.649749471795322936e-24
3.245895806324512705e+03 1.663117198844337565e-24
3.271191152610610516e+03 1.676607441028927633e-24
3.296683626155838283e+03 1.690235550759737485e-24
3.322374763177804653e+03 1.704129606451461692e-24
3.348266111865900257e+03 1.717908251966486236e-24
3.374359232474582768e+03 1.731960041901553107e-24
3.400655697417423198e+03 1.746156532386044686e-24
3.427157091361845232e+03 1.760454620180541848e-24
3.453865011324629904e+03 1.774987086997325464e-24
3.480781066768138317e+03 1.789628495171860914e-24
3.507906879697322438e+03 1.804422105714286128e-24
3.535244084757458495e+03 1.819361234239857026e-24
3.562794329332642974e+03 1.834469106350989886e-24
3.590559273645089434e+03 1.849730162003313218e-24
3.618540590855162463e+03 1.865151815068898775e-24
3.646739967162196990e+03 1.880729608258956591e-24
3.675159101906131582e+03 1.896477550116216584e-24
3.703799707669903000e+03 1.912390455452911854e-24
3.732663510382638378e+03 1.928476019765939421e-24
3.761752249423684134e+03 1.944719777313084838e-24
3.791067677727412502e+03 1.961144197474310206e-24
3.820611561888846154e+03 1.977743640350851477e-24
3.850385682270137295e+03 1.994514301254090152e-24
3.880391833107845287e+03 2.011472331255313674e-24
3.910631822621046013e+03 2.028610100680380778e-24
3.941107473120324357e+03 2.045937689047034069e-24
3.971820621117577048e+03 2.063437761466777487e-24
4.002773117436670418e+03 2.081136057535813160e-24
4.033966827324999485e+03 2.099026821544751570e-24
4.065403630565878302e+03 2.117106644503239730e-24
4.097085421591806153e+03 2.135388812755330401e-24
4.129014109598654613e+03 2.153870216965475437e-24
4.161191618660706808e+03 2.172548078415048286e-24
4.193619887846588426e+03 2.191439444561050220e-24
4.226300871336150522e+03 2.210536456238596133e-24
4.259236538538216337e+03 2.229828941604354281e-24
4.292428874209245805e+03 2.249363535129817312e-24
4.325879878572969574e+03 2.269103064810176529e-24
4.359591567440910694e+03 2.289086764592130532e-24
4.393565972333847640e+03 2.309241494034263112e-24
4.427805140604265034e+03 2.329649872285118872e-24
4.462311135559713875e+03 2.350299506016637545e-24
4.497086036587142189e+03 2.371154372913178258e-24
4.532131939278221580e+03 2.392260322571920181e-24
4.567450955555624205e+03 2.413636249815782155e-24
4.603045213800271085e+03 2.435189902452769777e-24
4.638916858979625431e+03 2.457023712269678655e-24
4.675068052776933655e+03 2.479094517951725506e-24
4.711500973721477749e+03 2.501440575342454082e-24
4.748217817319889036e+03 2.524034249572534862e-24
4.785220796188435088e+03 2.546883219348795998e-24
4.822512140186340730e+03 2.570003950376628202e-24
4.860094096550195900e+03 2.593391432097845850e-24
4.897968930029359399e+03 2.617046741903821559e-24
4.936138923022424024e+03 2.640982979699090013e-24
4.974606375714784917e+03 2.665201212293658249e-24
5.013373606217240194e+03 2.689696669013554268e-24
5.052442950705666590e+03 2.714486365112817726e-24
5.091816763561832886e+03 2.739560300552852249e-24
5.131497417515263805e+03 2.764946311321641752e-24
5.171487303786206212e+03 2.790629106661244293e-24
5.211788832229764921e+03 2.816614173162978555e-24
5.252404431481100801e+03 2.842914801439042351e-24
5.293336549101775745e+03 2.869547873728155121e-24
5.334587651727275443e+03 2.896464990104871413e-24
5.376160225215634455e+03 2.923728048504266699e-24
5.418056774797226353e+03 2.951317674045214221e-24
5.460279825225763489e+03 2.979247426293787372e-24
5.502831920930424531e+03 3.007348292514030567e-24
5.545715626169172538e+03 3.036131125551867244e-24
5.588933525183312668e+03 3.065099880308338916e-24
5.632488222353206766e+03 3.094421265302435800e-24
5.676382342355199398e+03 3.124109416852785060e-24
5.720618530319820820e+03 3.154160858853917059e-24
5.765199451991168644e+03 3.184592961223184135e-24
5.810127793887530970e+03 3.215409995912983951e-24
5.855406263463321011e+03 3.246596688048623374e-24
5.901037589272206787e+03 3.278185869774817518e-24
5.947024521131527763e+03 3.310168809661201993e-24
5.993369830288033882e+03 3.342560498405502801e-24
6.040076309584871524e+03 3.375359260205324096e-24
6.087146773629861855e+03 3.408579966660039483e-24
6.134584058965156146e+03 3.442219218733544870e-24
6.182391024238146201e+03 3.476296876702516950e-24
6.230570550373715378e+03 3.510785677177431765e-24
6.279125540747884770e+03 3.545766014533774562e-24
6.328058921362751789e+03 3.581181910119699192e-24
6.377373641022825723e+03 3.617044212010068900e-24
6.427072671512701163e+03 3.653383519820831223e-24
6.477159007776187536e+03 3.690190370067384716e-24
6.527635668096761037e+03 3.727485663506655471e-24
6.578505694279438103e+03 3.765265502980066775e-24
6.629772151834115903e+03 3.803548602795697159e-24
6.681438130160286164e+03 3.842332782385894194e-24
6.733506742733188730e+03 3.881636328665704510e-24
6.785981127291471239e+03 3.921457576474530376e-24
6.838864446026256701e+03 3.961815320413677082e-24
6.892159885771680820e+03 4.002707484874617979e-24
6.945870658196978184e+03 4.044154583841499273e-24
7.000000000000001819e+03 4.086152369224188260e-24
