3.000000000000000000e+00 7.172592009949137944e-21
3.023379074186677951e+00 6.208816630489732707e-21
3.046940342076630781e+00 5.406566526774603566e-21
3.070685223509894257e+00 4.732239887066574909e-21
3.094615149391351849e+00 4.160677598967995036e-21
3.118731561776963979e+00 3.672688519433217689e-21
3.143035913960669614e+00 3.253395549387410542e-21
3.167529670561962885e+00 2.891101630388203222e-21
3.192214307614152702e+00 2.576494558045925767e-21
3.217091312653314272e+00 2.302078183226261190e-21
3.242162184807927616e+00 2.061758275425703552e-21
3.267428434889215527e+00 1.850536165436052820e-21
3.292891585482193850e+00 1.664278848732160967e-21
3.318553171037419425e+00 1.499544213848055047e-21
3.344414737963458339e+00 1.353446600609802106e-21
3.370477844720079830e+00 1.223552261085179491e-21
3.396744061912168711e+00 1.107797265331724820e-21
3.423214972384368782e+00 1.004422444789085924e-21
3.449892171316475409e+00 9.119214036943578783e-22
3.476777266319557746e+00 8.289986505496447399e-22
3.503871877532837242e+00 7.545356367291957706e-22
3.531177637721321538e+00 6.875630244961231188e-22
3.558696192374196876e+00 6.272379007863990561e-22
3.586429199803984336e+00 5.728249458743080284e-22
3.614378331246479004e+00 5.236807859401195231e-22
3.642545270961456083e+00 4.792409252493256929e-22
3.670931716334169703e+00 4.390087805244424338e-22
3.699539377977637766e+00 4.025464382525450692e-22
3.728369979835728820e+00 3.694668313650307933e-22
3.757425259287050068e+00 3.394270911288726852e-22
3.786706967249639177e+00 3.121228765660811164e-22
3.816216868286484765e+00 2.872835206882001869e-22
3.845956740711859112e+00 2.646678619967093618e-22
3.875928376698477340e+00 2.440606532822818006e-22
3.906133582385504788e+00 2.252694585616157699e-22
3.936574177987393064e+00 2.081219642439173296e-22
3.967251997903568306e+00 1.924636431313207344e-22
3.998168890828979194e+00 1.781557196655847199e-22
4.029326719865498063e+00 1.650733935364500040e-22
4.060727362634198201e+00 1.531042853439954238e-22
4.092372711388496676e+00 1.421470734998205712e-22
4.124264673128191561e+00 1.321102967321555367e-22
4.156405169714378012e+00 1.229112998600715042e-22
4.188796137985258738e+00 1.144753041755836424e-22
4.221439529872867524e+00 1.067345863244820100e-22
4.254337312520692471e+00 9.962775183442969039e-23
4.287491468402215844e+00 9.309909153032411235e-23
4.320903995440390055e+00 8.710551928293284793e-23
4.354576907128027585e+00 8.159835240637054555e-23
4.388512232649141254e+00 7.653128674376060492e-23
4.422712017001222407e+00 7.186620488850878536e-23
4.457178321118484554e+00 6.756838145453041373e-23
4.491913221996044037e+00 6.360616323071196045e-23
4.526918812815098114e+00 5.995068304619350763e-23
4.562197203069056073e+00 5.657560369225680788e-23
4.597750518690657096e+00 5.345688825964424928e-23
4.633580902180091776e+00 5.057259374333360320e-23
4.669690512734105958e+00 4.790268543504172203e-23
4.706081526376117985e+00 4.542886940192122920e-23
4.742756136087351138e+00 4.313444124731549549e-23
4.779716551938987479e+00 4.100414905257930990e-23
4.816965001225343990e+00 3.902406898934784610e-23
4.854503728598102974e+00 3.718149225660177070e-23
4.892334996201570085e+00 3.546482186498935253e-23
4.930461083808994616e+00 3.386347846383859390e-23
4.968884288959960038e+00 3.236781411762857850e-23
5.007606927098831484e+00 3.096903321680291871e-23
5.046631331714285906e+00 2.965911995262808783e-23
5.085959854479939146e+00 2.843077163003554777e-23
5.125594865396055688e+00 2.727733731419854089e-23
5.165538752932373079e+00 2.619276145657405447e-23
5.205793924172026799e+00 2.517153193714638464e-23
5.246362804956618220e+00 2.420863234073696117e-23
5.287247840032386570e+00 2.329949802631161348e-23
5.328451493197543520e+00 2.243997578670956513e-23
5.369976247450735762e+00 2.162628674551126377e-23
5.411824605140684419e+00 2.085499239763236319e-23
5.453999088116976424e+00 2.012296350245377074e-23
5.496502237882029185e+00 1.942735149177807753e-23
5.539336615744256065e+00 1.876556250160052285e-23
5.582504802972412250e+00 1.813523354168095765e-23
5.626009400951136996e+00 1.753421082865507589e-23
5.669853031337731331e+00 1.696053007136506597e-23
5.714038336220133019e+00 1.641239847349729832e-23
5.758567978276136756e+00 1.588817847556396539e-23
5.803444640933850707e+00 1.538637293389700468e-23
5.848671028533408034e+00 1.490561173867155029e-23
5.894249866489925438e+00 1.444217050160732599e-23
5.940183901457753102e+00 1.399080908299586932e-23
5.986475901495984075e+00 1.355773151954917219e-23
6.033128656235260401e+00 1.314193136649580431e-23
6.080144977045891963e+00 1.274247974033747105e-23
6.127527697207263202e+00 1.235851814805161337e-23
6.175279672078572979e+00 1.198925200162198732e-23
6.223403779270908487e+00 1.163394472552061608e-23
6.271902918820651429e+00 1.129191254545098705e-23
6.320780013364233341e+00 1.096251964594538673e-23
6.370038008314270250e+00 1.064517394437020978e-23
6.419679872037050039e+00 1.033932311281272700e-23
6.469708596031408021e+00 1.004445117475742945e-23
6.520127195109008511e+00 9.760075287129172782e-24
6.570938707576019056e+00 9.485742903416990482e-24
6.622146195416195980e+00 9.221029209805253405e-24
6.673752744475415000e+00 8.962841425599521338e-24
6.725761464647628252e+00 8.712207518428840637e-24
6.778175490062257502e+00 8.470229944214377685e-24
6.830997979273086607e+00 8.236570702036610188e-24
6.884232115448578604e+00 8.010909881205848213e-24
6.937881106563702716e+00 7.792944268071027165e-24
6.991948185593272136e+00 7.582386118405668364e-24
7.046436610706736658e+00 7.378961995297941998e-24
7.101349665464545602e+00 7.182411748667771871e-24
7.156690659016025080e+00 6.992487558103979894e-24
7.212462926298772281e+00 6.808953091569686870e-24
7.268669828239636921e+00 6.631582754435101606e-24
7.325314751957265003e+00 6.460160941726135637e-24
7.382401110966188895e+00 6.294481401431077154e-24
7.439932345382551659e+00 6.134346685594967589e-24
7.497911922131407003e+00 5.979567557967949450e-24
7.556343335155633945e+00 5.829962543455943448e-24
7.615230105626504375e+00 5.685357448540855029e-24
7.674575782155860004e+00 5.545584970118421442e-24
7.734383941009959962e+00 5.410484288305026840e-24
7.794658186324999072e+00 5.279900725821734437e-24
7.855402150324295896e+00 5.153685433412808279e-24
7.916619493537168317e+00 5.031695073935408454e-24
7.978313905019535746e+00 4.913791534127675381e-24
8.040489102576222180e+00 4.799841691146498958e-24
8.103148832984988559e+00 4.689717143534157159e-24
8.166296872222336134e+00 4.583294008788279402e-24
8.229937025691045349e+00 4.480452695047807824e-24
8.294073128449483079e+00 4.381077705946236953e-24
8.358709045442731522e+00 4.285057467416780598e-24
8.423848671735486349e+00 4.192284141015032894e-24
8.489495932746768503e+00 4.102653470035352544e-24
8.555654784486495856e+00 4.016064613859710336e-24
8.622329213793868519e+00 3.932420020565756847e-24
8.689523238577617548e+00 3.851625274890058915e-24
8.757240908058138373e+00 3.773588966437519644e-24
8.825486303011505385e+00 3.698222591023068382e-24
8.894263536015376559e+00 3.625440408144018345e-24
8.963576751696830769e+00 3.555159347535990928e-24
9.033430126982132435e+00 3.487298903068071581e-24
9.103827871348423528e+00 3.421781033986212298e-24
9.174774227077424626e+00 3.358530074357356572e-24
9.246273469511047338e+00 3.297472640007846421e-24
9.318329907309045979e+00 3.238537553287341304e-24
9.390947882708687189e+00 3.181655757587978671e-24
9.464131771786378877e+00 3.126760249241143737e-24
9.537885984721404142e+00 3.073786006059344958e-24
9.612214966061698007e+00 3.022669917355796100e-24
9.687123194991649200e+00 2.973350722272153252e-24
9.762615185602044221e+00 2.925768958389868727e-24
9.838695487162103959e+00 2.879866889263192636e-24
9.915368684393603971e+00 2.835588466742867126e-24
9.992639397747167251e+00 2.792879273141634978e-24
1.007051228368071882e+01 2.753378697710320898e-24
1.014899203494005953e+01 2.715390899660032492e-24
1.022808338084167801e+01 2.678688266430824449e-24
1.030779108755775475e+01 2.643228463753390221e-24
1.038811995840335101e+01 2.608970399898901707e-24
1.046907483412588746e+01 2.575874199233391580e-24
1.055066059319685934e+01 2.543901164089888354e-24
1.063288215210579679e+01 2.513013737254193302e-24
1.071574446565655414e+01 2.483175482976771594e-24
1.079925252726591012e+01 2.454351053290201459e-24
1.088341136926445074e+01 2.426506152568104359e-24
1.096822606319983606e+01 2.399607520147730451e-24
1.105370172014243657e+01 2.373622899735334431e-24
1.113984349099330551e+01 2.348521014524373092e-24
1.122665656679461144e+01 2.324271537552043812e-24
1.131414617904242803e+01 2.300845081524195529e-24
1.140231760000200723e+01 2.278213156578361678e-24
1.149117614302551083e+01 2.256348166184742326e-24
1.158072716287217041e+01 2.235223373363479173e-24
1.167097605603098742e+01 2.214812881411757473e-24
1.176192826104595213e+01 2.195091618472925652e-24
1.185358925884374592e+01 2.176035309795552292e-24
1.194596457306404602e+01 2.157620461511478095e-24
1.203905977039241115e+01 2.139824342161824537e-24
1.213288046089569505e+01 2.122624956383419114e-24
1.222743229836014933e+01 2.106001037306500157e-24
1.232272098063213228e+01 2.089932017080608048e-24
1.241875224996144311e+01 2.074398013937499939e-24
1.251553189334737759e+01 2.059379814279619968e-24
1.261306574288748017e+01 2.044858853536656538e-24
1.271135967612895179e+01 2.030817195108223248e-24
1.281041961642286786e+01 2.017237521174897223e-24
1.291025153328114428e+01 2.004103108379814230e-24
1.301086144273622835e+01 1.991397815175695604e-24
1.311225540770366216e+01 1.979106062551800300e-24
1.321443953834745422e+01 1.967212820324253661e-24
1.331741999244825436e+01 1.955703589362863403e-24
1.342120297577444710e+01 1.944564386367173261e-24
1.352579474245614577e+01 1.933781727322091905e-24
1.363120159536203424e+01 1.923342615484091620e-24
1.373742988647920527e+01 1.913234522857813144e-24
1.384448601729596717e+01 1.903445378026378359e-24
1.395237643918756554e+01 1.893963550250609352e-24
1.406110765380496730e+01 1.884777835153558094e-24
1.417068621346669133e+01 1.875877443095828642e-24
1.428111872155361617e+01 1.867251983457383896e-24
1.439241183290693016e+01 1.858891453249662330e-24
1.450457225422918128e+01 1.850786221040811020e-24
1.461760674448840014e+01 1.842927018784268263e-24
1.473152211532542033e+01 1.835304926249224817e-24
1.484632523146438210e+01 1.827911360187579837e-24
1.496202301112636057e+01 1.820738062276729281e-24
1.507862242644633000e+01 1.813777087265790512e-24
1.519613050389326148e+01 1.807020794412337535e-24
1.531455432469357625e+01 1.800461832873041667e-24
1.543390102525788343e+01 1.794093133857449143e-24
1.555417779761100050e+01 1.787907900179098895e-24
1.567539188982537013e+01 1.781899594450829184e-24
1.579755060645786280e+01 1.776061932439807219e-24
1.592066130898992427e+01 1.770388871316967665e-24
1.604473141627120114e+01 1.764874601891641502e-24
1.616976840496664281e+01 1.759513538955746769e-24
1.629577981000701570e+01 1.754300313776882181e-24
1.642277322504298454e+01 1.749229765625010091e-24
1.655075630290274091e+01 1.744296933024044765e-24
1.667973675605313844e+01 1.739497047287605441e-24
1.680972235706447293e+01 1.734825524111337061e-24
1.694072093907889709e+01 1.730277957428610851e-24
1.707274039628241269e+01 1.725850111213822421e-24
1.720578868438059672e+01 1.721537914249810166e-24
1.733987382107807917e+01 1.717337452382052426e-24
1.747500388656161974e+01 1.713244963197750794e-24
1.761118702398708180e+01 1.709256829746676519e-24
1.774843143997016526e+01 1.705369574776616735e-24
1.788674540508091226e+01 1.701579854965676984e-24
1.802613725434210679e+01 1.697884456307690060e-24
1.816661538773160700e+01 1.694280287921090040e-24
1.830818827068848265e+01 1.690764377997139004e-24
1.845086443462317405e+01 1.687333868617174655e-24
1.859465247743164085e+01 1.683986011143602018e-24
1.873956106401342936e+01 1.680718162103963531e-24
1.888559892679387175e+01 1.677527778622085636e-24
1.903277486625032822e+01 1.674412414390584609e-24
1.918109775144246498e+01 1.671369716144037469e-24
1.933057652054675302e+01 1.668397419433070605e-24
1.948122018139512690e+01 1.665493345329215113e-24
1.963303781201774356e+01 1.662655396657859928e-24
1.978603856119007531e+01 1.659881555103173804e-24
1.994023164898425549e+01 1.657169877644703661e-24
2.009562636732463758e+01 1.654518493485487890e-24
2.025223208054777757e+01 1.651925601589254811e-24
2.041005822596676111e+01 1.649389467213368392e-24
2.056911431443985094e+01 1.646908419654381063e-24
2.072940993094369944e+01 1.644480849487961222e-24
2.089095473515089907e+01 1.642105206153482303e-24
2.105375846201209811e+01 1.639779995356382846e-24
2.121783092234269219e+01 1.637503777198062807e-24
2.138318200341397457e+01 1.635275163468630611e-24
2.154982166954898304e+01 1.633092815994536465e-24
2.171775996272300446e+01 1.630955444334886829e-24
2.188700700316866232e+01 1.628861803975101925e-24
2.205757298998579330e+01 1.626810694439336841e-24
2.222946820175610938e+01 1.624800957564892197e-24
2.240270299716252822e+01 1.622831475702245945e-24
2.257728781561344533e+01 1.620901170186191648e-24
2.275323317787184862e+01 1.619008999740387927e-24
2.293054968668926463e+01 1.617153958935541874e-24
2.310924802744472473e+01 1.615335076830964064e-24
2.328933896878871934e+01 1.613551415589522500e-24
2.347083336329205494e+01 1.611802069028421727e-24
2.365374214809989795e+01 1.610086161615921531e-24
2.383807634559089195e+01 1.608402847063588959e-24
2.402384706404131620e+01 1.606751307194885012e-24
2.421106549829451282e+01 1.605130750873059978e-24
2.439974293043556486e+01 1.603540412972413125e-24
2.458989073047107254e+01 1.601979553325922013e-24
2.478152035701439360e+01 1.600447455692738584e-24
2.497464335797616286e+01 1.598943426915795564e-24
2.516927137126014813e+01 1.597466796005371414e-24
2.536541612546457714e+01 1.596016913236993373e-24
2.556308944058897836e+01 1.594593149406852522e-24
2.576230322874638290e+01 1.593194894965823336e-24
2.596306949488122484e+01 1.591821559315151557e-24
2.616540033749279459e+01 1.590472570072064461e-24
2.636930794936425215e+01 1.589147372378240387e-24
2.657480461829742424e+01 1.587845428229181684e-24
2.678190272785330706e+01 1.586566215870033387e-24
2.699061475809826760e+01 1.585309229139550474e-24
2.720095328635613185e+01 1.584073976925398393e-24
2.741293098796615979e+01 1.582859982565024718e-24
2.762656063704679710e+01 1.581666783375053103e-24
2.784185510726555535e+01 1.580493930059028091e-24
2.805882737261472570e+01 1.579340986288280110e-24
2.827749050819322818e+01 1.578207528159082365e-24
2.849785769099460708e+01 1.577093143808646591e-24
2.871994220070099502e+01 1.575997432914848270e-24
2.894375742048341138e+01 1.574920006335199432e-24
2.916931683780831364e+01 1.573860485693973538e-24
2.939663404525025925e+01 1.572818502962097387e-24
2.962572274131109040e+01 1.571793700139060504e-24
2.985659673124544611e+01 1.570785728864786934e-24
3.008926992789260524e+01 1.569794250116128837e-24
3.032375635251500157e+01 1.568818933836628201e-24
3.056007013564306618e+01 1.567859458683950491e-24
3.079822551792681296e+01 1.566915511675650344e-24
3.103823685099403207e+01 1.565986787926810601e-24
3.128011859831505959e+01 1.565072990379841149e-24
3.152388533607441090e+01 1.564173829533164729e-24
3.176955175404921761e+01 1.563289023179799476e-24
3.201713265649436124e+01 1.562418296186881368e-24
3.226664296303464141e+01 1.561561380231057688e-24
3.251809770956392498e+01 1.560718013605121146e-24
3.277151204915110583e+01 1.559887940975892383e-24
3.302690125295332990e+01 1.559070913183303932e-24
3.328428071113629017e+01 1.558266687056521125e-24
3.354366593380158434e+01 1.557475025202461838e-24
3.380507255192139837e+01 1.556695695831247895e-24
3.406851631828053684e+01 1.555928472577066147e-24
3.433401310842558019e+01 1.555173134336537272e-24
3.460157892162165183e+01 1.554429465081384769e-24
3.487122988181658201e+01 1.553697253734131020e-24
3.514298223861248260e+01 1.552976293985237022e-24
3.541685236824501004e+01 1.552266384163095653e-24
3.569285677457028783e+01 1.551567327096523810e-24
3.597101209005933953e+01 1.550878929975055822e-24
3.625133507680045142e+01 1.550201004209159913e-24
3.653384262750932976e+01 1.549533365325805624e-24
3.681855176654698880e+01 1.548875832826998763e-24
3.710547965094568923e+01 1.548228230093585382e-24
3.739464357144293416e+01 1.547590384252884307e-24
3.768606095352331664e+01 1.546962126084670191e-24
3.797974935846865918e+01 1.546343289915680053e-24
3.827572648441636005e+01 1.545733713516387429e-24
3.857401016742574740e+01 1.545133238004164040e-24
3.887461838255303803e+01 1.544541707751625588e-24
3.917756924493453852e+01 1.543958970298109492e-24
3.948288101087822355e+01 1.543384876260374608e-24
3.979057207896390480e+01 1.542819279248878110e-24
4.010066099115206129e+01 1.542262035790976039e-24
4.041316643390103280e+01 1.541713005248527943e-24
4.072810723929327992e+01 1.541172049745291549e-24
4.104550238617008517e+01 1.540639034092061041e-24
4.136537100127531374e+01 1.540113825720153913e-24
4.168773236040807717e+01 1.539596294608857991e-24
4.201260588958419362e+01 1.539086313224775922e-24
4.234001116620692784e+01 1.538583756452940290e-24
4.266996792024676921e+01 1.538088501542322285e-24
4.300249603543031185e+01 1.537600428039134525e-24
4.333761555043851388e+01 1.537119417736370756e-24
4.367534666011432876e+01 1.536645354613912761e-24
4.401570971667955945e+01 1.536178124785801355e-24
4.435872523096138309e+01 1.535717616448235825e-24
4.470441387362842534e+01 1.535263719832281035e-24
4.505279647643626362e+01 1.534816327150574738e-24
4.540389403348287800e+01 1.534375332552274730e-24
4.575772770247383647e+01 1.533940632077071682e-24
4.611431880599715782e+01 1.533512123612114611e-24
4.647368883280831398e+01 1.533089706847612465e-24
4.683585943912525096e+01 1.532673283235199210e-24
4.720085244993330065e+01 1.532262755948180634e-24
4.756868986030042379e+01 1.531858029842475792e-24
4.793939383670277010e+01 1.531459011416926255e-24
4.831298671836032099e+01 1.531065608779898481e-24
4.868949101858314776e+01 1.530677731609886565e-24
4.906892942612816455e+01 1.530295291121885760e-24
4.945132480656627649e+01 1.529918200035822187e-24
4.983670020366032816e+01 1.529546372539352844e-24
5.022507884075386642e+01 1.529179724261618289e-24
5.061648412217044779e+01 1.528818172236294648e-24
5.101093963462410130e+01 1.528461634876900705e-24
5.140846914864078343e+01 1.528110031943919686e-24
5.180909661999065463e+01 1.527763284518145118e-24
5.221284619113180980e+01 1.527421314972277938e-24
5.261974219266517139e+01 1.527084046944103186e-24
5.302980914480057351e+01 1.526751405311904538e-24
5.344307175883443506e+01 1.526423316166358424e-24
5.385955493863902177e+01 1.526099706788063713e-24
5.427928378216299166e+01 1.525780505621946982e-24
5.470228358294394866e+01 1.525465642255627170e-24
5.512857983163273445e+01 1.525155047394561408e-24
5.555819821752935184e+01 1.524848652841332622e-24
5.599116463013128708e+01 1.524546391474083618e-24
5.642750516069339994e+01 1.524248197224051737e-24
5.686724610380037603e+01 1.523954005057274119e-24
5.731041395895132240e+01 1.523663750953196459e-24
5.775703543215650626e+01 1.523377371886115813e-24
5.820713743754681246e+01 1.523094805805929486e-24
5.866074709899567097e+01 1.522815991620306459e-24
5.911789175175346145e+01 1.522540869176490000e-24
5.957859894409484980e+01 1.522269379244759378e-24
6.004289643897896411e+01 1.522001463500656572e-24
6.051081221572227520e+01 1.521737064510035266e-24
6.098237447168475001e+01 1.521476125712373241e-24
6.145761162396918564e+01 1.521218591405752680e-24
6.193655231113346105e+01 1.520964406732638884e-24
6.241922539491645239e+01 1.520713517664698770e-24
6.290565996197736354e+01 1.520465870990196997e-24
6.339588532564837209e+01 1.520221414299736484e-24
6.388993102770116650e+01 1.519980095974537999e-24
6.438782684012728907e+01 1.519741865173505125e-24
6.488960276693207163e+01 1.519506671822355718e-24
6.539528904594276071e+01 1.519274466602030612e-24
6.590491615063088204e+01 1.519045200938881914e-24
6.641851479194833985e+01 1.518818826994462000e-24
6.693611592017829537e+01 1.518595297657060871e-24
6.745775072680027051e+01 1.518374566532825667e-24
6.798345064636970392e+01 1.518156587938789979e-24
6.851324735841228630e+01 1.517941316895730334e-24
6.904717278933314617e+01 1.517728709122987414e-24
6.958525911434054478e+01 1.517518721033379278e-24
7.012753875938497572e+01 1.517311309729910722e-24
7.067404440311324265e+01 1.517106433003413282e-24
7.122480897883757223e+01 1.516904049331513378e-24
7.177986567652027361e+01 1.516704117879672253e-24
7.233924794477398734e+01 1.516506598503601435e-24
7.290298949287712560e+01 1.516311451753630245e-24
7.347112429280528545e+01 1.516118638882063478e-24
7.404368658127866354e+01 1.515928121852425376e-24
7.462071086182491797e+01 1.515739863352435619e-24
7.520223190685867110e+01 1.515553826810628427e-24
7.578828475977674373e+01 1.515369976416798262e-24
7.637890473707000183e+01 1.515188277147781730e-24
7.697412743045173045e+01 1.515008694799426061e-24
7.757398870900217958e+01 1.514831196025257737e-24
7.817852472133024833e+01 1.514655748383715871e-24
7.878777189775192369e+01 1.514482320395656475e-24
7.940176695248545968e+01 1.514310881614129987e-24
8.002054688586392217e+01 1.514141402709245718e-24
8.064414898656497144e+01 1.513973855571086018e-24
8.127261083385778306e+01 1.513808213435559837e-24
8.190597029986767552e+01 1.513644451037964174e-24
8.254426555185850134e+01 1.513482544801677545e-24
8.318753505453241814e+01 1.513322473070697379e-24
8.383581757234797749e+01 1.513164216398159967e-24
8.448915217185621884e+01 1.513007757905880833e-24
8.514757822405468346e+01 1.512853083736029626e-24
8.581113540676001605e+01 1.512700183622906181e-24
8.647986370699926795e+01 1.512549051621630205e-24
8.715380342341917697e+01 1.512399687047537400e-24
8.783299516871490198e+01 1.512252095697599648e-24
8.851747987207740209e+01 1.512106291457602024e-24
8.920729878165977311e+01 1.511962298442740055e-24
8.990249346706292499e+01 1.511820153888099348e-24
9.060310582184085604e+01 1.511679912111528428e-24
9.130917806602495546e+01 1.511541650037845424e-24
9.202075274866830057e+01 1.511405475047092770e-24
9.273787275041000555e+01 1.511271536360976647e-24
9.346058128605885429e+01 1.511140041961138751e-24
9.418892190719775215e+01 1.511011284416945887e-24
9.492293850480828610e+01 1.510885681559364362e-24
9.566267531191542162e+01 1.510763842883543752e-24
9.640817690625316061e+01 1.510646682630864319e-24
9.715948821295106086e+01 1.510535622281357308e-24
9.791665450724114805e+01 1.510432975859043049e-24
9.867972141718647094e+01 1.510342740241656844e-24
9.944873492643085910e+01 1.510272378288308662e-24
1.002237413769696843e+02 1.510237379993673020e-24
1.010047874719425067e+02 1.510275147219316866e-24
1.017919202784478472e+02 1.510499882197274394e-24
1.025851872303792192e+02 1.511444170520019844e-24
1.033846361312837132e+02 1.520824793018116833e-24
1.041903151572423241e+02 1.522409382544735891e-24
1.050022728597737967e+02 1.509700225687511989e-24
1.058205581687600016e+02 1.508962629247915611e-24
1.066452203953943325e+02 1.508730335040547483e-24
1.074763092351537921e+02 1.508585088609947515e-24
1.083138747707935323e+02 1.508462675392646600e-24
1.091579674753644582e+02 1.508347484284324766e-24
1.100086382152555871e+02 1.508234755563065716e-24
1.108659382532589319e+02 1.508122859990191648e-24
1.117299192516584156e+02 1.508011220625100548e-24
1.126006332753437249e+02 1.507899647589186352e-24
1.134781327949475127e+02 1.507788099021887039e-24
1.143624706900070578e+02 1.507676588373476028e-24
1.152537002521514893e+02 1.507565146837862868e-24
1.161518751883129568e+02 1.507453807983999364e-24
1.170570496239626834e+02 1.507342601724680711e-24
1.179692781063733946e+02 1.507231552299678938e-24
1.188886156079060470e+02 1.507120677974509627e-24
1.198151175293222082e+02 1.507009991436133247e-24
1.207488397031233518e+02 1.506899500428958210e-24
1.216898383969149506e+02 1.506789208430818816e-24
1.226381703167970159e+02 1.506679115284261823e-24
1.235938926107819071e+02 1.506569217753988086e-24
1.245570628722379070e+02 1.506459510004828589e-24
1.255277391433594403e+02 1.506349984005370257e-24
1.265059799186655596e+02 1.506240629865959080e-24
1.274918441485245921e+02 1.506131436120602388e-24
1.284853912427061289e+02 1.506022389962112169e-24
1.294866810739619325e+02 1.505913477437706230e-24
1.304957739816336186e+02 1.505804683612327889e-24
1.315127307752884178e+02 1.505695992705312626e-24
1.325376127383843823e+02 1.505587388204585884e-24
1.335704816319631050e+02 1.505478852962640351e-24
1.346113996983710308e+02 1.505370369277431828e-24
1.356604296650112076e+02 1.505261918960497284e-24
1.367176347481229470e+02 1.505153483394645188e-24
1.377830786565907033e+02 1.505045043582867824e-24
1.388568255957844144e+02 1.504936580189913935e-24
1.399389402714279811e+02 1.504828073577868368e-24
1.410294878934981853e+02 1.504719503836368154e-24
1.421285341801552420e+02 1.504610850808793071e-24
1.432361453617025404e+02 1.504502094114687288e-24
1.443523881845774781e+02 1.504393213169208277e-24
1.454773299153745256e+02 1.504284187200246058e-24
1.466110383448984180e+02 1.504174995263306426e-24
1.477535817922487809e+02 1.504065616254853910e-24
1.489050291089381517e+02 1.503956028924437736e-24
1.500654496830406970e+02 1.503846211885692617e-24
1.512349134433729603e+02 1.503736143626904792e-24
1.524134908637090291e+02 1.503625802520933384e-24
1.536012529670268520e+02 1.503515166835276853e-24
1.547982713297877240e+02 1.503404214742459965e-24
1.560046180862505310e+02 1.503292924330635088e-24
1.572203659328182255e+02 1.503181273615566917e-24
1.584455881324181519e+02 1.503069240553630130e-24
1.596803585189179557e+02 1.502956803056782433e-24
1.609247515015744341e+02 1.502843939009966834e-24
1.621788420695170316e+02 1.502730626291590962e-24
1.634427057962678873e+02 1.502616842797946672e-24
1.647164188442954185e+02 1.502502566472781079e-24
1.660000579696035743e+02 1.502387775343113682e-24
1.672937005263582364e+02 1.502272447563363144e-24
1.685974244715482087e+02 1.502156561469890404e-24
1.699113083696825299e+02 1.502040095648876688e-24
1.712354313975259004e+02 1.501923029021409828e-24
1.725698733488695211e+02 1.501805340951299867e-24
1.739147146393390528e+02 1.501687011382427311e-24
1.752700363112416539e+02 1.501568021015427645e-24
1.766359200384491714e+02 1.501448351537414334e-24
1.780124481313194451e+02 1.501327985923419108e-24
1.793997035416574590e+02 1.501206908837393857e-24
1.807977698677136971e+02 1.501085107172005353e-24
1.822067313592213509e+02 1.500962570786872699e-24
1.836266729224743983e+02 1.500839293534136198e-24
1.850576801254436248e+02 1.500715274710986877e-24
1.864998392029326340e+02 1.500590521159918396e-24
1.879532370617755248e+02 1.500465050379517637e-24
1.894179612860732789e+02 1.500338895260327391e-24
1.908941001424721833e+02 1.500212111527521898e-24
1.923817425854821010e+02 1.500084789880463292e-24
1.938809782628381413e+02 1.499957076685107919e-24
1.953918975209024325e+02 1.499829211165515636e-24
1.969145914101080166e+02 1.499701596750025399e-24
1.984491516904466835e+02 1.499574949639789004e-24
1.999956708369982152e+02 1.499450643077650816e-24
2.015542420455023489e+02 1.499331630314845516e-24
2.031249592379760713e+02 1.499225507080810103e-24
2.047079170683730354e+02 1.499158947942970396e-24
2.063032109282868873e+02 1.499322733306171457e-24
2.079109369527008937e+02 1.502332864579725621e-24
2.095311920257806548e+02 1.498391230727452704e-24
2.111640737867118389e+02 1.498296460937954274e-24
2.128096806355852948e+02 1.498178118313177286e-24
2.144681117393262753e+02 1.498046866904966823e-24
2.161394670376696752e+02 1.497908393419996662e-24
2.178238472491838138e+02 1.497765182287489949e-24
2.195213538773393793e+02 1.497618442664281743e-24
2.212320892166253827e+02 1.497468818578838154e-24
2.229561563587150204e+02 1.497316675497947656e-24
2.246936591986774658e+02 1.497162229243626063e-24
2.264447024412380358e+02 1.497005609511111734e-24
2.282093916070892590e+02 1.496846893562383598e-24
2.299878330392489829e+02 1.496686125211074498e-24
2.317801339094681907e+02 1.496523326068609136e-24
2.335864022246906018e+02 1.496358502491877657e-24
2.354067468335608453e+02 1.496191650032363118e-24
2.372412774329828551e+02 1.496022756374415796e-24
2.390901045747320666e+02 1.495851803329182730e-24
2.409533396721166127e+02 1.495678768220021114e-24
2.428310950066905889e+02 1.495503624866698763e-24
2.447234837350216878e+02 1.495326344298178065e-24
2.466306198955096249e+02 1.495146895278984176e-24
2.485526184152573421e+02 1.494965244705591259e-24
2.504895951169983448e+02 1.494781357910700669e-24
2.524416667260755673e+02 1.494595198902790540e-24
2.544089508774746662e+02 1.494406730559716212e-24
2.563915661229143552e+02 1.494215914791074837e-24
2.583896319379898614e+02 1.494022712680511649e-24
2.604032687293719732e+02 1.493827084617356222e-24
2.624325978420643537e+02 1.493628990426457847e-24
2.644777415667152241e+02 1.493428389504792113e-24
2.665388231469862035e+02 1.493225240974951457e-24
2.686159667869804935e+02 1.493019503867654244e-24
2.707092976587269959e+02 1.492811137349475134e-24
2.728189419097225255e+02 1.492600101018663369e-24
2.749450266705351851e+02 1.492386355302127978e-24
2.770876800624648695e+02 1.492169862004069820e-24
2.792470312052630561e+02 1.491950585084235810e-24
2.814232102249154082e+02 1.491728491793073968e-24
2.836163482614826989e+02 1.491503554373692210e-24
2.858265774770025587e+02 1.491275752695306028e-24
2.880540310634554544e+02 1.491045078475204248e-24
2.902988432507903553e+02 1.490811542332970529e-24
2.925611493150125284e+02 1.490575186172391654e-24
2.948410855863375559e+02 1.490336106258141088e-24
2.971387894574056077e+02 1.490094499565021094e-24
2.994543993915602869e+02 1.489850766283692943e-24
3.017880549311942673e+02 1.489605767821893070e-24
3.041398967061576855e+02 1.489361607922093248e-24
3.065100664422314480e+02 1.489124798951735522e-24
3.088987069696701724e+02 1.488928901342798661e-24
3.113059622318079391e+02 1.492500010043566536e-24
3.137319772937320295e+02 1.488152458512031664e-24
3.161768983510263524e+02 1.487932696940860905e-24
3.186408727385806401e+02 1.487675143434908927e-24
3.211240489394681958e+02 1.487404339506690770e-24
3.236265765938954928e+02 1.487125727761351744e-24
3.261486065082187338e+02 1.486841144388946204e-24
3.286902906640310107e+02 1.486551352588793476e-24
3.312517822273226216e+02 1.486256704260629493e-24
3.338332355577101112e+02 1.485957365649224039e-24
3.364348062177374459e+02 1.485653408895377515e-24
3.390566509822522789e+02 1.485344854061750859e-24
3.416989278478527012e+02 1.485031690301470682e-24
3.443617960424069793e+02 1.484713887325797023e-24
3.470454160346512253e+02 1.484391401995290987e-24
3.497499495438582926e+02 1.484064182302092425e-24
3.524755595495823854e+02 1.483732169884612204e-24
3.552224103014823982e+02 1.483395301684825508e-24
3.579906673292189225e+02 1.483053511090171848e-24
3.607804974524281647e+02 1.482706728764978174e-24
3.635920687907769207e+02 1.482354883299859444e-24
3.664255507740929261e+02 1.481997901769846280e-24
3.692811141525733660e+02 1.481635710273576329e-24
3.721589310070772285e+02 1.481268234525172017e-24
3.750591747594938852e+02 1.480895400584480413e-24
3.779820201831925033e+02 1.480517135849355396e-24
3.809276434135567797e+02 1.480133370507347450e-24
3.838962219585976641e+02 1.479744039791666497e-24
3.868879347096493007e+02 1.479349087681890668e-24
3.899029619521515997e+02 1.478948473318138466e-24
3.929414853765134694e+02 1.478542182828395915e-24
3.960036880890602902e+02 1.478130252818452128e-24
3.990897546230708599e+02 1.477712821626012093e-24
4.021998709498963649e+02 1.477290256039677924e-24
4.053342244901661502e+02 1.476863525227065247e-24
4.084930041250843828e+02 1.476435654739896378e-24
4.116764002078110138e+02 1.476021254674739386e-24
4.148846045749318137e+02 1.476228119350436548e-24
4.181178105580209490e+02 1.474973950632724695e-24
4.213762129952903024e+02 1.474546176771744681e-24
4.246600082433295711e+02 1.474085904433619232e-24
4.279693941889414077e+02 1.473612438204209832e-24
4.313045702610652938e+02 1.473129389870952006e-24
4.346657374427940113e+02 1.472637862912744461e-24
4.380530982834878273e+02 1.472138257936089148e-24
4.414668569109793452e+02 1.471630714349944220e-24
4.449072190438729422e+02 1.471115255629725320e-24
4.483743920039445356e+02 1.470591846905716065e-24
4.518685847286337207e+02 1.470060420995061575e-24
4.553900077836335072e+02 1.469520891399928768e-24
4.589388733755817498e+02 1.468973159350489942e-24
4.625153953648480751e+02 1.468417117921089454e-24
4.661197892784197165e+02 1.467852654646522020e-24
4.697522723228924519e+02 1.467279653381031301e-24
4.734130633975585738e+02 1.466697995845337792e-24
4.771023831075963244e+02 1.466107563200544944e-24
4.808204537773672200e+02 1.465508238011524950e-24
4.845674994638119415e+02 1.464899907137615288e-24
4.883437459699508736e+02 1.464282466537046707e-24
4.921494208584945795e+02 1.463655830058464002e-24
4.959847534655552863e+02 1.463019947081804102e-24
4.998499749144658608e+02 1.462374841861409291e-24
5.037453181297104834e+02 1.461720714123287236e-24
5.076710178509595153e+02 1.461058251566897816e-24
5.116273106472139034e+02 1.460389956999628118e-24
5.156144349310642383e+02 1.459730849067474421e-24
5.196326309730563935e+02 1.458750554494145292e-24
5.236821409161686915e+02 1.458237016523706867e-24
5.277632087904075888e+02 1.457535734868128143e-24
5.318760805275113626e+02 1.456812534844045306e-24
5.360210039757685081e+02 1.456075171796077566e-24
5.401982289149573262e+02 1.455325256767819829e-24
5.444080070713953319e+02 1.454563241208436992e-24
5.486505921331101945e+02 1.453789225292931679e-24
5.529262397651248193e+02 1.453003171903927330e-24
5.572352076248678259e+02 1.452204980526983733e-24
5.615777553776983950e+02 1.451394517645660451e-24
5.659541447125526474e+02 1.450571631012170319e-24
5.703646393577165554e+02 1.449736157212256992e-24
5.748095050967175439e+02 1.448887926313122568e-24
5.792890097843385320e+02 1.448026765418415645e-24
5.838034233627633967e+02 1.447152502333753678e-24
5.883530178778419213e+02 1.446264970663564734e-24
5.929380674954823007e+02 1.445364018669478105e-24
5.975588485181762053e+02 1.444449527313464090e-24
6.022156394016473087e+02 1.443521452632891713e-24
6.069087207716299872e+02 1.442579943613842065e-24
6.116383754407836477e+02 1.441625760952423661e-24
6.164048884257337022e+02 1.440662559653423051e-24
6.212085469642455564e+02 1.439738343006688143e-24
6.260496405325370688e+02 1.438605246925925503e-24
6.309284608627218631e+02 1.437614746150457396e-24
6.358453019603869052e+02 1.436588122638132802e-24
6.408004601223141208e+02 1.435542024871518786e-24
6.457942339543335493e+02 1.434478596946115289e-24
6.508269243893156499e+02 1.433398294733599461e-24
6.558988347053104917e+02 1.432301151936357144e-24
6.610102705438212070e+02 1.431187054137260358e-24
6.661615399282209182e+02 1.430055823177902055e-24
6.713529532823184809e+02 1.428907249569795818e-24
6.765848234490631512e+02 1.427741107415956241e-24
6.818574657093947735e+02 1.426557162956783994e-24
6.871711978012478994e+02 1.425355181452232605e-24
6.925263399386961964e+02 1.424134935765603956e-24
6.979232148312477193e+02 1.422896221771199062e-24
7.033621477032955909e+02 1.421638893639650686e-24
7.088434663137147709e+02 1.420362963482638974e-24
7.143675009756112786e+02 1.419068969897027895e-24
7.199345845762311455e+02 1.417760168314979820e-24
7.255450525970192075e+02 1.416506000612137260e-24
7.311992431338331926e+02 1.415021130862424675e-24
7.368974969173224281e+02 1.413658374687988911e-24
7.426401573334585464e+02 1.412263726704444151e-24
7.484275704442266033e+02 1.410845501348878630e-24
7.542600850084832018e+02 1.409404804815049444e-24
7.601380525029715045e+02 1.407941757039149016e-24
7.660618271434990447e+02 1.406456215819191718e-24
7.720317659062886833e+02 1.404947943738342731e-24
7.780482285494875896e+02 1.403416662113910395e-24
7.841115776348444797e+02 1.401862073607212123e-24
7.902221785495635231e+02 1.400283875558481869e-24
7.963803995283201402e+02 1.398681773476468603e-24
8.025866116754493760e+02 1.397055504758555355e-24
8.088411889873140126e+02 1.395404898921887070e-24
8.151445083748395746e+02 1.393730083466935504e-24
8.214969496862253209e+02 1.392032556775142996e-24
8.278988957298396372e+02 1.390331606450590608e-24
8.343507322972856173e+02 1.388511229312796037e-24
8.408528481866477478e+02 1.386747858001510967e-24
8.474056352259257210e+02 1.384943973549461016e-24
8.540094882966449177e+02 1.383110518093321723e-24
8.606648053576492430e+02 1.381248536580184837e-24
8.673719874690885945e+02 1.379358037362873525e-24
8.741314388165844775e+02 1.377438777562815358e-24
8.809435667355842270e+02 1.375490428323871280e-24
8.878087817359131577e+02 1.373512627008224154e-24
8.947274975265096373e+02 1.371505001706488968e-24
9.017001310403536536e+02 1.369467193279414749e-24
9.087271024595964946e+02 1.367398896765771609e-24
9.158088352408796027e+02 1.365300007431815344e-24
9.229457561408497668e+02 1.363171209370987728e-24
9.301382952418814511e+02 1.361020447329461514e-24
9.373868859779920513e+02 1.358772445882571840e-24
9.446919651609578068e+02 1.356564787748483957e-24
9.520539730066429911e+02 1.354305560992506125e-24
9.594733531615247557e+02 1.352010232992715228e-24
9.669505527294256808e+02 1.349680099602998882e-24
9.744860222984621032e+02 1.347314772277739603e-24
9.820802159681948069e+02 1.344913907755651750e-24
9.897335913769907165e+02 1.342477092391697236e-24
9.974466097296069620e+02 1.340003889319260970e-24
1.005219735824979466e+03 1.337493871744262525e-24
1.013053438084235040e+03 1.334946677902490310e-24
1.020948188578914824e+03 1.332362194592509667e-24
1.028904463059428053e+03 1.329741663479769124e-24
1.036922740983718768e+03 1.327127854171480489e-24
1.045003505546155566e+03 1.324355019220080482e-24
1.053147243706655672e+03 1.321618401067625682e-24
1.061354446220027512e+03 1.318836591081422197e-24
1.069625607665539974e+03 1.316012612570578714e-24
1.077961226476733827e+03 1.313146531052329902e-24
1.086361804971455058e+03 1.310237990059753974e-24
1.094827849382121485e+03 1.307286524115771201e-24
1.103359869886236311e+03 1.304291641232107213e-24
1.111958380637128130e+03 1.301252874155985290e-24
1.120623899794932186e+03 1.298169886027284565e-24
1.129356949557821736e+03 1.295042970717387774e-24
1.138158056193473385e+03 1.291880190186671413e-24
1.147027750070777074e+03 1.288626966458599633e-24
1.155966565691804135e+03 1.285368139220065339e-24
1.164975041724014091e+03 1.282054510168242899e-24
1.174053721032711564e+03 1.278691577036087124e-24
1.183203150713767400e+03 1.275279479355928337e-24
1.192423882126584203e+03 1.271817826633222033e-24
1.201716470927318369e+03 1.268306112272738386e-24
1.211081477102371991e+03 1.264743815657415557e-24
1.220519465002135348e+03 1.261130486541222180e-24
1.230031003374991315e+03 1.257466027588253482e-24
1.239616665401596720e+03 1.253753459782671240e-24
1.249277028729419499e+03 1.249953282888065177e-24
1.259012675507545055e+03 1.246141851243574948e-24
1.268824192421763883e+03 1.242264069590581536e-24
1.278712170729924765e+03 1.238330033061269452e-24
1.288677206297558541e+03 1.234339970365673920e-24
1.298719899633795194e+03 1.230293486487846595e-24
1.308840855927546954e+03 1.226190073190414084e-24
1.319040685083974950e+03 1.222029233648438861e-24
1.329320001761249159e+03 1.217810641097507024e-24
1.339679425407587132e+03 1.213535099584427297e-24
1.350119580298576466e+03 1.209036302535282648e-24
1.360641095574804922e+03 1.204789020146141333e-24
1.371244605279767711e+03 1.200333172950428137e-24
1.381930748398072865e+03 1.195814449888443648e-24
1.392700168893955606e+03 1.191233516615492714e-24
1.403553515750080123e+03 1.186590069963890303e-24
1.414491443006643976e+03 1.181883672250969631e-24
1.425514609800801281e+03 1.177113921405434770e-24
1.436623680406377389e+03 1.172282058783944925e-24
1.447819324273896427e+03 1.167390655524303545e-24
1.459102216070931036e+03 1.162410971111676784e-24
1.470473035722754730e+03 1.157389387870378678e-24
1.481932468453311458e+03 1.152296810413533105e-24
1.493481204826516205e+03 1.147137030543199705e-24
1.505119940787866653e+03 1.141910086180728338e-24
1.516849377706375208e+03 1.136615728099087297e-24
1.528670222416845718e+03 1.131253727383728299e-24
1.540583187262463071e+03 1.125824180141874137e-24
1.552588990137714973e+03 1.120331501895678244e-24
1.564688354531663890e+03 1.114748351528611803e-24
1.576882009571540493e+03 1.109115240736104922e-24
1.589170690066676798e+03 1.103409903563241443e-24
1.601555136552796966e+03 1.097634656112719051e-24
1.614036095336638937e+03 1.091789716258668231e-24
1.626614318540922113e+03 1.085875162157837498e-24
1.639290564149681586e+03 1.079891228065775326e-24
1.652065596053941363e+03 1.073839443569446206e-24
1.664940184097741849e+03 1.067700367149041201e-24
1.677915104124541813e+03 1.061515612491282660e-24
1.690991138023968006e+03 1.055254216449020285e-24
1.704169073778926304e+03 1.048923332084579453e-24
1.717449705513098706e+03 1.042523832373740728e-24
1.730833833538792760e+03 1.036056382925801580e-24
1.744322264405163878e+03 1.029521860147441405e-24
1.757915810946830561e+03 1.022923138017287420e-24
1.771615292332851595e+03 1.016244837008576184e-24
1.785421534116085240e+03 1.009515689590049120e-24
1.799335368282948593e+03 1.002719576463593397e-24
1.813357633303549846e+03 9.958603183197062983e-25
1.827489174182209808e+03 9.889395728676019882e-25
1.841730842508394517e+03 9.819590428524904385e-25
1.856083496508025974e+03 9.749211273143518845e-25
1.870548001095203745e+03 9.678029382923582766e-25
1.885125227924318551e+03 9.606710535648104993e-25
1.899816055442591278e+03 9.534699387756091426e-25
1.914621368943003745e+03 9.462186641158583791e-25
1.929542060617641937e+03 9.389204494935884921e-25
1.944579029611473061e+03 9.315785080226529656e-25
1.959733182076522326e+03 9.241967989966456122e-25
1.975005431226475366e+03 9.167618288353838985e-25
1.990396697391719727e+03 9.093201545705009632e-25
2.005907908074800844e+03 9.018391502021982201e-25
2.021539998006308224e+03 8.943334844921236529e-25
2.037293909201216138e+03 8.868085651448338499e-25
2.053170591015644732e+03 8.792700727049105897e-25
2.069171000204064057e+03 8.717255683846061597e-25
2.085296100976960588e+03 8.641707546483209860e-25
2.101546865058938693e+03 8.566295997608146410e-25
2.117924271747268904e+03 8.490996706364609017e-25
2.134429307970916398e+03 8.415902705017276723e-25
2.151062968350008305e+03 8.341102440840355094e-25
2.167826255255764409e+03 8.266694874338218828e-25
2.184720178870914424e+03 8.192689165853483032e-25
2.201745757250567294e+03 8.119390172708275647e-25
2.218904016383554790e+03 8.046758506531997746e-25
2.236195990254269873e+03 7.974952044650558252e-25
2.253622720904973448e+03 7.904104452090985860e-25
2.271185258498579060e+03 7.834361148446104519e-25
2.288884661381954174e+03 7.765794150571108620e-25
2.306721996149688039e+03 7.698729241966537127e-25
2.324698337708362033e+03 7.633205986658301836e-25
2.342814769341337978e+03 7.569432332366670247e-25
2.361072382774031212e+03 7.507599991117500598e-25
2.379472278239693878e+03 7.447919336284893023e-25
2.398015564545729376e+03 7.390532258568061209e-25
2.416703359140505199e+03 7.335769534391825094e-25
2.435536788180683743e+03 7.283799099179885763e-25
2.454516986599102438e+03 7.234871493523552880e-25
2.473645098173158203e+03 7.189241869893273286e-25
2.492922275593724407e+03 7.146981412772126412e-25
2.512349680534632625e+03 7.108892636103946579e-25
2.531928483722665987e+03 7.074748037601069740e-25
2.551659865008103225e+03 7.044989217217468573e-25
2.571545013435832971e+03 7.019909526857907674e-25
2.591585127317000570e+03 6.999831078689363591e-25
2.611781414301211498e+03 6.984938482976295666e-25
2.632135091449321862e+03 6.975666633706720204e-25
2.652647385306774140e+03 6.972251846151515600e-25
2.673319531977500901e+03 6.974990592781683604e-25
2.694152777198432432e+03 6.984188602290887276e-25
2.715148376414555969e+03 7.000042077135816466e-25
2.736307594854566105e+03 7.022926859864097663e-25
2.757631707607123190e+03 7.053050413505377882e-25
2.779121999697685624e+03 7.090659807566172197e-25
2.800779766165938327e+03 7.136029332087185974e-25
2.822606312143850573e+03 7.189199627358984580e-25
2.844602952934317727e+03 7.250551154662139649e-25
2.866771014090414610e+03 7.320180697511461992e-25
2.889111831495292336e+03 7.398243307877792331e-25
2.911626751442673140e+03 7.484816520714832271e-25
2.934317130717970031e+03 7.580132562513000020e-25
2.957184336680067190e+03 7.684179164801592406e-25
2.980229747343711097e+03 7.797052280696284385e-25
3.003454751462540571e+03 7.918816378776163864e-25
3.026860748612797124e+03 8.049445117394981340e-25
3.050449149277652850e+03 8.189041032223756592e-25
3.074221374932201797e+03 8.337566798811823879e-25
3.098178858129137552e+03 8.495021079713823871e-25
3.122323042585072017e+03 8.661342128322765523e-25
3.146655383267527668e+03 8.836590030997370959e-25
3.171177346482633311e+03 9.020664134411799222e-25
3.195890409963478305e+03 9.213538256847598032e-25
3.220796062959153005e+03 9.415065988487307759e-25
3.245895806324512705e+03 9.625471289309991781e-25
3.271191152610610516e+03 9.844452247551107008e-25
3.296683626155838283e+03 1.007203435657957524e-24
3.322374763177804653e+03 1.030899928353365228e-24
3.348266111865900257e+03 1.055277713056611313e-24
3.374359232474582768e+03 1.080586461476535349e-24
3.400655697417423198e+03 1.106736266100507405e-24
3.427157091361845232e+03 1.133694903274810405e-24
3.453865011324629904e+03 1.161540990414683581e-24
3.480781066768138317e+03 1.190191537792116912e-24
3.507906879697322438e+03 1.219669847449514177e-24
3.535244084757458495e+03 1.249967881138487169e-24
3.562794329332642974e+03 1.281098561412906302e-24
3.590559273645089434e+03 1.313048831664611998e-24
3.618540590855162463e+03 1.345821887858137780e-24
3.646739967162196990e+03 1.379413008455756648e-24
3.675159101906131582e+03 1.413831451873956856e-24
3.703799707669903000e+03 1.449073041715779321e-24
3.732663510382638378e+03 1.485143686849563320e-24
3.761752249423684134e+03 1.522032724568056103e-24
3.791067677727412502e+03 1.559758561888586549e-24
3.820611561888846154e+03 1.598318396272864348e-24
3.850385682270137295e+03 1.637711021714838848e-24
3.880391833107845287e+03 1.677952031887247601e-24
3.910631822621046013e+03 1.719038068867387980e-24
3.941107473120324357e+03 1.760980943156902130e-24
3.971820621117577048e+03 1.803769344067404030e-24
4.002773117436670418e+03 1.847429583534524936e-24
4.033966827324999485e+03 1.891961256078013628e-24
4.065403630565878302e+03 1.937366069268162412e-24
4.097085421591806153e+03 1.983661312248372574e-24
4.129014109598654613e+03 2.030849801114120705e-24
4.161191618660706808e+03 2.078934731979287438e-24
4.193619887846588426e+03 2.127938617988648885e-24
4.226300871336150522e+03 2.177860612330519337e-24
4.259236538538216337e+03 2.228697311406356927e-24
4.292428874209245805e+03 2.280502491073409134e-24
4.325879878572969574e+03 2.333246599123889694e-24
4.359591567440910694e+03 2.386977808472729747e-24
4.393565972333847640e+03 2.441627954832635679e-24
4.427805140604265034e+03 2.497291663671503411e-24
4.462311135559713875e+03 2.553965326453047736e-24
4.497086036587142189e+03 2.611618731020566193e-24
4.532131939278221580e+03 2.670311018895036566e-24
4.567450955555624205e+03 2.730073659465673822e-24
4.603045213800271085e+03 2.790812135337196360e-24
4.638916858979625431e+03 2.852652315014033111e-24
4.675068052776933655e+03 2.915555224355540221e-24
4.711500973721477749e+03 2.979576348392916094e-24
4.748217817319889036e+03 3.044694050258062416e-24
4.785220796188435088e+03 3.110928253884561458e-24
4.822512140186340730e+03 3.178310282665166631e-24
4.860094096550195900e+03 3.246845637613629948e-24
4.897968930029359399e+03 3.316547291696477546e-24
4.936138923022424024e+03 3.387443757869576176e-24
4.974606375714784917e+03 3.459548782525841230e-24
5.013373606217240194e+03 3.532868558000561241e-24
5.052442950705666590e+03 3.607437969730642372e-24
5.091816763561832886e+03 3.683256668244299393e-24
5.131497417515263805e+03 3.760375183940993158e-24
5.171487303786206212e+03 3.838786459040220723e-24
5.211788832229764921e+03 3.918511423675755829e-24
5.252404431481100801e+03 3.999582342567595122e-24
5.293336549101775745e+03 4.082037412382865698e-24
5.334587651727275443e+03 4.165822092111489120e-24
5.376160225215634455e+03 4.251039045754962463e-24
5.418056774797226353e+03 4.337675467577568565e-24
5.460279825225763489e+03 4.425766232588146798e-24
5.502831920930424531e+03 4.515071030263119550e-24
5.545715626169172538e+03 4.606378032740874655e-24
5.588933525183312668e+03 4.698952586524711583e-24
5.632488222353206766e+03 4.793062826225968276e-24
5.676382342355199398e+03 4.888746769043514915e-24
5.720618530319820820e+03 4.986015464569139852e-24
5.765199451991168644e+03 5.084913001157856161e-24
5.810127793887530970e+03 5.185463412725086796e-24
5.855406263463321011e+03 5.287659154303239896e-24
5.901037589272206787e+03 5.391570762763027973e-24
5.947024521131527763e+03 5.497201826107603522e-24
5.993369830288033882e+03 5.604595100733190211e-24
6.040076309584871524e+03 5.713766044219516149e-24
6.087146773629861855e+03 5.824758234784759170e-24
6.134584058965156146e+03 5.937584635356893367e-24
6.182391024238146201e+03 6.052298434152401331e-24
6.230570550373715378e+03 6.168871197189263073e-24
6.279125540747884770e+03 6.287463716386195504e-24
6.328058921362751789e+03 6.407997673592963876e-24
6.377373641022825723e+03 6.530511875783886278e-24
6.427072671512701163e+03 6.655081693892973551e-24
6.477159007776187536e+03 6.781710786925823797e-24
6.527635668096761037e+03 6.910458418991525238e-24
6.578505694279438103e+03 7.041338758384039516e-24
6.629772151834115903e+03 7.174408295153972064e-24
6.681438130160286164e+03 7.309684901970865037e-24
6.733506742733188730e+03 7.447225499650597796e-24
6.785981127291471239e+03 7.587049509908499878e-24
6.838864446026256701e+03 7.729216080850565200e-24
6.892159885771680820e+03 7.873744441518820556e-24
6.945870658196978184e+03 8.020698405096931573e-24
7.000000000000001819e+03 8.170093520420121115e-24
