3.000000000000000000e+00 3.586296758130972670e-21
3.023379074186677951e+00 3.104408983474903501e-21
3.046940342076630781e+00 2.703283860341002741e-21
3.070685223509894257e+00 2.366120480013915128e-21
3.094615149391351849e+00 2.080339284152909881e-21
3.118731561776963979e+00 1.836344699592350142e-21
3.143035913960669614e+00 1.626698175513718985e-21
3.167529670561962885e+00 1.445551181682441117e-21
3.192214307614152702e+00 1.288247615092267146e-21
3.217091312653314272e+00 1.151039400519802026e-21
3.242162184807927616e+00 1.030879422178380225e-21
3.267428434889215527e+00 9.252683450255160623e-22
3.292891585482193850e+00 8.321396664384303893e-22
3.318553171037419425e+00 7.497723303884405638e-22
3.344414737963458339e+00 6.767235065471654493e-22
3.370477844720079830e+00 6.117763207537219228e-22
3.396744061912168711e+00 5.538988078830664853e-22
3.423214972384368782e+00 5.022113835380072916e-22
3.449892171316475409e+00 4.559608497538903900e-22
3.476777266319557746e+00 4.144994607303379557e-22
3.503871877532837242e+00 3.772679421335251944e-22
3.531177637721321538e+00 3.437816251038560323e-22
3.558696192374196876e+00 3.136190531477733732e-22
3.586429199803984336e+00 2.864125664707002864e-22
3.614378331246479004e+00 2.618404782614216814e-22
3.642545270961456083e+00 2.396205407825078169e-22
3.670931716334169703e+00 2.195044625572263287e-22
3.699539377977637766e+00 2.012732870244696968e-22
3.728369979835728820e+00 1.847334808798921539e-22
3.757425259287050068e+00 1.697136100228365544e-22
3.786706967249639177e+00 1.560615042673515149e-22
3.816216868286484765e+00 1.436418304606589968e-22
3.845956740711859112e+00 1.323340082344452307e-22
3.875928376698477340e+00 1.220304144053887578e-22
3.906133582385504788e+00 1.126348314442172516e-22
3.936574177987393064e+00 1.040611030592657148e-22
3.967251997903568306e+00 9.623196619660926219e-23
3.998168890828979194e+00 8.907803366287235863e-23
4.029326719865498063e+00 8.253690592834221881e-23
4.060727362634198201e+00 7.655239395649651718e-23
4.092372711388496676e+00 7.107383765230820442e-23
4.124264673128191561e+00 6.605550711184207170e-23
4.156405169714378012e+00 6.145607550570754011e-23
4.188796137985258738e+00 5.723815426576249373e-23
4.221439529872867524e+00 5.336788252050893602e-23
4.254337312520692471e+00 4.981456385349738666e-23
4.287491468402215844e+00 4.655034450481400866e-23
4.320903995440390055e+00 4.355368216236198049e-23
4.354576907128027585e+00 4.080023628634282238e-23
4.388512232649141254e+00 3.826685562651450113e-23
4.422712017001222407e+00 3.593448224801169136e-23
4.457178321118484554e+00 3.378575419547723329e-23
4.491913221996044037e+00 3.180484556350785570e-23
4.526918812815098114e+00 2.997732342315389281e-23
4.562197203069056073e+00 2.829001977754772827e-23
4.597750518690657096e+00 2.673091672623755832e-23
4.633580902180091776e+00 2.528904326436821987e-23
4.669690512734105958e+00 2.395438247692025807e-23
4.706081526376117985e+00 2.271778777729377088e-23
4.742756136087351138e+00 2.157090728813930895e-23
4.779716551938987479e+00 2.050611531389911833e-23
4.816965001225343990e+00 1.951645014964525781e-23
4.854503728598102974e+00 1.859555755323959926e-23
4.892334996201570085e+00 1.773763914191303073e-23
4.930461083808994616e+00 1.693740531076758758e-23
4.968884288959960038e+00 1.619003212641821907e-23
5.007606927098831484e+00 1.549112178803436468e-23
5.046631331714285906e+00 1.483666637043681032e-23
5.085959854479939146e+00 1.422301448608107684e-23
5.125594865396055688e+00 1.364684061367045266e-23
5.165538752932373079e+00 1.310511691612242629e-23
5.205793924172026799e+00 1.259508726622378865e-23
5.246362804956618220e+00 1.211424338879203869e-23
5.287247840032386570e+00 1.166030289881529907e-23
5.328451493197543520e+00 1.123118913424488307e-23
5.369976247450735762e+00 1.082501260683966657e-23
5.411824605140684419e+00 1.044005402431755805e-23
5.453999088116976424e+00 1.007474873826531281e-23
5.496502237882029185e+00 9.727672449083164602e-24
5.539336615744256065e+00 9.397528222317227859e-24
5.582504802972412250e+00 9.083134573606007848e-24
5.626009400951136996e+00 8.783414635031355466e-24
5.669853031337731331e+00 8.497386297283002963e-24
5.714038336220133019e+00 8.224153210300530176e-24
5.758567978276136756e+00 7.962896653300455456e-24
5.803444640933850707e+00 7.712868123211608273e-24
5.848671028533408034e+00 7.473382642430382280e-24
5.894249866489925438e+00 7.242581763139101012e-24
5.940183901457753102e+00 7.017852883260444501e-24
5.986475901495984075e+00 6.802288070444895685e-24
6.033128656235260401e+00 6.595384185468115096e-24
6.080144977045891963e+00 6.396676868395306395e-24
6.127527697207263202e+00 6.205736951630444309e-24
6.175279672078572979e+00 6.022167215607238748e-24
6.223403779270908487e+00 5.845599441021649599e-24
6.271902918820651429e+00 5.675691801419853368e-24
6.320780013364233341e+00 5.512126440538670157e-24
6.370038008314270250e+00 5.354607357467197926e-24
6.419679872037050039e+00 5.202858416211768419e-24
6.469708596031408021e+00 5.056621642106149822e-24
6.520127195109008511e+00 4.915655611355139762e-24
6.570938707576019056e+00 4.779734030921644455e-24
6.622146195416195980e+00 4.648644454929630466e-24
6.673752744475415000e+00 4.520852173109863989e-24
6.725761464647628252e+00 4.396866784163748761e-24
6.778175490062257502e+00 4.277233458835206555e-24
6.830997979273086607e+00 4.161783096942440060e-24
6.884232115448578604e+00 4.050355613390170430e-24
6.937881106563702716e+00 3.942799239811058932e-24
6.991948185593272136e+00 3.838969908825837307e-24
7.046436610706736658e+00 3.738730671384374999e-24
7.101349665464545602e+00 3.641951184770175020e-24
7.156690659016025080e+00 3.548507232536935081e-24
7.212462926298772281e+00 3.458280302260352516e-24
7.268669828239636921e+00 3.371157208406821059e-24
7.325314751957265003e+00 3.287029717410590938e-24
7.382401110966188895e+00 3.205794228057034887e-24
7.439932345382551659e+00 3.127351495559577333e-24
7.497911922131407003e+00 3.051606334887166107e-24
7.556343335155633945e+00 2.978467394278317347e-24
7.615230105626504375e+00 2.907846915062023241e-24
7.674575782155860004e+00 2.839660535346781355e-24
7.734383941009959962e+00 2.773827086418009742e-24
7.794658186324999072e+00 2.710268422244651193e-24
7.855402150324295896e+00 2.648909262198322963e-24
7.916619493537168317e+00 2.589677033668620406e-24
7.978313905019535746e+00 2.532501728735125300e-24
8.040489102576222180e+00 2.477315787980543208e-24
8.103148832984988559e+00 2.424053967551370525e-24
8.166296872222336134e+00 2.372653239059129637e-24
8.229937025691045349e+00 2.323052677447820824e-24
8.294073128449483079e+00 2.275193365446056255e-24
8.358709045442731522e+00 2.229018309090417437e-24
8.423848671735486349e+00 2.184472347239161720e-24
8.489495932746768503e+00 2.141502077355999745e-24
8.555654784486495856e+00 2.100055776106202519e-24
8.622329213793868519e+00 2.060083338734504510e-24
8.689523238577617548e+00 2.021536207056024177e-24
8.757240908058138373e+00 1.984367307569864481e-24
8.825486303011505385e+00 1.948531005700969014e-24
8.894263536015376559e+00 1.913983039497140811e-24
8.963576751696830769e+00 1.880680477004526547e-24
9.033430126982132435e+00 1.848581667874955837e-24
9.103827871348423528e+00 1.817646198706473531e-24
9.174774227077424626e+00 1.787834852459087589e-24
9.246273469511047338e+00 1.759109566863949948e-24
9.318329907309045979e+00 1.731433401340454000e-24
9.390947882708687189e+00 1.704770499183633574e-24
9.464131771786378877e+00 1.679086057942194221e-24
9.537885984721404142e+00 1.654346298215436470e-24
9.612214966061698007e+00 1.630518433118564053e-24
9.687123194991649200e+00 1.607570641549634917e-24
9.762615185602044221e+00 1.585472046094409569e-24
9.838695487162103959e+00 1.564192681043873636e-24
9.915368684393603971e+00 1.543703476328152294e-24
9.992639397747167251e+00 1.523976231920945091e-24
1.007051228368071882e+01 1.505757147749321885e-24
1.014899203494005953e+01 1.488264399450377545e-24
1.022808338084167801e+01 1.471391227836495055e-24
1.030779108755775475e+01 1.455115863970926118e-24
1.038811995840335101e+01 1.439417211303388772e-24
1.046907483412588746e+01 1.424274832584019243e-24
1.055066059319685934e+01 1.409668931280445885e-24
1.063288215210579679e+01 1.395580333126120852e-24
1.071574446565655414e+01 1.381990475852121631e-24
1.079925252726591012e+01 1.368881392099672193e-24
1.088341136926445074e+01 1.356235691413357389e-24
1.096822606319983606e+01 1.344036550188855825e-24
1.105370172014243657e+01 1.332267695538620706e-24
1.113984349099330551e+01 1.320913391594030032e-24
1.122665656679461144e+01 1.309958423576900734e-24
1.131414617904242803e+01 1.299388090414858483e-24
1.140231760000200723e+01 1.289188183029212615e-24
1.149117614302551083e+01 1.279344979466169466e-24
1.158072716287217041e+01 1.269845226806731958e-24
1.167097605603098742e+01 1.260676129466092580e-24
1.176192826104595213e+01 1.251825339131628762e-24
1.185358925884374592e+01 1.243280939269669133e-24
1.194596457306404602e+01 1.235031434692143798e-24
1.203905977039241115e+01 1.227065740130599069e-24
1.213288046089569505e+01 1.219373165411020118e-24
1.222743229836014933e+01 1.211943408820949267e-24
1.232272098063213228e+01 1.204766540979197304e-24
1.241875224996144311e+01 1.197832995965679378e-24
1.251553189334737759e+01 1.191133560335365466e-24
1.261306574288748017e+01 1.184659361668931781e-24
1.271135967612895179e+01 1.178401856378142528e-24
1.281041961642286786e+01 1.172352822713176732e-24
1.291025153328114428e+01 1.166504347324406766e-24
1.301086144273622835e+01 1.160848816948177677e-24
1.311225540770366216e+01 1.155378907335920764e-24
1.321443953834745422e+01 1.150087574670967496e-24
1.331741999244825436e+01 1.144968045340908182e-24
1.342120297577444710e+01 1.140013806905189803e-24
1.352579474245614577e+01 1.135218598601530686e-24
1.363120159536203424e+01 1.130576403886006883e-24
1.373742988647920527e+01 1.126081440300267723e-24
1.384448601729596717e+01 1.121728152148651597e-24
1.395237643918756554e+01 1.117511201687783980e-24
1.406110765380496730e+01 1.113425461091581672e-24
1.417068621346669133e+01 1.109466005652567246e-24
1.428111872155361617e+01 1.105628105344109064e-24
1.439241183290693016e+01 1.101907218309498763e-24
1.450457225422918128e+01 1.098298982462107029e-24
1.461760674448840014e+01 1.094799210508993279e-24
1.473152211532542033e+01 1.091403881937608063e-24
1.484632523146438210e+01 1.088109137083239477e-24
1.496202301112636057e+01 1.084911270759221421e-24
1.507862242644633000e+01 1.081806726049869936e-24
1.519613050389326148e+01 1.078792089555759909e-24
1.531455432469357625e+01 1.075864084173842066e-24
1.543390102525788343e+01 1.073019564780614648e-24
1.555417779761100050e+01 1.070255512886322788e-24
1.567539188982537013e+01 1.067569030785344140e-24
1.579755060645786280e+01 1.064957337919696632e-24
1.592066130898992427e+01 1.062417765165062920e-24
1.604473141627120114e+01 1.059947750832890748e-24
1.616976840496664281e+01 1.057544835933416129e-24
1.629577981000701570e+01 1.055206660380653657e-24
1.642277322504298454e+01 1.052930958838831126e-24
1.655075630290274091e+01 1.050715556497075630e-24
1.667973675605313844e+01 1.048558365832626322e-24
1.680972235706447293e+01 1.046457382604055571e-24
1.694072093907889709e+01 1.044410682818743700e-24
1.707274039628241269e+01 1.042416418882421055e-24
1.720578868438059672e+01 1.040472817008321150e-24
1.733987382107807917e+01 1.038578173614166691e-24
1.747500388656161974e+01 1.036730852750862556e-24
1.761118702398708180e+01 1.034929283160022399e-24
1.774843143997016526e+01 1.033171955568558118e-24
1.788674540508091226e+01 1.031457420004863699e-24
1.802613725434210679e+01 1.029784283611785753e-24
1.816661538773160700e+01 1.028151207829299128e-24
1.830818827068848265e+01 1.026556906478268176e-24
1.845086443462317405e+01 1.025000143394696415e-24
1.859465247743164085e+01 1.023479730317513058e-24
1.873956106401342936e+01 1.021994524993956585e-24
1.888559892679387175e+01 1.020543429113094241e-24
1.903277486625032822e+01 1.019125386475465298e-24
1.918109775144246498e+01 1.017739381380580511e-24
1.933057652054675302e+01 1.016384436739045504e-24
1.948122018139512690e+01 1.015059612577723900e-24
1.963303781201774356e+01 1.013764004361306069e-24
1.978603856119007531e+01 1.012496741681230130e-24
1.994023164898425549e+01 1.011256986678920484e-24
2.009562636732463758e+01 1.010043932679287935e-24
2.025223208054777757e+01 1.008856803081138697e-24
2.041005822596676111e+01 1.007694849843349996e-24
2.056911431443985094e+01 1.006557352474478485e-24
2.072940993094369944e+01 1.005443616821389080e-24
2.089095473515089907e+01 1.004352974004821676e-24
2.105375846201209811e+01 1.003284779285788665e-24
2.121783092234269219e+01 1.002238411234488853e-24
2.138318200341397457e+01 1.001213270561629144e-24
2.154982166954898304e+01 1.000208779385421345e-24
2.171775996272300446e+01 9.992243802362115632e-25
2.188700700316866232e+01 9.982595352683261288e-25
2.205757298998579330e+01 9.973137254420891519e-25
2.222946820175610938e+01 9.963864497753573540e-25
2.240270299716252822e+01 9.954772245676403472e-25
2.257728781561344533e+01 9.945855827377766077e-25
2.275323317787184862e+01 9.937110731370937796e-25
2.293054968668926463e+01 9.928532598868271414e-25
2.310924802744472473e+01 9.920117217926859504e-25
2.328933896878871934e+01 9.911860517506414158e-25
2.347083336329205494e+01 9.903758561286556083e-25
2.365374214809989795e+01 9.895807543318220188e-25
2.383807634559089195e+01 9.888003782045906811e-25
2.402384706404131620e+01 9.880343715470572064e-25
2.421106549829451282e+01 9.872823896570190198e-25
2.439974293043556486e+01 9.865440988909412615e-25
2.458989073047107254e+01 9.858191762166034931e-25
2.478152035701439360e+01 9.851073087753086835e-25
2.497464335797616286e+01 9.844081935221288571e-25
2.516927137126014813e+01 9.837215368375179024e-25
2.536541612546457714e+01 9.830470541454035601e-25
2.556308944058897836e+01 9.823844695964332047e-25
2.576230322874638290e+01 9.817335157026917302e-25
2.596306949488122484e+01 9.810939330388728865e-25
2.616540033749279459e+01 9.804654699319713621e-25
2.636930794936425215e+01 9.798478821691553566e-25
2.657480461829742424e+01 9.792409327147148879e-25
2.678190272785330706e+01 9.786443914546292574e-25
2.699061475809826760e+01 9.780580349205382013e-25
2.720095328635613185e+01 9.774816460596688099e-25
2.741293098796615979e+01 9.769150139829474754e-25
2.762656063704679710e+01 9.763579337658169662e-25
2.784185510726555535e+01 9.758102062000794674e-25
2.805882737261472570e+01 9.752716376164821573e-25
2.827749050819322818e+01 9.747420396573788038e-25
2.849785769099460708e+01 9.742212291142022422e-25
2.871994220070099502e+01 9.737090277181654019e-25
2.894375742048341138e+01 9.732052619876777317e-25
2.916931683780831364e+01 9.727097630549798029e-25
2.939663404525025925e+01 9.722223664903119463e-25
2.962572274131109040e+01 9.717429121674195147e-25
2.985659673124544611e+01 9.712712441011157271e-25
3.008926992789260524e+01 9.708072103192877820e-25
3.032375635251500157e+01 9.703506627080546812e-25
3.056007013564306618e+01 9.699014569047889777e-25
3.079822551792681296e+01 9.694594521501773229e-25
3.103823685099403207e+01 9.690245111777131602e-25
3.128011859831505959e+01 9.685965000999928100e-25
3.152388533607441090e+01 9.681752882949015352e-25
3.176955175404921761e+01 9.677607482959114489e-25
3.201713265649436124e+01 9.673527556990038518e-25
3.226664296303464141e+01 9.669511890518812771e-25
3.251809770956392498e+01 9.665559297722915715e-25
3.277151204915110583e+01 9.661668620464987954e-25
3.302690125295332990e+01 9.657838727446711394e-25
3.328428071113629017e+01 9.654068513432529301e-25
3.354366593380158434e+01 9.650356898362767044e-25
3.380507255192139837e+01 9.646702826616224278e-25
3.406851631828053684e+01 9.643105266256319401e-25
3.433401310842558019e+01 9.639563208347203468e-25
3.460157892162165183e+01 9.636075666169117715e-25
3.487122988181658201e+01 9.632641674687000316e-25
3.514298223861248260e+01 9.629260289783740805e-25
3.541685236824501004e+01 9.625930587709356280e-25
3.569285677457028783e+01 9.622651664497854369e-25
3.597101209005933953e+01 9.619422635377684246e-25
3.625133507680045142e+01 9.616242634182093965e-25
3.653384262750932976e+01 9.613110812902235063e-25
3.681855176654698880e+01 9.610026341092349559e-25
3.710547965094568923e+01 9.606988405456726956e-25
3.739464357144293416e+01 9.603996209292997460e-25
3.768606095352331664e+01 9.601048972089231292e-25
3.797974935846865918e+01 9.598145929075568409e-25
3.827572648441636005e+01 9.595286330786010742e-25
3.857401016742574740e+01 9.592469442646056939e-25
3.887461838255303803e+01 9.589694544580836628e-25
3.917756924493453852e+01 9.586960930637695919e-25
3.948288101087822355e+01 9.584267908606037019e-25
3.979057207896390480e+01 9.581614799657793284e-25
4.010066099115206129e+01 9.579000938018902424e-25
4.041316643390103280e+01 9.576425670617659210e-25
4.072810723929327992e+01 9.573888356771481121e-25
4.104550238617008517e+01 9.571388367867557757e-25
4.136537100127531374e+01 9.568925087075225736e-25
4.168773236040807717e+01 9.566497909034765748e-25
4.201260588958419362e+01 9.564106239596448322e-25
4.234001116620692784e+01 9.561749495522882125e-25
4.266996792024676921e+01 9.559427104253432034e-25
4.300249603543031185e+01 9.557138503617629943e-25
4.333761555043851388e+01 9.554883141615248955e-25
4.367534666011432876e+01 9.552660476157200544e-25
4.401570971667955945e+01 9.550469974837993753e-25
4.435872523096138309e+01 9.548311114708644374e-25
4.470441387362842534e+01 9.546183382071242620e-25
4.505279647643626362e+01 9.544086272247757259e-25
4.540389403348287800e+01 9.542019289383237662e-25
4.575772770247383647e+01 9.539981946245461806e-25
4.611431880599715782e+01 9.537973764035971885e-25
4.647368883280831398e+01 9.535994272196916714e-25
4.683585943912525096e+01 9.534043008228286230e-25
4.720085244993330065e+01 9.532119517513460786e-25
4.756868986030042379e+01 9.530223353148195090e-25
4.793939383670277010e+01 9.528354075765897499e-25
4.831298671836032099e+01 9.526511253390414048e-25
4.868949101858314776e+01 9.524694461262676091e-25
4.906892942612816455e+01 9.522903281693087599e-25
4.945132480656627649e+01 9.521137303920739507e-25
4.983670020366032816e+01 9.519396123950126203e-25
5.022507884075386642e+01 9.517679344433634665e-25
5.061648412217044779e+01 9.515986574509790924e-25
5.101093963462410130e+01 9.514317429691180355e-25
5.140846914864078343e+01 9.512671531720884917e-25
5.180909661999065463e+01 9.511048508452197022e-25
5.221284619113180980e+01 9.509447993722817762e-25
5.261974219266517139e+01 9.507869627235672799e-25
5.302980914480057351e+01 9.506313054448388349e-25
5.344307175883443506e+01 9.504777926448461029e-25
5.385955493863902177e+01 9.503263899852666759e-25
5.427928378216299166e+01 9.501770636692806393e-25
5.470228358294394866e+01 9.500297804318293965e-25
5.512857983163273445e+01 9.498845075285131251e-25
5.555819821752935184e+01 9.497412127263352279e-25
5.599116463013128708e+01 9.495998642939449956e-25
5.642750516069339994e+01 9.494604309916804345e-25
5.686724610380037603e+01 9.493228820632053592e-25
5.731041395895132240e+01 9.491871872260183775e-25
5.775703543215650626e+01 9.490533166630528815e-25
5.820713743754681246e+01 9.489212410140669186e-25
5.866074709899567097e+01 9.487909313675646067e-25
5.911789175175346145e+01 9.486623592526931208e-25
5.957859894409484980e+01 9.485354966317963041e-25
6.004289643897896411e+01 9.484103158924045919e-25
6.051081221572227520e+01 9.482867898405433264e-25
6.098237447168475001e+01 9.481648916933109797e-25
6.145761162396918564e+01 9.480445950720923262e-25
6.193655231113346105e+01 9.479258739962037942e-25
6.241922539491645239e+01 9.478087028761977399e-25
6.290565996197736354e+01 9.476930565082127271e-25
6.339588532564837209e+01 9.475789100677006124e-25
6.388993102770116650e+01 9.474662391042134110e-25
6.438782684012728907e+01 9.473550195357311697e-25
6.488960276693207163e+01 9.472452276440048043e-25
6.539528904594276071e+01 9.471368400694766793e-25
6.590491615063088204e+01 9.470298338071063165e-25
6.641851479194833985e+01 9.469241862020750656e-25
6.693611592017829537e+01 9.468198749462609067e-25
6.745775072680027051e+01 9.467168780746252745e-25
6.798345064636970392e+01 9.466151739625316456e-25
6.851324735841228630e+01 9.465147413229746777e-25
6.904717278933314617e+01 9.464155592048294580e-25
6.958525911434054478e+01 9.463176069912489737e-25
7.012753875938497572e+01 9.462208643988864487e-25
7.067404440311324265e+01 9.461253114776949591e-25
7.122480897883757223e+01 9.460309286115212409e-25
7.177986567652027361e+01 9.459376965196171192e-25
7.233924794477398734e+01 9.458455962590373326e-25
7.290298949287712560e+01 9.457546092281538940e-25
7.347112429280528545e+01 9.456647171716552480e-25
7.404368658127866354e+01 9.455759021866397392e-25
7.462071086182491797e+01 9.454881467307898903e-25
7.520223190685867110e+01 9.454014336324271028e-25
7.578828475977674373e+01 9.453157461027285331e-25
7.637890473707000183e+01 9.452310677509363366e-25
7.697412743045173045e+01 9.451473826026546046e-25
7.757398870900217958e+01 9.450646751221314102e-25
7.817852472133024833e+01 9.449829302389805507e-25
7.878777189775192369e+01 9.449021333805179275e-25
7.940176695248545968e+01 9.448222705108077947e-25
8.002054688586392217e+01 9.447433281777793284e-25
8.064414898656497144e+01 9.446652935701185322e-25
8.127261083385778306e+01 9.445881545865425078e-25
8.190597029986767552e+01 9.445118999198939526e-25
8.254426555185850134e+01 9.444365191601118943e-25
8.318753505453241814e+01 9.443620029205925575e-25
8.383581757234797749e+01 9.442883429943523193e-25
8.448915217185621884e+01 9.442155325479984196e-25
8.514757822405468346e+01 9.441435663644250146e-25
8.581113540676001605e+01 9.440724411488222744e-25
8.647986370699926795e+01 9.440021559174151197e-25
8.715380342341917697e+01 9.439327124964366965e-25
8.783299516871490198e+01 9.438641161682513358e-25
8.851747987207740209e+01 9.437963765181970308e-25
8.920729878165977311e+01 9.437295085573327842e-25
8.990249346706292499e+01 9.436635342316133780e-25
9.060310582184085604e+01 9.435984844806755254e-25
9.130917806602495546e+01 9.435344020932361582e-25
9.202075274866830057e+01 9.434713457411274907e-25
9.273787275041000555e+01 9.434093957976092658e-25
9.346058128605885429e+01 9.433486629280504484e-25
9.418892190719775215e+01 9.432893011156741455e-25
9.492293850480828610e+01 9.432315280248681205e-25
9.566267531191542162e+01 9.431756579826788872e-25
9.640817690625316061e+01 9.431221576628157298e-25
9.715948821295106086e+01 9.430717448613101402e-25
9.791665450724114805e+01 9.430255745114901543e-25
9.867972141718647094e+01 9.429856158808735870e-25
9.944873492643085910e+01 9.429554928284792601e-25
1.002237413769696843e+02 9.429426024785723867e-25
1.010047874719425067e+02 9.429644595936966933e-25
1.017919202784478472e+02 9.430732977975466886e-25
1.025851872303792192e+02 9.435055607063506375e-25
1.033846361312837132e+02 9.475426270697459502e-25
1.041903151572423241e+02 9.471542723878382658e-25
1.050022728597737967e+02 9.424459514224277305e-25
1.058205581687600016e+02 9.422138878373524868e-25
1.066452203953943325e+02 9.421424771197870558e-25
1.074763092351537921e+02 9.420924331177834005e-25
1.083138747707935323e+02 9.420455034965828908e-25
1.091579674753644582e+02 9.419982612783261480e-25
1.100086382152555871e+02 9.419501047288661305e-25
1.108659382532589319e+02 9.419010664081703522e-25
1.117299192516584156e+02 9.418513090961796712e-25
1.126006332753437249e+02 9.418009988972470298e-25
1.134781327949475127e+02 9.417502758290992678e-25
1.143624706900070578e+02 9.416992510191929141e-25
1.152537002521514893e+02 9.416480106558895721e-25
1.161518751883129568e+02 9.415966209342642801e-25
1.170570496239626834e+02 9.415451324264570397e-25
1.179692781063733946e+02 9.414935835822586257e-25
1.188886156079060470e+02 9.414420034342437772e-25
1.198151175293222082e+02 9.413904136620448881e-25
1.207488397031233518e+02 9.413388301645705589e-25
1.216898383969149506e+02 9.412872642612078249e-25
1.226381703167970159e+02 9.412357236146002830e-25
1.235938926107819071e+02 9.411842129446437274e-25
1.245570628722379070e+02 9.411327345847684640e-25
1.255277391433594403e+02 9.410812889189844363e-25
1.265059799186655596e+02 9.410298747274216469e-25
1.274918441485245921e+02 9.409784894617760350e-25
1.284853912427061289e+02 9.409271294662765162e-25
1.294866810739619325e+02 9.408757901561219029e-25
1.304957739816336186e+02 9.408244661624454387e-25
1.315127307752884178e+02 9.407731514509153831e-25
1.325376127383843823e+02 9.407218394190929428e-25
1.335704816319631050e+02 9.406705229769332477e-25
1.346113996983710308e+02 9.406191946135870414e-25
1.356604296650112076e+02 9.405678464531859703e-25
1.367176347481229470e+02 9.405164703014928108e-25
1.377830786565907033e+02 9.404650576852311231e-25
1.388568255957844144e+02 9.404135998852922320e-25
1.399389402714279811e+02 9.403620879649244992e-25
1.410294878934981853e+02 9.403105127937411431e-25
1.421285341801552420e+02 9.402588650683420825e-25
1.432361453617025404e+02 9.402071353299761071e-25
1.443523881845774781e+02 9.401553139799536284e-25
1.454773299153745256e+02 9.401033912929797245e-25
1.466110383448984180e+02 9.400513574290022049e-25
1.477535817922487809e+02 9.399992024436380619e-25
1.489050291089381517e+02 9.399469162976637501e-25
1.500654496830406970e+02 9.398944888656484586e-25
1.512349134433729603e+02 9.398419099440378379e-25
1.524134908637090291e+02 9.397891692589133652e-25
1.536012529670268520e+02 9.397362564734752841e-25
1.547982713297877240e+02 9.396831611956620120e-25
1.560046180862505310e+02 9.396298729860876659e-25
1.572203659328182255e+02 9.395763813662567473e-25
1.584455881324181519e+02 9.395226758278128951e-25
1.596803585189179557e+02 9.394687458426233413e-25
1.609247515015744341e+02 9.394145808743915100e-25
1.621788420695170316e+02 9.393601703921158760e-25
1.634427057962678873e+02 9.393055038858674873e-25
1.647164188442954185e+02 9.392505708856467306e-25
1.660000579696035743e+02 9.391953609840314348e-25
1.672937005263582364e+02 9.391398638638329463e-25
1.685974244715482087e+02 9.390840693319062855e-25
1.699113083696825299e+02 9.390279673611099689e-25
1.712354313975259004e+02 9.389715481425561815e-25
1.725698733488695211e+02 9.389148021515683163e-25
1.739147146393390528e+02 9.388577202312937037e-25
1.752700363112416539e+02 9.388002936998984103e-25
1.766359200384491714e+02 9.387425144895975483e-25
1.780124481313194451e+02 9.386843753285321688e-25
1.793997035416574590e+02 9.386258699819742747e-25
1.807977698677136971e+02 9.385669935763362260e-25
1.822067313592213509e+02 9.385077430409993936e-25
1.836266729224743983e+02 9.384481177206952885e-25
1.850576801254436248e+02 9.383881202403795703e-25
1.864998392029326340e+02 9.383277577521979248e-25
1.879532370617755248e+02 9.382670437768694952e-25
1.894179612860732789e+02 9.382060009972049419e-25
1.908941001424721833e+02 9.381446656319840877e-25
1.923817425854821010e+02 9.380830945390353663e-25
1.938809782628381413e+02 9.380213772627896302e-25
1.953918975209024325e+02 9.379596575625085041e-25
1.969145914101080166e+02 9.378981744259528684e-25
1.984491516904466835e+02 9.378373467601159867e-25
1.999956708369982152e+02 9.377779675939735207e-25
2.015542420455023489e+02 9.377217177273123877e-25
2.031249592379760713e+02 9.376728389476905158e-25
2.047079170683730354e+02 9.376458078434570143e-25
2.063032109282868873e+02 9.377385993485663174e-25
2.079109369527008937e+02 9.384295274474044166e-25
2.095311920257806548e+02 9.372123453989970059e-25
2.111640737867118389e+02 9.371870784775275336e-25
2.128096806355852948e+02 9.371360089043723879e-25
2.144681117393262753e+02 9.370751328313822454e-25
2.161394670376696752e+02 9.370093360099980154e-25
2.178238472491838138e+02 9.369405220844135595e-25
2.195213538773393793e+02 9.368695735855737803e-25
2.212320892166253827e+02 9.367969495986153868e-25
2.229561563587150204e+02 9.367229082763512396e-25
2.246936591986774658e+02 9.366476024959237710e-25
2.264447024412380358e+02 9.365711256228610349e-25
2.282093916070892590e+02 9.364935352898861576e-25
2.299878330392489829e+02 9.364148665907641952e-25
2.317801339094681907e+02 9.363351398036111576e-25
2.335864022246906018e+02 9.362543651175797516e-25
2.354067468335608453e+02 9.361725456365872388e-25
2.372412774329828551e+02 9.360896793506205638e-25
2.390901045747320666e+02 9.360057604664938563e-25
2.409533396721166127e+02 9.359207803286471349e-25
2.428310950066905889e+02 9.358347280707573559e-25
2.447234837350216878e+02 9.357475910863518014e-25
2.466306198955096249e+02 9.356593553756314423e-25
2.485526184152573421e+02 9.355700058058344886e-25
2.504895951169983448e+02 9.354795263111501418e-25
2.524416667260755673e+02 9.353879000494663587e-25
2.544089508774746662e+02 9.352951095292134061e-25
2.563915661229143552e+02 9.352011367151998618e-25
2.583896319379898614e+02 9.351059631212639774e-25
2.604032687293719732e+02 9.350095698955565284e-25
2.624325978420643537e+02 9.349119379040538099e-25
2.644777415667152241e+02 9.348130478180147840e-25
2.665388231469862035e+02 9.347128802112930936e-25
2.686159667869804935e+02 9.346114156755393664e-25
2.707092976587269959e+02 9.345086349627603936e-25
2.728189419097225255e+02 9.344045191697563983e-25
2.749450266705351851e+02 9.342990499845202631e-25
2.770876800624648695e+02 9.341922100254150373e-25
2.792470312052630561e+02 9.340839833212010144e-25
2.814232102249154082e+02 9.339743560090508897e-25
2.836163482614826989e+02 9.338633173788949408e-25
2.858265774770025587e+02 9.337508614858229353e-25
2.880540310634554544e+02 9.336369897290526149e-25
2.902988432507903553e+02 9.335217151507902294e-25
2.925611493150125284e+02 9.334050699615242304e-25
2.948410855863375559e+02 9.332871195207601697e-25
2.971387894574056077e+02 9.331679903100250348e-25
2.994543993915602869e+02 9.330479314979242390e-25
3.017880549311942673e+02 9.329274689046227575e-25
3.041398967061576855e+02 9.328078669378662244e-25
3.065100664422314480e+02 9.326929747515175822e-25
3.088987069696701724e+02 9.326020666244096843e-25
3.113059622318079391e+02 9.343067896992361432e-25
3.137319772937320295e+02 9.321846398827334402e-25
3.161768983510263524e+02 9.320866779110081097e-25
3.186408727385806401e+02 9.319623221804931511e-25
3.211240489394681958e+02 9.318297367655255357e-25
3.236265765938954928e+02 9.316926477378257813e-25
3.261486065082187338e+02 9.315522870216237730e-25
3.286902906640310107e+02 9.314091660903386666e-25
3.312517822273226216e+02 9.312635245912373052e-25
3.338332355577101112e+02 9.311154807490557044e-25
3.364348062177374459e+02 9.309650917362815647e-25
3.390566509822522789e+02 9.308123811795347365e-25
3.416989278478527012e+02 9.306573529387746319e-25
3.443617960424069793e+02 9.304999985412664569e-25
3.470454160346512253e+02 9.303403014404303051e-25
3.497499495438582926e+02 9.301782395826882748e-25
3.524755595495823854e+02 9.300137870254283011e-25
3.552224103014823982e+02 9.298469150015549831e-25
3.579906673292189225e+02 9.296775926523981889e-25
3.607804974524281647e+02 9.295057875603547091e-25
3.635920687907769207e+02 9.293314661644747336e-25
3.664255507740929261e+02 9.291545941163774801e-25
3.692811141525733660e+02 9.289751366227604932e-25
3.721589310070772285e+02 9.287930588193016224e-25
3.750591747594938852e+02 9.286083262295626491e-25
3.779820201831925033e+02 9.284209053856688549e-25
3.809276434135567797e+02 9.282307647330515748e-25
3.838962219585976641e+02 9.280378760321963743e-25
3.868879347096493007e+02 9.278422166526746413e-25
3.899029619521515997e+02 9.276437735407477919e-25
3.929414853765134694e+02 9.274425505195916325e-25
3.960036880890602902e+02 9.272385827555941786e-25
3.990897546230708599e+02 9.270319682354847726e-25
4.021998709498963649e+02 9.268229453132280467e-25
4.053342244901661502e+02 9.266121203887735256e-25
4.084930041250843828e+02 9.264013461848984123e-25
4.116764002078110138e+02 9.261993855528260345e-25
4.148846045749318137e+02 9.263335533577783185e-25
4.181178105580209490e+02 9.256616072412403431e-25
4.213762129952903024e+02 9.254558474936185095e-25
4.246600082433295711e+02 9.252295590762895248e-25
4.279693941889414077e+02 9.249958032429539671e-25
4.313045702610652938e+02 9.247569581202069560e-25
4.346657374427940113e+02 9.245137544304342854e-25
4.380530982834878273e+02 9.242664673273861251e-25
4.414668569109793452e+02 9.240152040273984041e-25
4.449072190438729422e+02 9.237599977055166065e-25
4.483743920039445356e+02 9.235008445421955504e-25
4.518685847286337207e+02 9.232377204144537124e-25
4.553900077836335072e+02 9.229705892108142514e-25
4.589388733755817498e+02 9.226994073292601227e-25
4.625153953648480751e+02 9.224241263031277456e-25
4.661197892784197165e+02 9.221446944685303116e-25
4.697522723228924519e+02 9.218610581476037862e-25
4.734130633975585738e+02 9.215731626306067242e-25
4.771023831075963244e+02 9.212809531711116043e-25
4.808204537773672200e+02 9.209843762219061807e-25
4.845674994638119415e+02 9.206833812469750461e-25
4.883437459699508736e+02 9.203779237238040396e-25
4.921494208584945795e+02 9.200679706238651501e-25
4.959847534655552863e+02 9.197535113864598245e-25
4.998499749144658608e+02 9.194345823406327452e-25
5.037453181297104834e+02 9.191113289896973016e-25
5.076710178509595153e+02 9.187841988021889715e-25
5.116273106472139034e+02 9.184547551100594692e-25
5.156144349310642383e+02 9.181321502591230757e-25
5.196326309730563935e+02 9.175734169035904723e-25
5.236821409161686915e+02 9.173819239554410984e-25
5.277632087904075888e+02 9.170379137658644505e-25
5.318760805275113626e+02 9.166814347132261345e-25
5.360210039757685081e+02 9.163175637106839848e-25
5.401982289149573262e+02 9.159473643717318844e-25
5.444080070713953319e+02 9.155711536501896151e-25
5.486505921331101945e+02 9.151890240091512381e-25
5.529262397651248193e+02 9.148009807840886336e-25
5.572352076248678259e+02 9.144069894471478274e-25
5.615777553776983950e+02 9.140069950038137663e-25
5.659541447125526474e+02 9.136009310868376729e-25
5.703646393577165554e+02 9.131887247727742714e-25
5.748095050967175439e+02 9.127702995387008913e-25
5.792890097843385320e+02 9.123455775195429630e-25
5.838034233627633967e+02 9.119144818271956188e-25
5.883530178778419213e+02 9.114769397621259710e-25
5.929380674954823007e+02 9.110328883763661489e-25
5.975588485181762053e+02 9.105822857755649139e-25
6.022156394016473087e+02 9.101251376058528749e-25
6.069087207716299872e+02 9.096615705613923759e-25
6.116383754407836477e+02 9.091920926897591019e-25
6.164048884257337022e+02 9.087190038277494944e-25
6.212085469642455564e+02 9.082714187435220055e-25
6.260496405325370688e+02 9.076964997145095384e-25
6.309284608627218631e+02 9.072133260805593095e-25
6.358453019603869052e+02 9.067092450448880109e-25
6.408004601223141208e+02 9.061951662258756777e-25
6.457942339543335493e+02 9.056725082567705385e-25
6.508269243893156499e+02 9.051416049831685036e-25
6.558988347053104917e+02 9.046025210502545751e-25
6.610102705438212070e+02 9.040552274492772436e-25
6.661615399282209182e+02 9.034996554114147531e-25
6.713529532823184809e+02 9.029357170768653072e-25
6.765848234490631512e+02 9.023633150032324264e-25
6.818574657093947735e+02 9.017823476074802695e-25
6.871711978012478994e+02 9.011927135397260554e-25
6.925263399386961964e+02 9.005943171187050019e-25
6.979232148312477193e+02 8.999870996774393190e-25
7.033621477032955909e+02 8.993710175048292087e-25
7.088434663137147709e+02 8.987461078514569659e-25
7.143675009756112786e+02 8.981127591358599540e-25
7.199345845762311455e+02 8.974730553935075007e-25
7.255450525970192075e+02 8.968692237924505692e-25
7.311992431338331926e+02 8.961261688278169710e-25
7.368974969173224281e+02 8.954621791458850505e-25
7.426401573334585464e+02 8.947811500468472264e-25
7.484275704442266033e+02 8.940885191605627250e-25
7.542600850084832018e+02 8.933850569598955529e-25
7.601380525029715045e+02 8.926709025124952204e-25
7.660618271434990447e+02 8.919460285544765637e-25
7.720317659062886833e+02 8.912103483288516887e-25
7.780482285494875896e+02 8.904637500609829786e-25
7.841115776348444797e+02 8.897061113998390261e-25
7.902221785495635231e+02 8.889373079296825552e-25
7.963803995283201402e+02 8.881572217585352054e-25
8.025866116754493760e+02 8.873657565658010210e-25
8.088411889873140126e+02 8.865628757033927450e-25
8.151445083748395746e+02 8.857487321033798035e-25
8.214969496862253209e+02 8.849243429614547241e-25
8.278988957298396372e+02 8.841017913027659058e-25
8.343507322972856173e+02 8.832080732044608848e-25
8.408528481866477478e+02 8.823551026901196299e-25
8.474056352259257210e+02 8.814807422982209931e-25
8.540094882966449177e+02 8.805921770197949915e-25
8.606648053576492430e+02 8.796901655410188171e-25
8.673719874690885945e+02 8.787748020092638568e-25
8.741314388165844775e+02 8.778460815985060947e-25
8.809435667355842270e+02 8.769039260445509561e-25
8.878087817359131577e+02 8.759480992021662047e-25
8.947274975265096373e+02 8.749784594241778738e-25
9.017001310403536536e+02 8.739948752408966368e-25
9.087271024595964946e+02 8.729972517677620484e-25
9.158088352408796027e+02 8.719856111183117733e-25
9.229457561408497668e+02 8.709604689277909614e-25
9.301382952418814511e+02 8.699269728142209706e-25
9.373868859779920513e+02 8.688371202213205929e-25
9.446919651609578068e+02 8.677794343138294702e-25
9.520539730066429911e+02 8.666946624595942529e-25
9.594733531615247557e+02 8.655930196239164492e-25
9.669505527294256808e+02 8.644752692908135043e-25
9.744860222984621032e+02 8.633414731817817890e-25
9.820802159681948069e+02 8.621915409356398947e-25
9.897335913769907165e+02 8.610253360772154293e-25
9.974466097296069620e+02 8.598427101535343759e-25
1.005219735824979466e+03 8.586435241807708078e-25
1.013053438084235040e+03 8.574276839393113122e-25
1.020948188578914824e+03 8.561952574653228730e-25
1.028904463059428053e+03 8.549471808446915140e-25
1.036922740983718768e+03 8.537103776223283316e-25
1.045003505546155566e+03 8.523806207714311541e-25
1.053147243706655672e+03 8.510814624619599247e-25
1.061354446220027512e+03 8.497613705843669668e-25
1.069625607665539974e+03 8.484224768015505477e-25
1.077961226476733827e+03 8.470649927486960700e-25
1.086361804971455058e+03 8.456888608242348648e-25
1.094827849382121485e+03 8.442949137521062491e-25
1.103359869886236311e+03 8.428821352878806213e-25
1.111958380637128130e+03 8.414503434545854519e-25
1.120623899794932186e+03 8.399995107422757730e-25
1.129356949557821736e+03 8.385300206933392816e-25
1.138158056193473385e+03 8.370472336700860860e-25
1.147027750070777074e+03 8.355161207168258907e-25
1.155966565691804135e+03 8.339916840106310930e-25
1.164975041724014091e+03 8.324423275887286337e-25
1.174053721032711564e+03 8.308718819561250441e-25
1.183203150713767400e+03 8.292806673996097887e-25
1.192423882126584203e+03 8.276686642628174114e-25
1.201716470927318369e+03 8.260357832395397144e-25
1.211081477102371991e+03 8.243819320554325909e-25
1.220519465002135348e+03 8.227070706105351842e-25
1.230031003374991315e+03 8.210113949553719563e-25
1.239616665401596720e+03 8.192971291287607584e-25
1.249277028729419499e+03 8.175386735267793275e-25
1.259012675507545055e+03 8.157865044011145552e-25
1.268824192421763883e+03 8.140045790179681394e-25
1.278712170729924765e+03 8.121998964438681429e-25
1.288677206297558541e+03 8.103729137455628217e-25
1.298719899633795194e+03 8.085236856523065517e-25
1.308840855927546954e+03 8.066522008244544888e-25
1.319040685083974950e+03 8.047584640325155409e-25
1.329320001761249159e+03 8.028426007488912535e-25
1.339679425407587132e+03 8.009054880024249273e-25
1.350119580298576466e+03 7.988193809005643765e-25
1.360641095574804922e+03 7.969530409494944370e-25
1.371244605279767711e+03 7.949481630428878261e-25
1.381930748398072865e+03 7.929196192106039238e-25
1.392700168893955606e+03 7.908682542916492699e-25
1.403553515750080123e+03 7.887942794176589864e-25
1.414491443006643976e+03 7.866978274797037207e-25
1.425514609800801281e+03 7.845790665003807383e-25
1.436623680406377389e+03 7.824383819977104286e-25
1.447819324273896427e+03 7.802784068283872384e-25
1.459102216070931036e+03 7.780808242590447407e-25
1.470473035722754730e+03 7.758771682923492399e-25
1.481932468453311458e+03 7.736484058637801836e-25
1.493481204826516205e+03 7.713976103064278977e-25
1.505119940787866653e+03 7.691253317526366251e-25
1.516849377706375208e+03 7.668319408765265385e-25
1.528670222416845718e+03 7.645178361193421163e-25
1.540583187262463071e+03 7.621836496012176314e-25
1.552588990137714973e+03 7.598329312416486903e-25
1.564688354531663890e+03 7.574477992157378466e-25
1.576882009571540493e+03 7.550563124853727353e-25
1.589170690066676798e+03 7.526439696532933007e-25
1.601555136552796966e+03 7.502129963359138323e-25
1.614036095336638937e+03 7.477641967278087542e-25
1.626614318540922113e+03 7.452982948479491838e-25
1.639290564149681586e+03 7.428161370002953427e-25
1.652065596053941363e+03 7.403194729092594153e-25
1.664940184097741849e+03 7.377955436367480234e-25
1.677915104124541813e+03 7.352739952078079558e-25
1.690991138023968006e+03 7.327339950268664869e-25
1.704169073778926304e+03 7.301812996791261315e-25
1.717449705513098706e+03 7.276172809848788469e-25
1.730833833538792760e+03 7.250431790051314657e-25
1.744322264405163878e+03 7.224603926751383726e-25
1.757915810946830561e+03 7.198717276024420842e-25
1.771615292332851595e+03 7.172671601542270409e-25
1.785421534116085240e+03 7.146677683299724707e-25
1.799335368282948593e+03 7.120629566348118626e-25
1.813357633303549846e+03 7.094562479660406958e-25
1.827489174182209808e+03 7.068496260053632864e-25
1.841730842508394517e+03 7.042451051359843349e-25
1.856083496508025974e+03 7.016451934858988656e-25
1.870548001095203745e+03 6.990337727191098192e-25
1.885125227924318551e+03 6.964607651802594968e-25
1.899816055442591278e+03 6.938857093714818328e-25
1.914621368943003745e+03 6.913234486693710876e-25
1.929542060617641937e+03 6.887769925241801608e-25
1.944579029611473061e+03 6.862493105650626100e-25
1.959733182076522326e+03 6.837438780879399904e-25
1.975005431226475366e+03 6.812509787033966570e-25
1.990396697391719727e+03 6.788061578735297658e-25
2.005907908074800844e+03 6.763849796663898383e-25
2.021539998006308224e+03 6.739987820366172304e-25
2.037293909201216138e+03 6.716517510559645953e-25
2.053170591015644732e+03 6.693481694395371279e-25
2.069171000204064057e+03 6.670936211244903867e-25
2.085296100976960588e+03 6.648844809392498434e-25
2.101546865058938693e+03 6.627386165582312434e-25
2.117924271747268904e+03 6.606534411943068958e-25
2.134429307970916398e+03 6.586351997673457861e-25
2.151062968350008305e+03 6.566895554345813091e-25
2.167826255255764409e+03 6.548227440468534432e-25
2.184720178870914424e+03 6.530335283706429069e-25
2.201745757250567294e+03 6.513440774292977134e-25
2.218904016383554790e+03 6.497485272234649340e-25
2.236195990254269873e+03 6.482565426255498631e-25
2.253622720904973448e+03 6.468754183126292312e-25
2.271185258498579060e+03 6.456129689815725622e-25
2.288884661381954174e+03 6.444704103722181949e-25
2.306721996149688039e+03 6.434696325765848576e-25
2.324698337708362033e+03 6.426080077461349591e-25
2.342814769341337978e+03 6.418964653756140951e-25
2.361072382774031212e+03 6.413439567287591261e-25
2.379472278239693878e+03 6.409603892706327426e-25
2.398015564545729376e+03 6.407491198717493638e-25
2.416703359140505199e+03 6.407291229445685918e-25
2.435536788180683743e+03 6.409046143633461393e-25
2.454516986599102438e+03 6.412863022126560092e-25
2.473645098173158203e+03 6.418846392472006700e-25
2.492922275593724407e+03 6.426916384826271565e-25
2.512349680534632625e+03 6.437694511510694205e-25
2.531928483722665987e+03 6.450795732525447785e-25
2.551659865008103225e+03 6.466481775918667563e-25
2.571545013435832971e+03 6.484864818280219804e-25
2.591585127317000570e+03 6.506080472822915091e-25
2.611781414301211498e+03 6.530136715417252152e-25
2.632135091449321862e+03 6.557271458196769477e-25
2.652647385306774140e+03 6.587540993287622513e-25
2.673319531977500901e+03 6.621060337568102901e-25
2.694152777198432432e+03 6.657958102674778834e-25
2.715148376414555969e+03 6.698266252268769952e-25
2.736307594854566105e+03 6.742195351102610576e-25
2.757631707607123190e+03 6.789806591368056707e-25
2.779121999697685624e+03 6.841210932163097025e-25
2.800779766165938327e+03 6.896558380309030610e-25
2.822606312143850573e+03 6.955792568706227836e-25
2.844602952934317727e+03 7.019195313409002226e-25
2.866771014090414610e+03 7.086795485087977326e-25
2.889111831495292336e+03 7.158694738496573988e-25
2.911626751442673140e+03 7.234937078221506456e-25
2.934317130717970031e+03 7.315735250539534333e-25
2.957184336680067190e+03 7.401080302744305601e-25
2.980229747343711097e+03 7.491086019446356652e-25
3.003454751462540571e+03 7.585850721375572008e-25
3.026860748612797124e+03 7.685400417330878780e-25
3.050449149277652850e+03 7.789897058546118901e-25
3.074221374932201797e+03 7.899380634914638174e-25
3.098178858129137552e+03 8.013935786158059512e-25
3.122323042585072017e+03 8.133598865386720542e-25
3.146655383267527668e+03 8.258528371296105111e-25
3.171177346482633311e+03 8.388737008367006973e-25
3.195890409963478305e+03 8.524312470880039361e-25
3.220796062959153005e+03 8.665233796652771310e-25
3.245895806324512705e+03 8.811827326404844930e-25
3.271191152610610516e+03 8.963939098989122535e-25
3.296683626155838283e+03 9.121704372068558693e-25
3.322374763177804653e+03 9.285899269063899847e-25
3.348266111865900257e+03 9.454462834604891116e-25
3.374359232474582768e+03 9.629623668150408359e-25
3.400655697417423198e+03 9.810732193445938786e-25
3.427157091361845232e+03 9.997612099067141273e-25
3.453865011324629904e+03 1.019108092461046481e-24
3.480781066768138317e+03 1.039050196709068215e-24
3.507906879697322438e+03 1.059619216130790024e-24
3.535244084757458495e+03 1.080818674432580862e-24
3.562794329332642974e+03 1.102670103353521085e-24
3.590559273645089434e+03 1.125172367655014229e-24
3.618540590855162463e+03 1.148338295755483424e-24
3.646739967162196990e+03 1.172173836959300707e-24
3.675159101906131582e+03 1.196696776435793648e-24
3.703799707669903000e+03 1.221913419516492247e-24
3.732663510382638378e+03 1.247838612177888101e-24
3.761752249423684134e+03 1.274473316850276307e-24
3.791067677727412502e+03 1.301842949706195080e-24
3.820611561888846154e+03 1.329955220560087795e-24
3.850385682270137295e+03 1.358819360553201164e-24
3.880391833107845287e+03 1.388458722179076517e-24
3.910631822621046013e+03 1.418881120896715599e-24
3.941107473120324357e+03 1.450107180027576963e-24
3.971820621117577048e+03 1.482138768939998751e-24
4.002773117436670418e+03 1.515009037619890116e-24
4.033966827324999485e+03 1.548729507311311651e-24
4.065403630565878302e+03 1.583313873345997466e-24
4.097085421591806153e+03 1.618789018081373129e-24
4.129014109598654613e+03 1.655170469948857784e-24
4.161191618660706808e+03 1.692474619590996230e-24
4.193619887846588426e+03 1.730734158881495913e-24
4.226300871336150522e+03 1.769963372257748074e-24
4.259236538538216337e+03 1.810175157588700385e-24
4.292428874209245805e+03 1.851429037771172035e-24
4.325879878572969574e+03 1.893718461537790074e-24
4.359591567440910694e+03 1.937100700434661100e-24
4.393565972333847640e+03 1.981539229522184325e-24
4.427805140604265034e+03 2.027130551293302633e-24
4.462311135559713875e+03 2.073892411188001318e-24
4.497086036587142189e+03 2.121821945254103494e-24
4.532131939278221580e+03 2.170989927803772813e-24
4.567450955555624205e+03 2.221445851175139050e-24
4.603045213800271085e+03 2.273137779857404470e-24
4.638916858979625431e+03 2.326194433606664833e-24
4.675068052776933655e+03 2.380611582964270772e-24
4.711500973721477749e+03 2.436463354582598858e-24
4.748217817319889036e+03 2.493762313760476693e-24
4.785220796188435088e+03 2.552556353975672731e-24
4.822512140186340730e+03 2.612904233421549062e-24
4.860094096550195900e+03 2.674845047245305057e-24
4.897968930029359399e+03 2.738425519063714824e-24
4.936138923022424024e+03 2.803706752109596495e-24
4.974606375714784917e+03 2.870739239486705258e-24
5.013373606217240194e+03 2.939568691811407297e-24
5.052442950705666590e+03 3.010266148990128666e-24
5.091816763561832886e+03 3.082874749698397360e-24
5.131497417515263805e+03 3.157481478751541032e-24
5.171487303786206212e+03 3.234126345126860844e-24
5.211788832229764921e+03 3.312873708329395704e-24
5.252404431481100801e+03 3.393798290685157387e-24
5.293336549101775745e+03 3.476980432765550604e-24
5.334587651727275443e+03 3.562421341254084891e-24
5.376160225215634455e+03 3.650255674118594786e-24
5.418056774797226353e+03 3.740518375094667718e-24
5.460279825225763489e+03 3.833283115286022896e-24
5.502831920930424531e+03 3.928382404295888623e-24
5.545715626169172538e+03 4.026534347867097952e-24
5.588933525183312668e+03 4.127133346337525635e-24
5.632488222353206766e+03 4.230433568996796058e-24
5.676382342355199398e+03 4.336480232072457902e-24
5.720618530319820820e+03 4.445281806817279368e-24
5.765199451991168644e+03 4.556859827186762045e-24
5.810127793887530970e+03 4.671197814210878070e-24
5.855406263463321011e+03 4.788225571579827764e-24
5.901037589272206787e+03 4.907912610782662483e-24
5.947024521131527763e+03 5.030130576176797907e-24
5.993369830288033882e+03 5.154741443830200079e-24
6.040076309584871524e+03 5.281527900164287564e-24
6.087146773629861855e+03 5.410233721466186466e-24
6.134584058965156146e+03 5.540497691554455452e-24
6.182391024238146201e+03 5.671905992847176689e-24
6.230570550373715378e+03 5.803863718631516347e-24
6.279125540747884770e+03 5.935833209093310422e-24
6.328058921362751789e+03 6.066915265220786162e-24
6.377373641022825723e+03 6.196167213902334677e-24
6.427072671512701163e+03 6.322512805565629198e-24
6.477159007776187536e+03 6.444626657848113934e-24
6.527635668096761037e+03 6.561046915590665767e-24
6.578505694279438103e+03 6.670078434282741279e-24
6.629772151834115903e+03 6.769884263132727803e-24
6.681438130160286164e+03 6.858430053965811335e-24
6.733506742733188730e+03 6.933593968475858735e-24
6.785981127291471239e+03 6.993148754740541951e-24
6.838864446026256701e+03 7.034906133963279938e-24
6.892159885771680820e+03 7.056732439096297956e-24
6.945870658196978184e+03 7.056728215415331161e-24
7.000000000000001819e+03 7.033253369620018595e-24
