3.000000000000000000e+00 1.793149781583480172e-21
3.023379074186677951e+00 1.552205714517274252e-21
3.046940342076630781e+00 1.351643000494581785e-21
3.070685223509894257e+00 1.183061179508024507e-21
3.094615149391351849e+00 1.040170468146826225e-21
3.118731561776963979e+00 9.181730765846145364e-22
3.143035913960669614e+00 8.133497268897044176e-22
3.167529670561962885e+00 7.227761519543602832e-22
3.192214307614152702e+00 6.441242986842554342e-22
3.217091312653314272e+00 5.755201281806854295e-22
3.242162184807927616e+00 5.154400814981909093e-22
3.267428434889215527e+00 4.626344902468902412e-22
3.292891585482193850e+00 4.160701023915503844e-22
3.318553171037419425e+00 3.748863893092353562e-22
3.344414737963458339e+00 3.383619353195389243e-22
3.370477844720079830e+00 3.058883029002465568e-22
3.396744061912168711e+00 2.769495091072622453e-22
3.423214972384368782e+00 2.511057614091517100e-22
3.449892171316475409e+00 2.279804605301472042e-22
3.476777266319557746e+00 2.072497333083004749e-22
3.503871877532837242e+00 1.886339423401612383e-22
3.531177637721321538e+00 1.718907529791269703e-22
3.558696192374196876e+00 1.568094367766165063e-22
3.586429199803984336e+00 1.432061636444000266e-22
3.614378331246479004e+00 1.309200899931124303e-22
3.642545270961456083e+00 1.198100917741512065e-22
3.670931716334169703e+00 1.097520230701056678e-22
3.699539377977637766e+00 1.006364054194239716e-22
3.728369979835728820e+00 9.236647198437062476e-23
3.757425259287050068e+00 8.485650552203408680e-23
3.786706967249639177e+00 7.803042073751451529e-23
3.816216868286484765e+00 7.182055084096006392e-23
3.845956740711859112e+00 6.616660542113488206e-23
3.875928376698477340e+00 6.101477264372982828e-23
3.906133582385504788e+00 5.631694348407186225e-23
3.936574177987393064e+00 5.203003951723411184e-23
3.967251997903568306e+00 4.811542891660512559e-23
3.998168890828979194e+00 4.453841776399135528e-23
4.029326719865498063e+00 4.126780595009619217e-23
4.060727362634198201e+00 3.827549858845910676e-23
4.092372711388496676e+00 3.553616523906558998e-23
4.124264673128191561e+00 3.302694053291454466e-23
4.156405169714378012e+00 3.072716061384864685e-23
4.188796137985258738e+00 2.861813073236580427e-23
4.221439529872867524e+00 2.668291996414324534e-23
4.254337312520692471e+00 2.490617959043642078e-23
4.287491468402215844e+00 2.327398220038228955e-23
4.320903995440390055e+00 2.177555620557572392e-23
4.354576907128027585e+00 2.039873077342722551e-23
4.388512232649141254e+00 1.913192965263835947e-23
4.422712017001222407e+00 1.796562330112879103e-23
4.457178321118484554e+00 1.689113016078827177e-23
4.491913221996044037e+00 1.590053669579415457e-23
4.526918812815098114e+00 1.498662585891770192e-23
4.562197203069056073e+00 1.414281307227446062e-23
4.597750518690657096e+00 1.336308881222115848e-23
4.633580902180091776e+00 1.264196701138983742e-23
4.669690512734105958e+00 1.197443865791182186e-23
4.706081526376117985e+00 1.135592991641092960e-23
4.742756136087351138e+00 1.078226431970224271e-23
4.779716551938987479e+00 1.024962850590223906e-23
4.816965001225343990e+00 9.754541123254104758e-24
4.854503728598102974e+00 9.293824566212816871e-24
4.892334996201570085e+00 8.864579173354860466e-24
4.930461083808994616e+00 8.464159685939018904e-24
4.968884288959960038e+00 8.090153693770894046e-24
5.007606927098831484e+00 7.740361864559763987e-24
5.046631331714285906e+00 7.412779814178770721e-24
5.085959854479939146e+00 7.105581436288484458e-24
5.125594865396055688e+00 6.817103565255316866e-24
5.165538752932373079e+00 6.545831883796824173e-24
5.205793924172026799e+00 6.290387934531966905e-24
5.246362804956618220e+00 6.049517189918646664e-24
5.287247840032386570e+00 5.822078070311595629e-24
5.328451493197543520e+00 5.607031859517946471e-24
5.369976247450735762e+00 5.403433429527895577e-24
5.411824605140684419e+00 5.210422751103244144e-24
5.453999088116976424e+00 5.027217117432310296e-24
5.496502237882029185e+00 4.853103996414267210e-24
5.539336615744256065e+00 4.687434538883098451e-24
5.582504802972412250e+00 4.529617621227790593e-24
5.626009400951136996e+00 4.379114428887807359e-24
5.669853031337731331e+00 4.235433527898749107e-24
5.714038336220133019e+00 4.098126365742189390e-24
5.758567978276136756e+00 3.966783207060829648e-24
5.803444640933850707e+00 3.841029428615069668e-24
5.848671028533408034e+00 3.720522174027048395e-24
5.894249866489925438e+00 3.604328957159407515e-24
5.940183901457753102e+00 3.491137215181444217e-24
5.986475901495984075e+00 3.382500537451605419e-24
6.033128656235260401e+00 3.278167007753486300e-24
6.080144977045891963e+00 3.177904110984058812e-24
6.127527697207263202e+00 3.081496940878582927e-24
6.175279672078572979e+00 2.988746579078466904e-24
6.223403779270908487e+00 2.899468622424974769e-24
6.271902918820651429e+00 2.813491880660519918e-24
6.320780013364233341e+00 2.730657166249832676e-24
6.370038008314270250e+00 2.650816238433807767e-24
6.419679872037050039e+00 2.573830809111127535e-24
6.469708596031408021e+00 2.499571692605070332e-24
6.520127195109008511e+00 2.427918001631607620e-24
6.570938707576019056e+00 2.358756438608911693e-24
6.622146195416195980e+00 2.291980655221981829e-24
6.673752744475415000e+00 2.226813120340267710e-24
6.725761464647628252e+00 2.163512113070254877e-24
6.778175490062257502e+00 2.102355236781628286e-24
6.830997979273086607e+00 2.043257881357245680e-24
6.884232115448578604e+00 1.986139978326894627e-24
6.937881106563702716e+00 1.930925653234154575e-24
6.991948185593272136e+00 1.877542919476381296e-24
7.046436610706736658e+00 1.825923388412980296e-24
7.101349665464545602e+00 1.776002014954560732e-24
7.156690659016025080e+00 1.727716858896687114e-24
7.212462926298772281e+00 1.681008875288683103e-24
7.268669828239636921e+00 1.635821727430289583e-24
7.325314751957265003e+00 1.592101600458744528e-24
7.382401110966188895e+00 1.549797042816183333e-24
7.439932345382551659e+00 1.508858829785687066e-24
7.497911922131407003e+00 1.469239815796478428e-24
7.556343335155633945e+00 1.430894822516750826e-24
7.615230105626504375e+00 1.393780519386576618e-24
7.674575782155860004e+00 1.357855326444458048e-24
7.734383941009959962e+00 1.323079312879983129e-24
7.794658186324999072e+00 1.289414112359168866e-24
7.855402150324295896e+00 1.256822844826845032e-24
7.916619493537168317e+00 1.225270037778881537e-24
7.978313905019535746e+00 1.194721554404172658e-24
8.040489102576222180e+00 1.165144535592038897e-24
8.103148832984988559e+00 1.136507332616560149e-24
8.166296872222336134e+00 1.108779456744686010e-24
8.229937025691045349e+00 1.081931521989586867e-24
8.294073128449483079e+00 1.055935196199274731e-24
8.358709045442731522e+00 1.030763157633063879e-24
8.423848671735486349e+00 1.006389047842155128e-24
8.489495932746768503e+00 9.827874328405075263e-25
8.555654784486495856e+00 9.599337610032549839e-25
8.622329213793868519e+00 9.378043307213285646e-25
8.689523238577617548e+00 9.163762514140326128e-25
8.757240908058138373e+00 8.956274095846650325e-25
8.825486303011505385e+00 8.755364433788788753e-25
8.894263536015376559e+00 8.560827053906563842e-25
8.963576751696830769e+00 8.372462381532534319e-25
9.033430126982132435e+00 8.190077460945654278e-25
9.103827871348423528e+00 8.013485692156285362e-25
9.174774227077424626e+00 7.842506587361351936e-25
9.246273469511047338e+00 7.676965518590483936e-25
9.318329907309045979e+00 7.516693510985525408e-25
9.390947882708687189e+00 7.361527006758302580e-25
9.464131771786378877e+00 7.211307673963003761e-25
9.537885984721404142e+00 7.065882204651699978e-25
9.612214966061698007e+00 6.925102115318292305e-25
9.687123194991649200e+00 6.788823568349848216e-25
9.762615185602044221e+00 6.656907220389949895e-25
9.838695487162103959e+00 6.529218011840296175e-25
9.915368684393603971e+00 6.405625050613211936e-25
9.992639397747167251e+00 6.286001439954793837e-25
1.007051228368071882e+01 6.174940562646345671e-25
1.014899203494005953e+01 6.067775000127267805e-25
1.022808338084167801e+01 5.963892091762913504e-25
1.030779108755775475e+01 5.863193174655860324e-25
1.038811995840335101e+01 5.765582515936548478e-25
1.046907483412588746e+01 5.670967233557599961e-25
1.055066059319685934e+01 5.579257184544082498e-25
1.063288215210579679e+01 5.490364855025244356e-25
1.071574446565655414e+01 5.404205303511890355e-25
1.079925252726591012e+01 5.320696063094391381e-25
1.088341136926445074e+01 5.239757038869574470e-25
1.096822606319983606e+01 5.161310458039745997e-25
1.105370172014243657e+01 5.085280782865358698e-25
1.113984349099330551e+01 5.011594640856156412e-25
1.122665656679461144e+01 4.940180741836677267e-25
1.131414617904242803e+01 4.870969853018035382e-25
1.140231760000200723e+01 4.803894680904778324e-25
1.149117614302551083e+01 4.738889866276832130e-25
1.158072716287217041e+01 4.675891892715989447e-25
1.167097605603098742e+01 4.614839038751062482e-25
1.176192826104595213e+01 4.555671342634593343e-25
1.185358925884374592e+01 4.498330531189853128e-25
1.194596457306404602e+01 4.442759983960832867e-25
1.203905977039241115e+01 4.388904691603635492e-25
1.213288046089569505e+01 4.336711191147524955e-25
1.222743229836014933e+01 4.286127558954779438e-25
1.232272098063213228e+01 4.237103337720241284e-25
1.241875224996144311e+01 4.189589514488392546e-25
1.251553189334737759e+01 4.143538484132438955e-25
1.261306574288748017e+01 4.098904009475959322e-25
1.271135967612895179e+01 4.055641175716651421e-25
1.281041961642286786e+01 4.013706382212309450e-25
1.291025153328114428e+01 3.973057287371175741e-25
1.301086144273622835e+01 3.933652790120505117e-25
1.311225540770366216e+01 3.895452990732729380e-25
1.321443953834745422e+01 3.858419169218383873e-25
1.331741999244825436e+01 3.822513750851824914e-25
1.342120297577444710e+01 3.787700279644808459e-25
1.352579474245614577e+01 3.753943387428113766e-25
1.363120159536203424e+01 3.721208777261725506e-25
1.373742988647920527e+01 3.689463185657724305e-25
1.384448601729596717e+01 3.658674364885179988e-25
1.395237643918756554e+01 3.628811052864440398e-25
1.406110765380496730e+01 3.599842947710618854e-25
1.417068621346669133e+01 3.571740690614806088e-25
1.428111872155361617e+01 3.544475834859454805e-25
1.439241183290693016e+01 3.518020828450931865e-25
1.450457225422918128e+01 3.492348980754722854e-25
1.461760674448840014e+01 3.467434454600946093e-25
1.473152211532542033e+01 3.443252233375722492e-25
1.484632523146438210e+01 3.419778103113243685e-25
1.496202301112636057e+01 3.396988629901012886e-25
1.507862242644633000e+01 3.374861137292500528e-25
1.519613050389326148e+01 3.353373694112719689e-25
1.531455432469357625e+01 3.332505081315804808e-25
1.543390102525788343e+01 3.312234780871336157e-25
1.555417779761100050e+01 3.292542955292832508e-25
1.567539188982537013e+01 3.273410421881810791e-25
1.579755060645786280e+01 3.254818643823146387e-25
1.592066130898992427e+01 3.236749703332932411e-25
1.604473141627120114e+01 3.219186287712953352e-25
1.616976840496664281e+01 3.202111668355494545e-25
1.629577981000701570e+01 3.185509686499683814e-25
1.642277322504298454e+01 3.169364735110387848e-25
1.655075630290274091e+01 3.153661739220156147e-25
1.667973675605313844e+01 3.138386143591632716e-25
1.680972235706447293e+01 3.123523893148644269e-25
1.694072093907889709e+01 3.109061420715025944e-25
1.707274039628241269e+01 3.094985627140344541e-25
1.720578868438059672e+01 3.081283871238318914e-25
1.733987382107807917e+01 3.067943950523569758e-25
1.747500388656161974e+01 3.054954089947281071e-25
1.761118702398708180e+01 3.042302926873668788e-25
1.774843143997016526e+01 3.029979497441179922e-25
1.788674540508091226e+01 3.017973222519292724e-25
1.802613725434210679e+01 3.006273897350768516e-25
1.816661538773160700e+01 2.994871675285529121e-25
1.830818827068848265e+01 2.983757058712907680e-25
1.845086443462317405e+01 2.972920885683697337e-25
1.859465247743164085e+01 2.962354318248940546e-25
1.873956106401342936e+01 2.952048832253990031e-25
1.888559892679387175e+01 2.941996205249123360e-25
1.903277486625032822e+01 2.932188506054768675e-25
1.918109775144246498e+01 2.922618085864537378e-25
1.933057652054675302e+01 2.913277566620207655e-25
1.948122018139512690e+01 2.904159832480759266e-25
1.963303781201774356e+01 2.895258019393883122e-25
1.978603856119007531e+01 2.886565507589767513e-25
1.994023164898425549e+01 2.878075911490628892e-25
2.009562636732463758e+01 2.869783071200888115e-25
2.025223208054777757e+01 2.861681046024629049e-25
2.041005822596676111e+01 2.853764104206650697e-25
2.056911431443985094e+01 2.846026716891590713e-25
2.072940993094369944e+01 2.838463550121277412e-25
2.089095473515089907e+01 2.831069457942464758e-25
2.105375846201209811e+01 2.823839474729863354e-25
2.121783092234269219e+01 2.816768810027376033e-25
2.138318200341397457e+01 2.809852840243395573e-25
2.154982166954898304e+01 2.803087104070334380e-25
2.171775996272300446e+01 2.796467295440690404e-25
2.188700700316866232e+01 2.789989258200210460e-25
2.205757298998579330e+01 2.783648980398797936e-25
2.222946820175610938e+01 2.777442589092042852e-25
2.240270299716252822e+01 2.771366344794613194e-25
2.257728781561344533e+01 2.765416636852755640e-25
2.275323317787184862e+01 2.759589978508037081e-25
2.293054968668926463e+01 2.753883002092853089e-25
2.310924802744472473e+01 2.748292454840516058e-25
2.328933896878871934e+01 2.742815194542813311e-25
2.347083336329205494e+01 2.737448184919390922e-25
2.365374214809989795e+01 2.732188492578671496e-25
2.383807634559089195e+01 2.727033282446328622e-25
2.402384706404131620e+01 2.721979814167062854e-25
2.421106549829451282e+01 2.717025438686548827e-25
2.439974293043556486e+01 2.712167594955958425e-25
2.458989073047107254e+01 2.707403806514601717e-25
2.478152035701439360e+01 2.702731678113749685e-25
2.497464335797616286e+01 2.698148893011456673e-25
2.516927137126014813e+01 2.693653209967274084e-25
2.536541612546457714e+01 2.689242460261707771e-25
2.556308944058897836e+01 2.684914545275215328e-25
2.576230322874638290e+01 2.680667433593962676e-25
2.596306949488122484e+01 2.676499158692780975e-25
2.616540033749279459e+01 2.672407816487440707e-25
2.636930794936425215e+01 2.668391563025993166e-25
2.657480461829742424e+01 2.664448612241009450e-25
2.678190272785330706e+01 2.660577233931981239e-25
2.699061475809826760e+01 2.656775751538898681e-25
2.720095328635613185e+01 2.653042540317187504e-25
2.741293098796615979e+01 2.649376025294564380e-25
2.762656063704679710e+01 2.645774679696183516e-25
2.784185510726555535e+01 2.642237022903099601e-25
2.805882737261472570e+01 2.638761619046236969e-25
2.827749050819322818e+01 2.635347075128274264e-25
2.849785769099460708e+01 2.631992039728959100e-25
2.871994220070099502e+01 2.628695201267186034e-25
2.894375742048341138e+01 2.625455286775713143e-25
2.916931683780831364e+01 2.622271060473102157e-25
2.939663404525025925e+01 2.619141322302765397e-25
2.962572274131109040e+01 2.616064906845670701e-25
2.985659673124544611e+01 2.613040681965445972e-25
3.008926992789260524e+01 2.610067547764608608e-25
3.032375635251500157e+01 2.607144435284073859e-25
3.056007013564306618e+01 2.604270305640381465e-25
3.079822551792681296e+01 2.601444148775393026e-25
3.103823685099403207e+01 2.598664982546997991e-25
3.128011859831505959e+01 2.595931851785631125e-25
3.152388533607441090e+01 2.593243827343596507e-25
3.176955175404921761e+01 2.590600005176933887e-25
3.201713265649436124e+01 2.587999505578722707e-25
3.226664296303464141e+01 2.585441472241914170e-25
3.251809770956392498e+01 2.582925071589226918e-25
3.277151204915110583e+01 2.580449491914499372e-25
3.302690125295332990e+01 2.578013942678098880e-25
3.328428071113629017e+01 2.575617653863712788e-25
3.354366593380158434e+01 2.573259875228733857e-25
3.380507255192139837e+01 2.570939875691688575e-25
3.406851631828053684e+01 2.568656942700492055e-25
3.433401310842558019e+01 2.566410381664838086e-25
3.460157892162165183e+01 2.564199515289938120e-25
3.487122988181658201e+01 2.562023683146559421e-25
3.514298223861248260e+01 2.559882241018153659e-25
3.541685236824501004e+01 2.557774560446369932e-25
3.569285677457028783e+01 2.555700028247398072e-25
3.597101209005933953e+01 2.553658046017599345e-25
3.625133507680045142e+01 2.551648029638789093e-25
3.653384262750932976e+01 2.549669408915498459e-25
3.681855176654698880e+01 2.547721627071248428e-25
3.710547965094568923e+01 2.545804140415404626e-25
3.739464357144293416e+01 2.543916417871535927e-25
3.768606095352331664e+01 2.542057940650938340e-25
3.797974935846865918e+01 2.540228201881429974e-25
3.827572648441636005e+01 2.538426706243806440e-25
3.857401016742574740e+01 2.536652969632481152e-25
3.887461838255303803e+01 2.534906518834208938e-25
3.917756924493453852e+01 2.533186891218788228e-25
3.948288101087822355e+01 2.531493634425782618e-25
3.979057207896390480e+01 2.529826306072098293e-25
4.010066099115206129e+01 2.528184473485004915e-25
4.041316643390103280e+01 2.526567713413739109e-25
4.072810723929327992e+01 2.524975611777480767e-25
4.104550238617008517e+01 2.523407763404637130e-25
4.136537100127531374e+01 2.521863771803120421e-25
4.168773236040807717e+01 2.520343248907165192e-25
4.201260588958419362e+01 2.518845814869966530e-25
4.234001116620692784e+01 2.517371097822767076e-25
4.266996792024676921e+01 2.515918733690385692e-25
4.300249603543031185e+01 2.514488365958322181e-25
4.333761555043851388e+01 2.513079645502677030e-25
4.367534666011432876e+01 2.511692230382588494e-25
4.401570971667955945e+01 2.510325785660839304e-25
4.435872523096138309e+01 2.508979983225870748e-25
4.470441387362842534e+01 2.507654501632299773e-25
4.505279647643626362e+01 2.506349025917832983e-25
4.540389403348287800e+01 2.505063247451490576e-25
4.575772770247383647e+01 2.503796863778060427e-25
4.611431880599715782e+01 2.502549578473213365e-25
4.647368883280831398e+01 2.501321100993827380e-25
4.683585943912525096e+01 2.500111146537805792e-25
4.720085244993330065e+01 2.498919435911781330e-25
4.756868986030042379e+01 2.497745695400534779e-25
4.793939383670277010e+01 2.496589656634347334e-25
4.831298671836032099e+01 2.495451056479878907e-25
4.868949101858314776e+01 2.494329636907640780e-25
4.906892942612816455e+01 2.493225144882248515e-25
4.945132480656627649e+01 2.492137332259445894e-25
4.983670020366032816e+01 2.491065955661726136e-25
5.022507884075386642e+01 2.490010776395861328e-25
5.061648412217044779e+01 2.488971560329141235e-25
5.101093963462410130e+01 2.487948077812124494e-25
5.140846914864078343e+01 2.486940103570441709e-25
5.180909661999065463e+01 2.485947416619730523e-25
5.221284619113180980e+01 2.484969800173841911e-25
5.261974219266517139e+01 2.484007041559274749e-25
5.302980914480057351e+01 2.483058932137466914e-25
5.344307175883443506e+01 2.482125267213832685e-25
5.385955493863902177e+01 2.481205845968076592e-25
5.427928378216299166e+01 2.480300471372363393e-25
5.470228358294394866e+01 2.479408950124741477e-25
5.512857983163273445e+01 2.478531092569539392e-25
5.555819821752935184e+01 2.477666712634072826e-25
5.599116463013128708e+01 2.476815627761309438e-25
5.642750516069339994e+01 2.475977658839642261e-25
5.686724610380037603e+01 2.475152630147805385e-25
5.731041395895132240e+01 2.474340369288030124e-25
5.775703543215650626e+01 2.473540707129768214e-25
5.820713743754681246e+01 2.472753477751094805e-25
5.866074709899567097e+01 2.471978518384182507e-25
5.911789175175346145e+01 2.471215669360540346e-25
5.957859894409484980e+01 2.470464774061638870e-25
6.004289643897896411e+01 2.469725678864272155e-25
6.051081221572227520e+01 2.468998233097404314e-25
6.098237447168475001e+01 2.468282288991734353e-25
6.145761162396918564e+01 2.467577701634601275e-25
6.193655231113346105e+01 2.466884328928865650e-25
6.241922539491645239e+01 2.466202031547312837e-25
6.290565996197736354e+01 2.465530672896265918e-25
6.339588532564837209e+01 2.464870119073126482e-25
6.388993102770116650e+01 2.464220238832702213e-25
6.438782684012728907e+01 2.463580903548608898e-25
6.488960276693207163e+01 2.462951987182550991e-25
6.539528904594276071e+01 2.462333366249694120e-25
6.590491615063088204e+01 2.461724919790402715e-25
6.641851479194833985e+01 2.461126529340371430e-25
6.693611592017829537e+01 2.460538078906240064e-25
6.745775072680027051e+01 2.459959454938453417e-25
6.798345064636970392e+01 2.459390546311829818e-25
6.851324735841228630e+01 2.458831244303091273e-25
6.904717278933314617e+01 2.458281442575621989e-25
6.958525911434054478e+01 2.457741037163186857e-25
7.012753875938497572e+01 2.457209926458893288e-25
7.067404440311324265e+01 2.456688011206183063e-25
7.122480897883757223e+01 2.456175194493359404e-25
7.177986567652027361e+01 2.455671381753710486e-25
7.233924794477398734e+01 2.455176480767795687e-25
7.290298949287712560e+01 2.454690401672134142e-25
7.347112429280528545e+01 2.454213056973971888e-25
7.404368658127866354e+01 2.453744361571505884e-25
7.462071086182491797e+01 2.453284232782352548e-25
7.520223190685867110e+01 2.452832590382135661e-25
7.578828475977674373e+01 2.452389356651029050e-25
7.637890473707000183e+01 2.451954456433856039e-25
7.697412743045173045e+01 2.451527817216032806e-25
7.757398870900217958e+01 2.451109369214156759e-25
7.817852472133024833e+01 2.450699045489138678e-25
7.878777189775192369e+01 2.450296782083694234e-25
7.940176695248545968e+01 2.449902518189877643e-25
8.002054688586392217e+01 2.449516196354496553e-25
8.064414898656497144e+01 2.449137762728470664e-25
8.127261083385778306e+01 2.448767167373756987e-25
8.190597029986767552e+01 2.448404364639628329e-25
8.254426555185850134e+01 2.448049313626573425e-25
8.318753505453241814e+01 2.447701978761615547e-25
8.383581757234797749e+01 2.447362330515717172e-25
8.448915217185621884e+01 2.447030346302589594e-25
8.514757822405468346e+01 2.446706011614794436e-25
8.581113540676001605e+01 2.446389321471001736e-25
8.647986370699926795e+01 2.446080282272548733e-25
8.715380342341917697e+01 2.445778914214085369e-25
8.783299516871490198e+01 2.445485254440966807e-25
8.851747987207740209e+01 2.445199361237030117e-25
8.920729878165977311e+01 2.444921319649124439e-25
8.990249346706292499e+01 2.444651249148617662e-25
9.060310582184085604e+01 2.444389314233892610e-25
9.130917806602495546e+01 2.444135739355767796e-25
9.202075274866830057e+01 2.443890830343285762e-25
9.273787275041000555e+01 2.443655005830932905e-25
9.346058128605885429e+01 2.443428844498843501e-25
9.418892190719775215e+01 2.443213158080601665e-25
9.492293850480828610e+01 2.443009107842578473e-25
9.566267531191542162e+01 2.442818397388681603e-25
9.640817690625316061e+01 2.442643605864749746e-25
9.715948821295106086e+01 2.442488794049977668e-25
9.791665450724114805e+01 2.442360677157266315e-25
9.867972141718647094e+01 2.442271074176348623e-25
9.944873492643085910e+01 2.442242542888486576e-25
1.002237413769696843e+02 2.442323102706041329e-25
1.010047874719425067e+02 2.442632109890139867e-25
1.017919202784478472e+02 2.443546410306797876e-25
1.025851872303792192e+02 2.446894621389154286e-25
1.033846361312837132e+02 2.480540612678294306e-25
1.041903151572423241e+02 2.497052740453825114e-25
1.050022728597737967e+02 2.444514863979471408e-25
1.058205581687600016e+02 2.441270138849305736e-25
1.066452203953943325e+02 2.440406112414445779e-25
1.074763092351537921e+02 2.440019079878241976e-25
1.083138747707935323e+02 2.439785045208013135e-25
1.091579674753644582e+02 2.439615077395622601e-25
1.100086382152555871e+02 2.439477631305502784e-25
1.108659382532589319e+02 2.439359543957186173e-25
1.117299192516584156e+02 2.439254670343439008e-25
1.126006332753437249e+02 2.439159897575099680e-25
1.134781327949475127e+02 2.439073549137427726e-25
1.143624706900070578e+02 2.438994679156914277e-25
1.152537002521514893e+02 2.438922735060819847e-25
1.161518751883129568e+02 2.438857385963650942e-25
1.170570496239626834e+02 2.438798430800888906e-25
1.179692781063733946e+02 2.438745747028924121e-25
1.188886156079060470e+02 2.438699260945126340e-25
1.198151175293222082e+02 2.438658929993946478e-25
1.207488397031233518e+02 2.438624731947793337e-25
1.216898383969149506e+02 2.438596658148448940e-25
1.226381703167970159e+02 2.438574709207540905e-25
1.235938926107819071e+02 2.438558892230767740e-25
1.245570628722379070e+02 2.438549219003730395e-25
1.255277391433594403e+02 2.438545704795835084e-25
1.265059799186655596e+02 2.438548367566629799e-25
1.274918441485245921e+02 2.438557227438239237e-25
1.284853912427061289e+02 2.438572306344718502e-25
1.294866810739619325e+02 2.438593627801305865e-25
1.304957739816336186e+02 2.438621216754427388e-25
1.315127307752884178e+02 2.438655099487146767e-25
1.325376127383843823e+02 2.438695303562367839e-25
1.335704816319631050e+02 2.438741857792352078e-25
1.346113996983710308e+02 2.438794792225899744e-25
1.356604296650112076e+02 2.438854138147860852e-25
1.367176347481229470e+02 2.438919928087227723e-25
1.377830786565907033e+02 2.438992195830709182e-25
1.388568255957844144e+02 2.439070976440491550e-25
1.399389402714279811e+02 2.439156306274278977e-25
1.410294878934981853e+02 2.439248223007534633e-25
1.421285341801552420e+02 2.439346765656252226e-25
1.432361453617025404e+02 2.439451974601493997e-25
1.443523881845774781e+02 2.439563891613624722e-25
1.454773299153745256e+02 2.439682559877561888e-25
1.466110383448984180e+02 2.439808024018681564e-25
1.477535817922487809e+02 2.439940330128724740e-25
1.489050291089381517e+02 2.440079525792996237e-25
1.500654496830406970e+02 2.440225660117900673e-25
1.512349134433729603e+02 2.440378783759844924e-25
1.524134908637090291e+02 2.440538948955236646e-25
1.536012529670268520e+02 2.440706209551982022e-25
1.547982713297877240e+02 2.440880621043219685e-25
1.560046180862505310e+02 2.441062240603069528e-25
1.572203659328182255e+02 2.441251127125506668e-25
1.584455881324181519e+02 2.441447341266838577e-25
1.596803585189179557e+02 2.441650945492233992e-25
1.609247515015744341e+02 2.441862004127936912e-25
1.621788420695170316e+02 2.442080583419765344e-25
1.634427057962678873e+02 2.442306751599843108e-25
1.647164188442954185e+02 2.442540578963372476e-25
1.660000579696035743e+02 2.442782137957851440e-25
1.672937005263582364e+02 2.443031503288171627e-25
1.685974244715482087e+02 2.443288752041622944e-25
1.699113083696825299e+02 2.443553963838673684e-25
1.712354313975259004e+02 2.443827221016230096e-25
1.725698733488695211e+02 2.444108608854189507e-25
1.739147146393390528e+02 2.444398215858114564e-25
1.752700363112416539e+02 2.444696134116893927e-25
1.766359200384491714e+02 2.445002459761463783e-25
1.780124481313194451e+02 2.445317293561250465e-25
1.793997035416574590e+02 2.445640741711667640e-25
1.807977698677136971e+02 2.445972916890522062e-25
1.822067313592213509e+02 2.446313939699232550e-25
1.836266729224743983e+02 2.446663940667262295e-25
1.850576801254436248e+02 2.447023063097179315e-25
1.864998392029326340e+02 2.447391467196459867e-25
1.879532370617755248e+02 2.447769336234409642e-25
1.894179612860732789e+02 2.448156885988487342e-25
1.908941001424721833e+02 2.448554379730510883e-25
1.923817425854821010e+02 2.448962152947210377e-25
1.938809782628381413e+02 2.449380656039974107e-25
1.953918975209024325e+02 2.449810532275587240e-25
1.969145914101080166e+02 2.450252770091429867e-25
1.984491516904466835e+02 2.450709027255208749e-25
1.999956708369982152e+02 2.451182402144651359e-25
2.015542420455023489e+02 2.451679570488338341e-25
2.031249592379760713e+02 2.452218182031349331e-25
2.047079170683730354e+02 2.452863835925731798e-25
2.063032109282868873e+02 2.454139278363667084e-25
2.079109369527008937e+02 2.471708271726236674e-25
2.095311920257806548e+02 2.453928191969321234e-25
2.111640737867118389e+02 2.454393487367567030e-25
2.128096806355852948e+02 2.454944246186797002e-25
2.144681117393262753e+02 2.455506114545430384e-25
2.161394670376696752e+02 2.456075512484129589e-25
2.178238472491838138e+02 2.456653290931867115e-25
2.195213538773393793e+02 2.457240424951709803e-25
2.212320892166253827e+02 2.457837660049202654e-25
2.229561563587150204e+02 2.458445553653178591e-25
2.246936591986774658e+02 2.459064537669584719e-25
2.264447024412380358e+02 2.459694962814317347e-25
2.282093916070892590e+02 2.460337127064760058e-25
2.299878330392489829e+02 2.460991293735843861e-25
2.317801339094681907e+02 2.461657703124250861e-25
2.335864022246906018e+02 2.462336580168987425e-25
2.354067468335608453e+02 2.463028139607895868e-25
2.372412774329828551e+02 2.463732589528517530e-25
2.390901045747320666e+02 2.464450133868005591e-25
2.409533396721166127e+02 2.465180974210745677e-25
2.428310950066905889e+02 2.465925311108886007e-25
2.447234837350216878e+02 2.466683345072180324e-25
2.466306198955096249e+02 2.467455277326806227e-25
2.485526184152573421e+02 2.468241310409935267e-25
2.504895951169983448e+02 2.469041648647632013e-25
2.524416667260755673e+02 2.469856498550014383e-25
2.544089508774746662e+02 2.470686069148450633e-25
2.563915661229143552e+02 2.471530572294167974e-25
2.583896319379898614e+02 2.472390222933919321e-25
2.604032687293719732e+02 2.473265239376530308e-25
2.624325978420643537e+02 2.474155843563330946e-25
2.644777415667152241e+02 2.475062261356778058e-25
2.665388231469862035e+02 2.475984722863624389e-25
2.686159667869804935e+02 2.476923462813891558e-25
2.707092976587269959e+02 2.477878721023672743e-25
2.728189419097225255e+02 2.478850742982843583e-25
2.749450266705351851e+02 2.479839780626771464e-25
2.770876800624648695e+02 2.480846093383043185e-25
2.792470312052630561e+02 2.481869949636233782e-25
2.814232102249154082e+02 2.482911628841109705e-25
2.836163482614826989e+02 2.483971424672133588e-25
2.858265774770025587e+02 2.485049649882036791e-25
2.880540310634554544e+02 2.486146644091907240e-25
2.902988432507903553e+02 2.487262786844006356e-25
2.925611493150125284e+02 2.488398520634806223e-25
2.948410855863375559e+02 2.489554394177722047e-25
2.971387894574056077e+02 2.490731150214698296e-25
2.994543993915602869e+02 2.491929922426783327e-25
3.017880549311942673e+02 2.493152740260485967e-25
3.041398967061576855e+02 2.494404096787223794e-25
3.065100664422314480e+02 2.495697552194703115e-25
3.088987069696701724e+02 2.497106346568263416e-25
3.113059622318079391e+02 2.510179039066687315e-25
3.137319772937320295e+02 2.499324421410469266e-25
3.161768983510263524e+02 2.500715352574556921e-25
3.186408727385806401e+02 2.502101836036174876e-25
3.211240489394681958e+02 2.503499180283911348e-25
3.236265765938954928e+02 2.504914040934210317e-25
3.261486065082187338e+02 2.506349254732153567e-25
3.286902906640310107e+02 2.507806323904513366e-25
3.312517822273226216e+02 2.509286203299825602e-25
3.338332355577101112e+02 2.510789593274673822e-25
3.364348062177374459e+02 2.512317064769269594e-25
3.390566509822522789e+02 2.513869118739189655e-25
3.416989278478527012e+02 2.515446216872015842e-25
3.443617960424069793e+02 2.517048798582023541e-25
3.470454160346512253e+02 2.518677290965636203e-25
3.497499495438582926e+02 2.520332114932478318e-25
3.524755595495823854e+02 2.522013689159855501e-25
3.552224103014823982e+02 2.523722432763635159e-25
3.579906673292189225e+02 2.525458767196038035e-25
3.607804974524281647e+02 2.527223117676814981e-25
3.635920687907769207e+02 2.529015914356655297e-25
3.664255507740929261e+02 2.530837593354830031e-25
3.692811141525733660e+02 2.532688597788672028e-25
3.721589310070772285e+02 2.534569378916470052e-25
3.750591747594938852e+02 2.536480397543256260e-25
3.779820201831925033e+02 2.538422125910170923e-25
3.809276434135567797e+02 2.540395050424481475e-25
3.838962219585976641e+02 2.542399675858126910e-25
3.868879347096493007e+02 2.544436532186568510e-25
3.899029619521515997e+02 2.546506186404561511e-25
3.929414853765134694e+02 2.548609264313794585e-25
3.960036880890602902e+02 2.550746493930241156e-25
3.990897546230708599e+02 2.552918800764247070e-25
4.021998709498963649e+02 2.555127545592367918e-25
4.053342244901661502e+02 2.557375235910839205e-25
4.084930041250843828e+02 2.559668354209850688e-25
4.116764002078110138e+02 2.562036701116655721e-25
4.148846045749318137e+02 2.566015556498891427e-25
4.181178105580209490e+02 2.566533408800587862e-25
4.213762129952903024e+02 2.569008057056155273e-25
4.246600082433295711e+02 2.571485920564908203e-25
4.279693941889414077e+02 2.573993053320054201e-25
4.313045702610652938e+02 2.576535653738068101e-25
4.346657374427940113e+02 2.579116225851393856e-25
4.380530982834878273e+02 2.581736194994884202e-25
4.414668569109793452e+02 2.584396582679066250e-25
4.449072190438729422e+02 2.587098234926974428e-25
4.483743920039445356e+02 2.589841914505891551e-25
4.518685847286337207e+02 2.592628343234919569e-25
4.553900077836335072e+02 2.595458641867814806e-25
4.589388733755817498e+02 2.598333144278548412e-25
4.625153953648480751e+02 2.601252489126084331e-25
4.661197892784197165e+02 2.604217374085156155e-25
4.697522723228924519e+02 2.607228504050810813e-25
4.734130633975585738e+02 2.610286594027163440e-25
4.771023831075963244e+02 2.613393535827284917e-25
4.808204537773672200e+02 2.616549713208542215e-25
4.845674994638119415e+02 2.619755101611310740e-25
4.883437459699508736e+02 2.623010499951625073e-25
4.921494208584945795e+02 2.626316755298953440e-25
4.959847534655552863e+02 2.629674796167059598e-25
4.998499749144658608e+02 2.633085706872268731e-25
5.037453181297104834e+02 2.636550918556000521e-25
5.076710178509595153e+02 2.640072807646650407e-25
5.116273106472139034e+02 2.643657275832091933e-25
5.156144349310642383e+02 2.647335275115419497e-25
5.196326309730563935e+02 2.650793262998021639e-25
5.236821409161686915e+02 2.654589719834757955e-25
5.277632087904075888e+02 2.658413834285990662e-25
5.318760805275113626e+02 2.662278242802126105e-25
5.360210039757685081e+02 2.666196805949612807e-25
5.401982289149573262e+02 2.670173450650774308e-25
5.444080070713953319e+02 2.674210159313573767e-25
5.486505921331101945e+02 2.678308326876396053e-25
5.529262397651248193e+02 2.682469127350897342e-25
5.572352076248678259e+02 2.686693642040678756e-25
5.615777553776983950e+02 2.690982912871165960e-25
5.659541447125526474e+02 2.695337967753687903e-25
5.703646393577165554e+02 2.699761091223218169e-25
5.748095050967175439e+02 2.704252497028712154e-25
5.792890097843385320e+02 2.708812808894055173e-25
5.838034233627633967e+02 2.713443100141117269e-25
5.883530178778419213e+02 2.718144476504250487e-25
5.929380674954823007e+02 2.722918093608435199e-25
5.975588485181762053e+02 2.727765192457824651e-25
6.022156394016473087e+02 2.732687182722559931e-25
6.069087207716299872e+02 2.737685874977492484e-25
6.116383754407836477e+02 2.742764310838360964e-25
6.164048884257337022e+02 2.747931347240213595e-25
6.212085469642455564e+02 2.753289189516450701e-25
6.260496405325370688e+02 2.758339642848293717e-25
6.309284608627218631e+02 2.763776663579883529e-25
6.358453019603869052e+02 2.769259380674713290e-25
6.408004601223141208e+02 2.774818679249647315e-25
6.457942339543335493e+02 2.780460177053250522e-25
6.508269243893156499e+02 2.786186433950491840e-25
6.558988347053104917e+02 2.791999253793789092e-25
6.610102705438212070e+02 2.797900190338342618e-25
6.661615399282209182e+02 2.803890704554914907e-25
6.713529532823184809e+02 2.809972225697700226e-25
6.765848234490631512e+02 2.816146179879671631e-25
6.818574657093947735e+02 2.822414006878108051e-25
6.871711978012478994e+02 2.828777174103661298e-25
6.925263399386961964e+02 2.835237194354644841e-25
6.979232148312477193e+02 2.841795657778010725e-25
7.033621477032955909e+02 2.848454304947713336e-25
7.088434663137147709e+02 2.855218207092150770e-25
7.143675009756112786e+02 2.862094470214715990e-25
7.199345845762311455e+02 2.869085197007527804e-25
7.255450525970192075e+02 2.876344932494726045e-25
7.311992431338331926e+02 2.883261626062547161e-25
7.368974969173224281e+02 2.890587526838510240e-25
7.426401573334585464e+02 2.898002578622780502e-25
7.484275704442266033e+02 2.905525255654732868e-25
7.542600850084832018e+02 2.913160069217616498e-25
7.601380525029715045e+02 2.920909612437136956e-25
7.660618271434990447e+02 2.928775991680833991e-25
7.720317659062886833e+02 2.936761159548574092e-25
7.780482285494875896e+02 2.944867023540486119e-25
7.841115776348444797e+02 2.953095492401449642e-25
7.902221785495635231e+02 2.961448504310367375e-25
7.963803995283201402e+02 2.969928056271653324e-25
8.025866116754493760e+02 2.978536256328983715e-25
8.088411889873140126e+02 2.987275456141634721e-25
8.151445083748395746e+02 2.996148704245299780e-25
8.214969496862253209e+02 3.005162117287686397e-25
8.278988957298396372e+02 3.014361791009859908e-25
8.343507322972856173e+02 3.023495025429228603e-25
8.408528481866477478e+02 3.032949972117369507e-25
8.474056352259257210e+02 3.042518796141546007e-25
8.540094882966449177e+02 3.052227560518836756e-25
8.606648053576492430e+02 3.062081567176590118e-25
8.673719874690885945e+02 3.072083951484584977e-25
8.741314388165844775e+02 3.082237358991947441e-25
8.809435667355842270e+02 3.092544300982445809e-25
8.878087817359131577e+02 3.103007268188486876e-25
8.947274975265096373e+02 3.113628785692766923e-25
9.017001310403536536e+02 3.124411464109101989e-25
9.087271024595964946e+02 3.135358097107406678e-25
9.158088352408796027e+02 3.146471959481844736e-25
9.229457561408497668e+02 3.157758208152297154e-25
9.301382952418814511e+02 3.169239494192292479e-25
9.373868859779920513e+02 3.180743632241878728e-25
9.446919651609578068e+02 3.192594054677862441e-25
9.520539730066429911e+02 3.204582301393273801e-25
9.594733531615247557e+02 3.216747593951962441e-25
9.669505527294256808e+02 3.229096210066721575e-25
9.744860222984621032e+02 3.241631968429093986e-25
9.820802159681948069e+02 3.254358196507519050e-25
9.897335913769907165e+02 3.267278113715641128e-25
9.974466097296069620e+02 3.280394957193223729e-25
1.005219735824979466e+03 3.293712064017720978e-25
1.013053438084235040e+03 3.307233010422962898e-25
1.020948188578914824e+03 3.320962078133331424e-25
1.028904463059428053e+03 3.334907067313426670e-25
1.036922740983718768e+03 3.349182783002079030e-25
1.045003505546155566e+03 3.363369078059888778e-25
1.053147243706655672e+03 3.377970188957498056e-25
1.061354446220027512e+03 3.392783515977857708e-25
1.069625607665539974e+03 3.407821678999120639e-25
1.077961226476733827e+03 3.423089967489672526e-25
1.086361804971455058e+03 3.438592697695077335e-25
1.094827849382121485e+03 3.454334002337092386e-25
1.103359869886236311e+03 3.470318042515287996e-25
1.111958380637128130e+03 3.486549145176987018e-25
1.120623899794932186e+03 3.503032093649067665e-25
1.129356949557821736e+03 3.519773506069369319e-25
1.138158056193473385e+03 3.536801527558053337e-25
1.147027750070777074e+03 3.553971901221060436e-25
1.155966565691804135e+03 3.571523316052255478e-25
1.164975041724014091e+03 3.589327621309129135e-25
1.174053721032711564e+03 3.607406186626361159e-25
1.183203150713767400e+03 3.625765831608240955e-25
1.192423882126584203e+03 3.644412037292435404e-25
1.201716470927318369e+03 3.663350084982661415e-25
1.211081477102371991e+03 3.682585343405646771e-25
1.220519465002135348e+03 3.702123518056916974e-25
1.230031003374991315e+03 3.721971499440422182e-25
1.239616665401596720e+03 3.742145665127673233e-25
1.249277028729419499e+03 3.762534874492085443e-25
1.259012675507545055e+03 3.783375927205992965e-25
1.268824192421763883e+03 3.804511117030665230e-25
1.278712170729924765e+03 3.825978599485869490e-25
1.288677206297558541e+03 3.847787046487177239e-25
1.298719899633795194e+03 3.869943402797983092e-25
1.308840855927546954e+03 3.892454424859469420e-25
1.319040685083974950e+03 3.915327067580744620e-25
1.329320001761249159e+03 3.938569002147721589e-25
1.339679425407587132e+03 3.962191776703976631e-25
1.350119580298576466e+03 3.985627646383759549e-25
1.360641095574804922e+03 4.010536716077519494e-25
1.371244605279767711e+03 4.035325922986203871e-25
1.381930748398072865e+03 4.060513675926520075e-25
1.392700168893955606e+03 4.086111908435522273e-25
1.403553515750080123e+03 4.112129531226391016e-25
1.414491443006643976e+03 4.138575196520262029e-25
1.425514609800801281e+03 4.165457879187148163e-25
1.436623680406377389e+03 4.192787862144053591e-25
1.447819324273896427e+03 4.220587812455244618e-25
1.459102216070931036e+03 4.248766494745382502e-25
1.470473035722754730e+03 4.277503840539759077e-25
1.481932468453311458e+03 4.306705210886401275e-25
1.493481204826516205e+03 4.336396057117967922e-25
1.505119940787866653e+03 4.366588302304583176e-25
1.516849377706375208e+03 4.397293033074241124e-25
1.528670222416845718e+03 4.428521642006433221e-25
1.540583187262463071e+03 4.460287034585382906e-25
1.552588990137714973e+03 4.492619597147539593e-25
1.564688354531663890e+03 4.525422429939224307e-25
1.576882009571540493e+03 4.558871730725061244e-25
1.589170690066676798e+03 4.592891024038199051e-25
1.601555136552796966e+03 4.627503258998748363e-25
1.614036095336638937e+03 4.662723082721084293e-25
1.626614318540922113e+03 4.698564802438433808e-25
1.639290564149681586e+03 4.735043633185268604e-25
1.652065596053941363e+03 4.772180760586539975e-25
1.664940184097741849e+03 4.809903163979813887e-25
1.677915104124541813e+03 4.848413511954234127e-25
1.690991138023968006e+03 4.887586502521763892e-25
1.704169073778926304e+03 4.927469719229385833e-25
1.717449705513098706e+03 4.968082344134190139e-25
1.730833833538792760e+03 5.009442806295413503e-25
1.744322264405163878e+03 5.051570730902804005e-25
1.757915810946830561e+03 5.094495795514301812e-25
1.771615292332851595e+03 5.138156341725327257e-25
1.785421534116085240e+03 5.182712305154619974e-25
1.799335368282948593e+03 5.228097950067941905e-25
1.813357633303549846e+03 5.274348196473446008e-25
1.827489174182209808e+03 5.321487013638974430e-25
1.841730842508394517e+03 5.369538646186784638e-25
1.856083496508025974e+03 5.418531147271101909e-25
1.870548001095203745e+03 5.468346327538862712e-25
1.885125227924318551e+03 5.519384542385462366e-25
1.899816055442591278e+03 5.571335923786698346e-25
1.914621368943003745e+03 5.624325267925185307e-25
1.929542060617641937e+03 5.678384187176955687e-25
1.944579029611473061e+03 5.733543938655020306e-25
1.959733182076522326e+03 5.789839935902018335e-25
1.975005431226475366e+03 5.847193921627868095e-25
1.990396697391719727e+03 5.905917103978073615e-25
2.005907908074800844e+03 5.965803749169549935e-25
2.021539998006308224e+03 6.026956319771259966e-25
2.037293909201216138e+03 6.089415369161091730e-25
2.053170591015644732e+03 6.153222176132990972e-25
2.069171000204064057e+03 6.218429894354385353e-25
2.085296100976960588e+03 6.285005068574941492e-25
2.101546865058938693e+03 6.353115547475323492e-25
2.117924271747268904e+03 6.422738207556555124e-25
2.134429307970916398e+03 6.493932833785381489e-25
2.151062968350008305e+03 6.566749346606995892e-25
2.167826255255764409e+03 6.641246028939796058e-25
2.184720178870914424e+03 6.717404133003115556e-25
2.201745757250567294e+03 6.795445299371638016e-25
2.218904016383554790e+03 6.875302589039854067e-25
2.236195990254269873e+03 6.957068914308941758e-25
2.253622720904973448e+03 7.040812810527051139e-25
2.271185258498579060e+03 7.126608636090324338e-25
2.288884661381954174e+03 7.214457089657926465e-25
2.306721996149688039e+03 7.304590353324594467e-25
2.324698337708362033e+03 7.396966497180080997e-25
2.342814769341337978e+03 7.491696100159781068e-25
2.361072382774031212e+03 7.588868372622300670e-25
2.379472278239693878e+03 7.688584925662577825e-25
2.398015564545729376e+03 7.790869468694350312e-25
2.416703359140505199e+03 7.895935516549863152e-25
2.435536788180683743e+03 8.003819965853027670e-25
2.454516986599102438e+03 8.114640155649660747e-25
2.473645098173158203e+03 8.228512725636804880e-25
2.492922275593724407e+03 8.345312669704367513e-25
2.512349680534632625e+03 8.465847220288420467e-25
2.531928483722665987e+03 8.589591537737479739e-25
2.551659865008103225e+03 8.716882782884923616e-25
2.571545013435832971e+03 8.847862986311839272e-25
2.591585127317000570e+03 8.982710382190880640e-25
2.611781414301211498e+03 9.121431285777085234e-25
2.632135091449321862e+03 9.264353307975699142e-25
2.652647385306774140e+03 9.411557411664065347e-25
2.673319531977500901e+03 9.563209628302506334e-25
2.694152777198432432e+03 9.719499492470417411e-25
2.715148376414555969e+03 9.880478335029965860e-25
2.736307594854566105e+03 1.004646035584110715e-24
2.757631707607123190e+03 1.021754204949363663e-24
2.779121999697685624e+03 1.039389163609294562e-24
2.800779766165938327e+03 1.057573373655486095e-24
2.822606312143850573e+03 1.076297122948948834e-24
2.844602952934317727e+03 1.095601383760135972e-24
2.866771014090414610e+03 1.115486941669051020e-24
2.889111831495292336e+03 1.135963645106503105e-24
2.911626751442673140e+03 1.157029333639879412e-24
2.934317130717970031e+03 1.178705153976499583e-24
2.957184336680067190e+03 1.200972028171423569e-24
2.980229747343711097e+03 1.223824501667289068e-24
3.003454751462540571e+03 1.247247155695010165e-24
3.026860748612797124e+03 1.271203373059278236e-24
3.050449149277652850e+03 1.295667572158588463e-24
3.074221374932201797e+03 1.320580377213119527e-24
3.098178858129137552e+03 1.345873415167755027e-24
3.122323042585072017e+03 1.371450894452424756e-24
3.146655383267527668e+03 1.397215128107320978e-24
3.171177346482633311e+03 1.423018084713099265e-24
3.195890409963478305e+03 1.448695267965713858e-24
3.220796062959153005e+03 1.474031548390474305e-24
3.245895806324512705e+03 1.498836050135647254e-24
3.271191152610610516e+03 1.522798471738591547e-24
3.296683626155838283e+03 1.545623871385245656e-24
3.322374763177804653e+03 1.567091925115991084e-24
3.348266111865900257e+03 1.586462046035706545e-24
3.374359232474582768e+03 1.603710763649810533e-24
3.400655697417423198e+03 1.618305888197563621e-24
3.427157091361845232e+03 1.629802289366854478e-24
3.453865011324629904e+03 1.637934982011077234e-24
3.480781066768138317e+03 1.642245852134829706e-24
3.507906879697322438e+03 1.642491965636957324e-24
3.535244084757458495e+03 1.638467923053941380e-24
3.562794329332642974e+03 1.630095193244050810e-24
3.590559273645089434e+03 1.617372230198779287e-24
3.618540590855162463e+03 1.600434896160391091e-24
3.646739967162196990e+03 1.579522566011688298e-24
3.675159101906131582e+03 1.554993320989500203e-24
3.703799707669903000e+03 1.527274686832479174e-24
3.732663510382638378e+03 1.496868576046260185e-24
3.761752249423684134e+03 1.464299245847628834e-24
3.791067677727412502e+03 1.430135147020921179e-24
3.820611561888846154e+03 1.394916711962132602e-24
3.850385682270137295e+03 1.359161975906969701e-24
3.880391833107845287e+03 1.323364394156237891e-24
3.910631822621046013e+03 1.287953437616479229e-24
3.941107473120324357e+03 1.253317456200018194e-24
3.971820621117577048e+03 1.219773181071757215e-24
4.002773117436670418e+03 1.187609938601934534e-24
4.033966827324999485e+03 1.157046770125627081e-24
4.065403630565878302e+03 1.128257717924895558e-24
4.097085421591806153e+03 1.101383577561084962e-24
4.129014109598654613e+03 1.076518827663613503e-24
4.161191618660706808e+03 1.053725852677849188e-24
4.193619887846588426e+03 1.033048525481011491e-24
4.226300871336150522e+03 1.014494568289402245e-24
4.259236538538216337e+03 9.980509718526010000e-25
4.292428874209245805e+03 9.837125920456012904e-25
4.325879878572969574e+03 9.714235569324124031e-25
4.359591567440910694e+03 9.611500523928200267e-25
4.393565972333847640e+03 9.528009120903691040e-25
4.427805140604265034e+03 9.463444679875653026e-25
4.462311135559713875e+03 9.417031224477236748e-25
4.497086036587142189e+03 9.387868917309075088e-25
4.532131939278221580e+03 9.375368033957980189e-25
4.567450955555624205e+03 9.378820372711369657e-25
4.603045213800271085e+03 9.397083451314494226e-25
4.638916858979625431e+03 9.429797236973576811e-25
4.675068052776933655e+03 9.476049851743742606e-25
4.711500973721477749e+03 9.535271899413218046e-25
4.748217817319889036e+03 9.606676368574967094e-25
4.785220796188435088e+03 9.689647440026999078e-25
4.822512140186340730e+03 9.783642440322829170e-25
4.860094096550195900e+03 9.888078705589769645e-25
4.897968930029359399e+03 1.000243920076351829e-24
4.936138923022424024e+03 1.012629577438396148e-24
4.974606375714784917e+03 1.025921718561563785e-24
5.013373606217240194e+03 1.040079150702836207e-24
5.052442950705666590e+03 1.055073197097632620e-24
5.091816763561832886e+03 1.070868718966382965e-24
5.131497417515263805e+03 1.087449169113891823e-24
5.171487303786206212e+03 1.104784915413601178e-24
5.211788832229764921e+03 1.122857973592908068e-24
5.252404431481100801e+03 1.141656961295778158e-24
5.293336549101775745e+03 1.161175412840493656e-24
5.334587651727275443e+03 1.181383537383515997e-24
5.376160225215634455e+03 1.202299476306200709e-24
5.418056774797226353e+03 1.223911414619457066e-24
5.460279825225763489e+03 1.246224023662093542e-24
5.502831920930424531e+03 1.269169640575011603e-24
5.545715626169172538e+03 1.292964099912240063e-24
5.588933525183312668e+03 1.317410914820673675e-24
5.632488222353206766e+03 1.342589965711504346e-24
5.676382342355199398e+03 1.368521670583122997e-24
5.720618530319820820e+03 1.395222140045292242e-24
5.765199451991168644e+03 1.422720157371011761e-24
5.810127793887530970e+03 1.451042558525179999e-24
5.855406263463321011e+03 1.480211268629296078e-24
5.901037589272206787e+03 1.510274377282296816e-24
5.947024521131527763e+03 1.541265936514077559e-24
5.993369830288033882e+03 1.573236195332160081e-24
6.040076309584871524e+03 1.606233581436249112e-24
6.087146773629861855e+03 1.640320976916268583e-24
6.134584058965156146e+03 1.675560084299196819e-24
6.182391024238146201e+03 1.712032402651143432e-24
6.230570550373715378e+03 1.749806083287989935e-24
6.279125540747884770e+03 1.789013967224871494e-24
6.328058921362751789e+03 1.829734258606645939e-24
6.377373641022825723e+03 1.872093251241286605e-24
6.427072671512701163e+03 1.916245473559462858e-24
6.477159007776187536e+03 1.962345661184300914e-24
6.527635668096761037e+03 2.010589047069576072e-24
6.578505694279438103e+03 2.061186842602622571e-24
6.629772151834115903e+03 2.114397087088057541e-24
6.681438130160286164e+03 2.170507675733243832e-24
6.733506742733188730e+03 2.229867210806105633e-24
6.785981127291471239e+03 2.292872003725949334e-24
6.838864446026256701e+03 2.360000612809933007e-24
6.892159885771680820e+03 2.431803301883162537e-24
6.945870658196978184e+03 2.508942997321766936e-24
7.000000000000001819e+03 2.592183025101150695e-24
