3.000000000000000000e+00 2.390865300041838102e-21
3.023379074186677951e+00 2.069606685531238651e-21
3.046940342076630781e+00 1.802189853952022036e-21
3.070685223509894257e+00 1.577414196363680302e-21
3.094615149391351849e+00 1.386893338193940841e-21
3.118731561776963979e+00 1.224230228876971750e-21
3.143035913960669614e+00 1.084465833148611427e-21
3.167529670561962885e+00 9.637011297662692821e-22
3.192214307614152702e+00 8.588320491985860126e-22
3.217091312653314272e+00 7.673598739428349007e-22
3.242162184807927616e+00 6.872531929228953007e-22
3.267428434889215527e+00 6.168457823329534068e-22
3.292891585482193850e+00 5.547599734003569803e-22
3.318553171037419425e+00 4.998483951528468302e-22
3.344414737963458339e+00 4.511491604774305388e-22
3.370477844720079830e+00 4.078510197560415592e-22
3.396744061912168711e+00 3.692659961040757220e-22
3.423214972384368782e+00 3.348076998263030279e-22
3.449892171316475409e+00 3.039739988824673346e-22
3.476777266319557746e+00 2.763330627052060342e-22
3.503871877532837242e+00 2.515120417324111551e-22
3.531177637721321538e+00 2.291878234104394292e-22
3.558696192374196876e+00 2.090794367872043089e-22
3.586429199803984336e+00 1.909417753997143148e-22
3.614378331246479004e+00 1.745603814628466716e-22
3.642545270961456083e+00 1.597470899290238286e-22
3.670931716334169703e+00 1.463363732790319356e-22
3.699539377977637766e+00 1.341822606249473976e-22
3.728369979835728820e+00 1.231557299372549188e-22
3.757425259287050068e+00 1.131424920091676078e-22
3.786706967249639177e+00 1.040411002636425803e-22
3.816216868286484765e+00 9.576133283195923612e-23
3.845956740711859112e+00 8.822280305407270888e-23
3.875928376698477340e+00 8.135376241164835162e-23
3.906133582385504788e+00 7.509006617327137615e-23
3.936574177987393064e+00 6.937427711578132094e-23
3.967251997903568306e+00 6.415488685641868693e-23
3.998168890828979194e+00 5.938563759982683956e-23
4.029326719865498063e+00 5.502493000497648329e-23
4.060727362634198201e+00 5.103530506940673666e-23
4.092372711388496676e+00 4.738298975902396370e-23
4.124264673128191561e+00 4.403749783847347061e-23
4.156405169714378012e+00 4.097127845714805501e-23
4.188796137985258738e+00 3.815940627046138801e-23
4.221439529872867524e+00 3.557930772672549541e-23
4.254337312520692471e+00 3.321051890257090710e-23
4.287491468402215844e+00 3.103447096702891149e-23
4.320903995440390055e+00 2.903680262152521183e-23
4.354576907128027585e+00 2.720128713406815334e-23
4.388512232649141254e+00 2.551249065042415998e-23
4.422712017001222407e+00 2.395770812471854651e-23
4.457178321118484554e+00 2.252536513416612028e-23
4.491913221996044037e+00 2.120491125730333499e-23
4.526918812815098114e+00 1.998672469021147712e-23
4.562197203069056073e+00 1.886202688283313495e-23
4.597750518690657096e+00 1.782280598180367197e-23
4.633580902180091776e+00 1.686174803057154798e-23
4.669690512734105958e+00 1.597217510025413014e-23
4.706081526376117985e+00 1.514798945071603525e-23
4.742756136087351138e+00 1.438362312038834603e-23
4.779716551938987479e+00 1.367399224438796394e-23
4.816965001225343990e+00 1.301445559721597140e-23
4.854503728598102974e+00 1.240077691125784510e-23
4.892334996201570085e+00 1.182909047838138368e-23
4.930461083808994616e+00 1.129586976616168248e-23
4.968884288959960038e+00 1.079789868411165707e-23
5.007606927098831484e+00 1.033224522799787532e-23
5.046631331714285906e+00 9.896237311914752338e-24
5.085959854479939146e+00 9.487440545953645101e-24
5.125594865396055688e+00 9.103637791252905537e-24
5.165538752932373079e+00 8.742810374197372154e-24
5.205793924172026799e+00 8.403120772010164546e-24
5.246362804956618220e+00 8.082896708921218458e-24
5.287247840032386570e+00 7.780616515934393089e-24
5.328451493197543520e+00 7.494895686649140915e-24
5.369976247450735762e+00 7.224474511465197536e-24
5.411824605140684419e+00 6.968206758999759260e-24
5.453999088116976424e+00 6.725049307737771295e-24
5.496502237882029185e+00 6.494052615529836661e-24
5.539336615744256065e+00 6.274352063094414366e-24
5.582504802972412250e+00 6.065160009828050008e-24
5.626009400951136996e+00 5.865758570406525459e-24
5.669853031337731331e+00 5.675493041825602296e-24
5.714038336220133019e+00 5.493765902732794478e-24
5.758567978276136756e+00 5.320031392248655971e-24
5.803444640933850707e+00 5.153790567742569368e-24
5.848671028533408034e+00 4.994586842105368216e-24
5.894249866489925438e+00 4.841183485213165350e-24
5.940183901457753102e+00 4.691843123037004373e-24
5.986475901495984075e+00 4.548621214900952339e-24
6.033128656235260401e+00 4.411182394053884690e-24
6.080144977045891963e+00 4.279217144918539763e-24
6.127527697207263202e+00 4.152439410672457031e-24
6.175279672078572979e+00 4.030584429279143924e-24
6.223403779270908487e+00 3.913406767281431606e-24
6.271902918820651429e+00 3.800678580371408838e-24
6.320780013364233341e+00 3.692187997338838178e-24
6.370038008314270250e+00 3.587737709044270155e-24
6.419679872037050039e+00 3.487143640608674073e-24
6.469708596031408021e+00 3.390233814548824667e-24
6.520127195109008511e+00 3.296847276275316997e-24
6.570938707576019056e+00 3.206833146394507876e-24
6.622146195416195980e+00 3.120049764051760441e-24
6.673752744475415000e+00 3.035480266881079997e-24
6.725761464647628252e+00 2.953461928554557569e-24
6.778175490062257502e+00 2.874354891916531967e-24
6.830997979273086607e+00 2.798046340916803127e-24
6.884232115448578604e+00 2.724429450742073945e-24
6.937881106563702716e+00 2.653402921406393685e-24
6.991948185593272136e+00 2.584870566362918795e-24
7.046436610706736658e+00 2.518740923372189537e-24
7.101349665464545602e+00 2.454926912435633695e-24
7.156690659016025080e+00 2.393345515190639672e-24
7.212462926298772281e+00 2.333917492826162891e-24
7.268669828239636921e+00 2.276567134088807768e-24
7.325314751957265003e+00 2.221222005111889840e-24
7.382401110966188895e+00 2.167812736038036775e-24
7.439932345382551659e+00 2.116272836713651349e-24
7.497911922131407003e+00 2.066538499085324216e-24
7.556343335155633945e+00 2.018548446069629628e-24
7.615230105626504375e+00 1.972243771748792961e-24
7.674575782155860004e+00 1.927567810684377081e-24
7.734383941009959962e+00 1.884466002769579015e-24
7.794658186324999072e+00 1.842885780103220516e-24
7.855402150324295896e+00 1.802776462805710565e-24
7.916619493537168317e+00 1.764089155072953278e-24
7.978313905019535746e+00 1.726776650735370356e-24
8.040489102576222180e+00 1.690793356814782356e-24
8.103148832984988559e+00 1.656095206433916341e-24
8.166296872222336134e+00 1.622639593406647756e-24
8.229937025691045349e+00 1.590385299246783497e-24
8.294073128449483079e+00 1.559292431230133152e-24
8.358709045442731522e+00 1.529322367871573261e-24
8.423848671735486349e+00 1.500437700722673385e-24
8.489495932746768503e+00 1.472602186927547120e-24
8.555654784486495856e+00 1.445780698606464285e-24
8.622329213793868519e+00 1.419939184554615450e-24
8.689523238577617548e+00 1.395044624725698567e-24
8.757240908058138373e+00 1.371064991396699575e-24
8.825486303011505385e+00 1.347969220814501587e-24
8.894263536015376559e+00 1.325727171697641263e-24
8.963576751696830769e+00 1.304309599041569008e-24
9.033430126982132435e+00 1.283688124241515336e-24
9.103827871348423528e+00 1.263835207629252145e-24
9.174774227077424626e+00 1.244724123612701189e-24
9.246273469511047338e+00 1.226328935146817385e-24
9.318329907309045979e+00 1.208624473590200812e-24
9.390947882708687189e+00 1.191586315474092234e-24
9.464131771786378877e+00 1.175190764406709840e-24
9.537885984721404142e+00 1.159414831863799581e-24
9.612214966061698007e+00 1.144236218292684700e-24
9.687123194991649200e+00 1.129633296504766199e-24
9.762615185602044221e+00 1.115585097859733677e-24
9.838695487162103959e+00 1.102071292051022437e-24
9.915368684393603971e+00 1.089072176806729658e-24
9.992639397747167251e+00 1.076568661406963008e-24
1.007051228368071882e+01 1.065028314186458676e-24
1.014899203494005953e+01 1.053957386612835027e-24
1.022808338084167801e+01 1.043287717029778882e-24
1.030779108755775475e+01 1.033004666212637602e-24
1.038811995840335101e+01 1.023094067549586184e-24
1.046907483412588746e+01 1.013542217676354848e-24
1.055066059319685934e+01 1.004335863590897289e-24
1.063288215210579679e+01 9.954621897923933061e-25
1.071574446565655414e+01 9.869088104646951615e-25
1.079925252726591012e+01 9.786637573447935165e-25
1.088341136926445074e+01 9.707154669849281196e-25
1.096822606319983606e+01 9.630527729248047020e-25
1.105370172014243657e+01 9.556648940484593489e-25
1.113984349099330551e+01 9.485414244360420165e-25
1.122665656679461144e+01 9.416723218224482248e-25
1.131414617904242803e+01 9.350479013354516510e-25
1.140231760000200723e+01 9.286588203721416845e-25
1.149117614302551083e+01 9.224960738970848791e-25
1.158072716287217041e+01 9.165509815834901281e-25
1.167097605603098742e+01 9.108151789244506241e-25
1.176192826104595213e+01 9.052806093738624825e-25
1.185358925884374592e+01 8.999395131744132901e-25
1.194596457306404602e+01 8.947844193364039153e-25
1.203905977039241115e+01 8.898081370412207505e-25
1.213288046089569505e+01 8.850037450044539214e-25
1.222743229836014933e+01 8.803645859067925987e-25
1.232272098063213228e+01 8.758842550513301135e-25
1.241875224996144311e+01 8.715565935202705962e-25
1.251553189334737759e+01 8.673756800848846335e-25
1.261306574288748017e+01 8.633358228854168242e-25
1.271135967612895179e+01 8.594315507126508085e-25
1.281041961642286786e+01 8.556576075151615708e-25
1.291025153328114428e+01 8.520089430294249898e-25
1.301086144273622835e+01 8.484807065882771363e-25
1.311225540770366216e+01 8.450682393033008480e-25
1.321443953834745422e+01 8.417670678140761119e-25
1.331741999244825436e+01 8.385728970888737286e-25
1.342120297577444710e+01 8.354816040033860963e-25
1.352579474245614577e+01 8.324892306892062019e-25
1.363120159536203424e+01 8.295919791639396542e-25
1.373742988647920527e+01 8.267862043874531161e-25
1.384448601729596717e+01 8.240684090671657610e-25
1.395237643918756554e+01 8.214352376057053767e-25
1.406110765380496730e+01 8.188834705610778031e-25
1.417068621346669133e+01 8.164100198944799404e-25
1.428111872155361617e+01 8.140119232660581180e-25
1.439241183290693016e+01 8.116863395324052868e-25
1.450457225422918128e+01 8.094305431393538751e-25
1.461760674448840014e+01 8.072419206147623030e-25
1.473152211532542033e+01 8.051179652607779730e-25
1.484632523146438210e+01 8.030562731324132397e-25
1.496202301112636057e+01 8.010545387812983825e-25
1.507862242644633000e+01 7.991105511253750236e-25
1.519613050389326148e+01 7.972221902186516105e-25
1.531455432469357625e+01 7.953874225620042796e-25
1.543390102525788343e+01 7.936042981845373403e-25
1.555417779761100050e+01 7.918709471272999324e-25
1.567539188982537013e+01 7.901855756452534007e-25
1.579755060645786280e+01 7.885464637587121545e-25
1.592066130898992427e+01 7.869519615746758816e-25
1.604473141627120114e+01 7.854004866563628406e-25
1.616976840496664281e+01 7.838905209651234707e-25
1.629577981000701570e+01 7.824206083827346849e-25
1.642277322504298454e+01 7.809893520326004159e-25
1.655075630290274091e+01 7.795954115716454347e-25
1.667973675605313844e+01 7.782375010870329717e-25
1.680972235706447293e+01 7.769143865431605149e-25
1.694072093907889709e+01 7.756248838231577434e-25
1.707274039628241269e+01 7.743678562909210707e-25
1.720578868438059672e+01 7.731422131165846564e-25
1.733987382107807917e+01 7.719469070053056183e-25
1.747500388656161974e+01 7.707809325515703804e-25
1.761118702398708180e+01 7.696433243792397163e-25
1.774843143997016526e+01 7.685331554306649348e-25
1.788674540508091226e+01 7.674495352754161795e-25
1.802613725434210679e+01 7.663916087222513521e-25
1.816661538773160700e+01 7.653585540603810461e-25
1.830818827068848265e+01 7.643495818443598523e-25
1.845086443462317405e+01 7.633639334158400405e-25
1.859465247743164085e+01 7.624008795812077297e-25
1.873956106401342936e+01 7.614597194237749592e-25
1.888559892679387175e+01 7.605397790172917622e-25
1.903277486625032822e+01 7.596404102844218580e-25
1.918109775144246498e+01 7.587609899886161960e-25
1.933057652054675302e+01 7.579009185650412130e-25
1.948122018139512690e+01 7.570596191890328040e-25
1.963303781201774356e+01 7.562365367380587710e-25
1.978603856119007531e+01 7.554311369751439477e-25
1.994023164898425549e+01 7.546429055765919143e-25
2.009562636732463758e+01 7.538713472872927568e-25
2.025223208054777757e+01 7.531159852312089374e-25
2.041005822596676111e+01 7.523763599831099971e-25
2.056911431443985094e+01 7.516520289420066081e-25
2.072940993094369944e+01 7.509425655866409413e-25
2.089095473515089907e+01 7.502475588200413931e-25
2.105375846201209811e+01 7.495666122745447036e-25
2.121783092234269219e+01 7.488993437980392629e-25
2.138318200341397457e+01 7.482453847408866357e-25
2.154982166954898304e+01 7.476043795030460165e-25
2.171775996272300446e+01 7.469759849263692721e-25
2.188700700316866232e+01 7.463598698112564906e-25
2.205757298998579330e+01 7.457557144163952489e-25
2.222946820175610938e+01 7.451632100008213498e-25
2.240270299716252822e+01 7.445820583506480821e-25
2.257728781561344533e+01 7.440119713739071136e-25
2.275323317787184862e+01 7.434526706816212225e-25
2.293054968668926463e+01 7.429038871840792013e-25
2.310924802744472473e+01 7.423653607334651867e-25
2.328933896878871934e+01 7.418368397618975924e-25
2.347083336329205494e+01 7.413180809058355213e-25
2.365374214809989795e+01 7.408088487397921014e-25
2.383807634559089195e+01 7.403089154138801706e-25
2.402384706404131620e+01 7.398180603595499487e-25
2.421106549829451282e+01 7.393360700109588567e-25
2.439974293043556486e+01 7.388627375380863610e-25
2.458989073047107254e+01 7.383978625751866966e-25
2.478152035701439360e+01 7.379412509552412958e-25
2.497464335797616286e+01 7.374927144912182070e-25
2.516927137126014813e+01 7.370520707403964065e-25
2.536541612546457714e+01 7.366191427729944387e-25
2.556308944058897836e+01 7.361937589796667778e-25
2.576230322874638290e+01 7.357757528503981160e-25
2.596306949488122484e+01 7.353649627931566356e-25
2.616540033749279459e+01 7.349612319458647795e-25
2.636930794936425215e+01 7.345644079993788020e-25
2.657480461829742424e+01 7.341743430260894782e-25
2.678190272785330706e+01 7.337908933249458472e-25
2.699061475809826760e+01 7.334139192546060949e-25
2.720095328635613185e+01 7.330432850938552224e-25
2.741293098796615979e+01 7.326788588892696102e-25
2.762656063704679710e+01 7.323205123343016292e-25
2.784185510726555535e+01 7.319681206194297325e-25
2.805882737261472570e+01 7.316215623243308178e-25
2.827749050819322818e+01 7.312807192806529255e-25
2.849785769099460708e+01 7.309454764731964792e-25
2.871994220070099502e+01 7.306157219136297337e-25
2.894375742048341138e+01 7.302913465477097612e-25
2.916931683780831364e+01 7.299722441504432325e-25
2.939663404525025925e+01 7.296583112197941768e-25
2.962572274131109040e+01 7.293494468949777574e-25
2.985659673124544611e+01 7.290455528582790344e-25
3.008926992789260524e+01 7.287465332572772076e-25
3.032375635251500157e+01 7.284522946113705811e-25
3.056007013564306618e+01 7.281627457465661981e-25
3.079822551792681296e+01 7.278777977061891980e-25
3.103823685099403207e+01 7.275973636836810899e-25
3.128011859831505959e+01 7.273213589537260696e-25
3.152388533607441090e+01 7.270497008032142361e-25
3.176955175404921761e+01 7.267823084647470906e-25
3.201713265649436124e+01 7.265191030600445544e-25
3.226664296303464141e+01 7.262600075329160778e-25
3.251809770956392498e+01 7.260049465993900159e-25
3.277151204915110583e+01 7.257538466863345486e-25
3.302690125295332990e+01 7.255066358799308962e-25
3.328428071113629017e+01 7.252632438784215682e-25
3.354366593380158434e+01 7.250236019383606093e-25
3.380507255192139837e+01 7.247876428296320221e-25
3.406851631828053684e+01 7.245553007896562721e-25
3.433401310842558019e+01 7.243265114816721776e-25
3.460157892162165183e+01 7.241012119471429794e-25
3.487122988181658201e+01 7.238793405730922922e-25
3.514298223861248260e+01 7.236608370456976991e-25
3.541685236824501004e+01 7.234456423164650758e-25
3.569285677457028783e+01 7.232336985667151612e-25
3.597101209005933953e+01 7.230249491715532778e-25
3.625133507680045142e+01 7.228193386640208867e-25
3.653384262750932976e+01 7.226168127075197759e-25
3.681855176654698880e+01 7.224173180597025270e-25
3.710547965094568923e+01 7.222208025469463794e-25
3.739464357144293416e+01 7.220272150305112997e-25
3.768606095352331664e+01 7.218365053816880100e-25
3.797974935846865918e+01 7.216486244543536849e-25
3.827572648441636005e+01 7.214635240581020791e-25
3.857401016742574740e+01 7.212811569329245733e-25
3.887461838255303803e+01 7.211014767251727835e-25
3.917756924493453852e+01 7.209244379642973648e-25
3.948288101087822355e+01 7.207499960394390518e-25
3.979057207896390480e+01 7.205781071774110980e-25
4.010066099115206129e+01 7.204087284223601013e-25
4.041316643390103280e+01 7.202418176140920006e-25
4.072810723929327992e+01 7.200773333687860703e-25
4.104550238617008517e+01 7.199152350592225542e-25
4.136537100127531374e+01 7.197554827970049669e-25
4.168773236040807717e+01 7.195980374133998112e-25
4.201260588958419362e+01 7.194428604429895841e-25
4.234001116620692784e+01 7.192899141054928386e-25
4.266996792024676921e+01 7.191391612908733332e-25
4.300249603543031185e+01 7.189905655417629938e-25
4.333761555043851388e+01 7.188440910396412220e-25
4.367534666011432876e+01 7.186997025888480810e-25
4.401570971667955945e+01 7.185573656023333540e-25
4.435872523096138309e+01 7.184170460875647556e-25
4.470441387362842534e+01 7.182787106336188911e-25
4.505279647643626362e+01 7.181423263968776026e-25
4.540389403348287800e+01 7.180078610886098816e-25
4.575772770247383647e+01 7.178752829625529543e-25
4.611431880599715782e+01 7.177445608029687087e-25
4.647368883280831398e+01 7.176156639125984584e-25
4.683585943912525096e+01 7.174885621011709245e-25
4.720085244993330065e+01 7.173632256744869442e-25
4.756868986030042379e+01 7.172396254235883000e-25
4.793939383670277010e+01 7.171177326138674997e-25
4.831298671836032099e+01 7.169975189756517910e-25
4.868949101858314776e+01 7.168789566934213067e-25
4.906892942612816455e+01 7.167620183963594682e-25
4.945132480656627649e+01 7.166466771494970123e-25
4.983670020366032816e+01 7.165329064434562629e-25
5.022507884075386642e+01 7.164206801868513761e-25
5.061648412217044779e+01 7.163099726961781701e-25
5.101093963462410130e+01 7.162007586886032026e-25
5.140846914864078343e+01 7.160930132728421179e-25
5.180909661999065463e+01 7.159867119415743105e-25
5.221284619113180980e+01 7.158818305633797688e-25
5.261974219266517139e+01 7.157783453751290345e-25
5.302980914480057351e+01 7.156762329748965332e-25
5.344307175883443506e+01 7.155754703141126798e-25
5.385955493863902177e+01 7.154760346909490601e-25
5.427928378216299166e+01 7.153779037431480986e-25
5.470228358294394866e+01 7.152810554416499505e-25
5.512857983163273445e+01 7.151854680835890352e-25
5.555819821752935184e+01 7.150911202862435463e-25
5.599116463013128708e+01 7.149979909808033112e-25
5.642750516069339994e+01 7.149060594059667446e-25
5.686724610380037603e+01 7.148153051025048305e-25
5.731041395895132240e+01 7.147257079071683875e-25
5.775703543215650626e+01 7.146372479472335916e-25
5.820713743754681246e+01 7.145499056350041522e-25
5.866074709899567097e+01 7.144636616624765886e-25
5.911789175175346145e+01 7.143784969961816458e-25
5.957859894409484980e+01 7.142943928722961672e-25
6.004289643897896411e+01 7.142113307915018675e-25
6.051081221572227520e+01 7.141292925145601481e-25
6.098237447168475001e+01 7.140482600575882620e-25
6.145761162396918564e+01 7.139682156875807729e-25
6.193655231113346105e+01 7.138891419182914677e-25
6.241922539491645239e+01 7.138110215059258122e-25
6.290565996197736354e+01 7.137338374453813900e-25
6.339588532564837209e+01 7.136575729662520481e-25
6.388993102770116650e+01 7.135822115293796573e-25
6.438782684012728907e+01 7.135077368232755593e-25
6.488960276693207163e+01 7.134341327609657409e-25
6.539528904594276071e+01 7.133613834767917451e-25
6.590491615063088204e+01 7.132894733237197992e-25
6.641851479194833985e+01 7.132183868705602193e-25
6.693611592017829537e+01 7.131481088997337879e-25
6.745775072680027051e+01 7.130786244049707231e-25
6.798345064636970392e+01 7.130099185896496504e-25
6.851324735841228630e+01 7.129419768650754115e-25
6.904717278933314617e+01 7.128747848494771391e-25
6.958525911434054478e+01 7.128083283670893508e-25
7.012753875938497572e+01 7.127425934478339230e-25
7.067404440311324265e+01 7.126775663273523249e-25
7.122480897883757223e+01 7.126132334476507629e-25
7.177986567652027361e+01 7.125495814584465811e-25
7.233924794477398734e+01 7.124865972189350841e-25
7.290298949287712560e+01 7.124242678006098970e-25
7.347112429280528545e+01 7.123625804908676004e-25
7.404368658127866354e+01 7.123015227976764636e-25
7.462071086182491797e+01 7.122410824554266409e-25
7.520223190685867110e+01 7.121812474323326639e-25
7.578828475977674373e+01 7.121220059392760976e-25
7.637890473707000183e+01 7.120633464407459027e-25
7.697412743045173045e+01 7.120052576680899313e-25
7.757398870900217958e+01 7.119477286353944770e-25
7.817852472133024833e+01 7.118907486587142611e-25
7.878777189775192369e+01 7.118343073791861410e-25
7.940176695248545968e+01 7.117783947908611433e-25
8.002054688586392217e+01 7.117230012742845718e-25
8.064414898656497144e+01 7.116681176370699400e-25
8.127261083385778306e+01 7.116137351630423494e-25
8.190597029986767552e+01 7.115598456719924485e-25
8.254426555185850134e+01 7.115064415926646223e-25
8.318753505453241814e+01 7.114535160522174387e-25
8.383581757234797749e+01 7.114010629866740160e-25
8.448915217185621884e+01 7.113490772778565538e-25
8.514757822405468346e+01 7.112975549245593407e-25
8.581113540676001605e+01 7.112464932579178702e-25
8.647986370699926795e+01 7.111958912146981449e-25
8.715380342341917697e+01 7.111457496874085770e-25
8.783299516871490198e+01 7.110960719768501605e-25
8.851747987207740209e+01 7.110468643841309669e-25
8.920729878165977311e+01 7.109981369938701127e-25
8.990249346706292499e+01 7.109499047246665315e-25
9.060310582184085604e+01 7.109021887587387848e-25
9.130917806602495546e+01 7.108550185195724416e-25
9.202075274866830057e+01 7.108084344581362984e-25
9.273787275041000555e+01 7.107624920594785579e-25
9.346058128605885429e+01 7.107172677390667380e-25
9.418892190719775215e+01 7.106728677514954115e-25
9.492293850480828610e+01 7.106294420637946966e-25
9.566267531191542162e+01 7.105872067297774245e-25
9.640817690625316061e+01 7.105464814888067183e-25
9.715948821295106086e+01 7.105077561149945030e-25
9.791665450724114805e+01 7.104718146433924303e-25
9.867972141718647094e+01 7.104399856345666028e-25
9.944873492643085910e+01 7.104146955549677987e-25
1.002237413769696843e+02 7.104008522456744039e-25
1.010047874719425067e+02 7.104099464651498587e-25
1.017919202784478472e+02 7.104757649766264539e-25
1.025851872303792192e+02 7.107484013322987713e-25
1.033846361312837132e+02 7.132508475539240230e-25
1.041903151572423241e+02 7.125473665919824966e-25
1.050022728597737967e+02 7.099364959577815164e-25
1.058205581687600016e+02 7.098206707521281154e-25
1.066452203953943325e+02 7.097805632466238640e-25
1.074763092351537921e+02 7.097467935774334534e-25
1.083138747707935323e+02 7.097119803773624594e-25
1.091579674753644582e+02 7.096753834217186899e-25
1.100086382152555871e+02 7.096372387083662360e-25
1.108659382532589319e+02 7.095978749545770383e-25
1.117299192516584156e+02 7.095575652898710665e-25
1.126006332753437249e+02 7.095165157934029195e-25
1.134781327949475127e+02 7.094748782908397411e-25
1.143624706900070578e+02 7.094327643070579144e-25
1.152537002521514893e+02 7.093902560362839302e-25
1.161518751883129568e+02 7.093474143089770437e-25
1.170570496239626834e+02 7.093042842568311594e-25
1.179692781063733946e+02 7.092608993378463841e-25
1.188886156079060470e+02 7.092172842176274027e-25
1.198151175293222082e+02 7.091734568539910178e-25
1.207488397031233518e+02 7.091294300237105177e-25
1.216898383969149506e+02 7.090852124540405702e-25
1.226381703167970159e+02 7.090408096715896305e-25
1.235938926107819071e+02 7.089962246463144303e-25
1.245570628722379070e+02 7.089514582853080523e-25
1.255277391433594403e+02 7.089065098152993641e-25
1.265059799186655596e+02 7.088613770816488220e-25
1.274918441485245921e+02 7.088160567842026886e-25
1.284853912427061289e+02 7.087705446647875955e-25
1.294866810739619325e+02 7.087248356573390805e-25
1.304957739816336186e+02 7.086789240090769628e-25
1.315127307752884178e+02 7.086328033788082627e-25
1.325376127383843823e+02 7.085864669172246695e-25
1.335704816319631050e+02 7.085399073328317950e-25
1.346113996983710308e+02 7.084931169463741033e-25
1.356604296650112076e+02 7.084460877359021699e-25
1.367176347481229470e+02 7.083988113743965824e-25
1.377830786565907033e+02 7.083512792611472116e-25
1.388568255957844144e+02 7.083034825481632631e-25
1.399389402714279811e+02 7.082554121623510906e-25
1.410294878934981853e+02 7.082070588243739008e-25
1.421285341801552420e+02 7.081584130645660182e-25
1.432361453617025404e+02 7.081094652365920377e-25
1.443523881845774781e+02 7.080602055291097491e-25
1.454773299153745256e+02 7.080106239758208888e-25
1.466110383448984180e+02 7.079607104642303184e-25
1.477535817922487809e+02 7.079104547433094205e-25
1.489050291089381517e+02 7.078598464303145176e-25
1.500654496830406970e+02 7.078088750169332378e-25
1.512349134433729603e+02 7.077575298748950208e-25
1.524134908637090291e+02 7.077058002613175053e-25
1.536012529670268520e+02 7.076536753238550101e-25
1.547982713297877240e+02 7.076011441057757518e-25
1.560046180862505310e+02 7.075481955512926196e-25
1.572203659328182255e+02 7.074948185111569672e-25
1.584455881324181519e+02 7.074410017488069992e-25
1.596803585189179557e+02 7.073867339472452399e-25
1.609247515015744341e+02 7.073320037169623751e-25
1.621788420695170316e+02 7.072767996052317392e-25
1.634427057962678873e+02 7.072211101070681364e-25
1.647164188442954185e+02 7.071649236784870503e-25
1.660000579696035743e+02 7.071082287525412331e-25
1.672937005263582364e+02 7.070510137589971957e-25
1.685974244715482087e+02 7.069932671486624306e-25
1.699113083696825299e+02 7.069349774236509015e-25
1.712354313975259004e+02 7.068761331753170727e-25
1.725698733488695211e+02 7.068167231321755791e-25
1.739147146393390528e+02 7.067567362211368596e-25
1.752700363112416539e+02 7.066961616459285177e-25
1.766359200384491714e+02 7.066349889891688224e-25
1.780124481313194451e+02 7.065732083460582525e-25
1.793997035416574590e+02 7.065108105018845614e-25
1.807977698677136971e+02 7.064477871706237941e-25
1.822067313592213509e+02 7.063841313203777352e-25
1.836266729224743983e+02 7.063198376245088954e-25
1.850576801254436248e+02 7.062549030985309741e-25
1.864998392029326340e+02 7.061893280179470616e-25
1.879532370617755248e+02 7.061231172723711023e-25
1.894179612860732789e+02 7.060562824179962235e-25
1.908941001424721833e+02 7.059888448864735411e-25
1.923817425854821010e+02 7.059208411880074883e-25
1.938809782628381413e+02 7.058523317188656147e-25
1.953918975209024325e+02 7.057834164627680447e-25
1.969145914101080166e+02 7.057142648176548526e-25
1.984491516904466835e+02 7.056451769668571071e-25
1.999956708369982152e+02 7.055767239725339961e-25
2.015542420455023489e+02 7.055101161089342129e-25
2.031249592379760713e+02 7.054483927863079190e-25
2.047079170683730354e+02 7.054018103881966495e-25
2.063032109282868873e+02 7.054380019648040376e-25
2.079109369527008937e+02 7.055876065274903271e-25
2.095311920257806548e+02 7.049949102989965709e-25
2.111640737867118389e+02 7.049532079876020363e-25
2.128096806355852948e+02 7.048884452009867545e-25
2.144681117393262753e+02 7.048152964910412521e-25
2.161394670376696752e+02 7.047378068020978593e-25
2.178238472491838138e+02 7.046574994729315445e-25
2.195213538773393793e+02 7.045750660855793031e-25
2.212320892166253827e+02 7.044908596715639686e-25
2.229561563587150204e+02 7.044050743934129858e-25
2.246936591986774658e+02 7.043178217701299498e-25
2.264447024412380358e+02 7.042291668169819427e-25
2.282093916070892590e+02 7.041391466999001461e-25
2.299878330392489829e+02 7.040477810338013507e-25
2.317801339094681907e+02 7.039550778863774151e-25
2.335864022246906018e+02 7.038610374401413779e-25
2.354067468335608453e+02 7.037656543126623800e-25
2.372412774329828551e+02 7.036689190754962105e-25
2.390901045747320666e+02 7.035708192768308614e-25
2.409533396721166127e+02 7.034713401474238748e-25
2.428310950066905889e+02 7.033704650988948569e-25
2.447234837350216878e+02 7.032681760826072097e-25
2.466306198955096249e+02 7.031644538531628122e-25
2.485526184152573421e+02 7.030592781657408891e-25
2.504895951169983448e+02 7.029526279266673584e-25
2.524416667260755673e+02 7.028444813111217636e-25
2.544089508774746662e+02 7.027348158576581323e-25
2.563915661229143552e+02 7.026236085466961313e-25
2.583896319379898614e+02 7.025108358686928520e-25
2.604032687293719732e+02 7.023964738866100487e-25
2.624325978420643537e+02 7.022804982968676541e-25
2.644777415667152241e+02 7.021628844929252580e-25
2.665388231469862035e+02 7.020436076363071293e-25
2.686159667869804935e+02 7.019226427405296655e-25
2.707092976587269959e+02 7.017999647756077082e-25
2.728189419097225255e+02 7.016755488035033587e-25
2.749450266705351851e+02 7.015493701596032044e-25
2.770876800624648695e+02 7.014214047033071736e-25
2.792470312052630561e+02 7.012916291732036949e-25
2.814232102249154082e+02 7.011600217043312001e-25
2.836163482614826989e+02 7.010265626026737919e-25
2.858265774770025587e+02 7.008912355414671708e-25
2.880540310634554544e+02 7.007540294746747678e-25
2.902988432507903553e+02 7.006149418255462017e-25
2.925611493150125284e+02 7.004739840646404791e-25
2.948410855863375559e+02 7.003311920632085790e-25
2.971387894574056077e+02 7.001866467808451735e-25
2.994543993915602869e+02 7.000405197157912766e-25
3.017880549311942673e+02 6.998931862919137997e-25
3.041398967061576855e+02 6.997455648574948516e-25
3.065100664422314480e+02 6.996004639441677274e-25
3.088987069696701724e+02 6.994718475493404725e-25
3.113059622318079391e+02 7.005353707642900442e-25
3.137319772937320295e+02 6.990361289033373435e-25
3.161768983510263524e+02 6.989011032957639857e-25
3.186408727385806401e+02 6.987444207305292726e-25
3.211240489394681958e+02 6.985804460085534816e-25
3.236265765938954928e+02 6.984120424330851508e-25
3.261486065082187338e+02 6.982401385478533170e-25
3.286902906640310107e+02 6.980651091674281498e-25
3.312517822273226216e+02 6.978871211191160454e-25
3.338332355577101112e+02 6.977062485033341716e-25
3.364348062177374459e+02 6.975225187885791063e-25
3.390566509822522789e+02 6.973359337582971032e-25
3.416989278478527012e+02 6.971464799826686197e-25
3.443617960424069793e+02 6.969541344581232805e-25
3.470454160346512253e+02 6.967588678331828106e-25
3.497499495438582926e+02 6.965606463493057076e-25
3.524755595495823854e+02 6.963594330620496397e-25
3.552224103014823982e+02 6.961551886426807163e-25
3.579906673292189225e+02 6.959478719285787900e-25
3.607804974524281647e+02 6.957374403218326210e-25
3.635920687907769207e+02 6.955238500989835576e-25
3.664255507740929261e+02 6.953070566753132165e-25
3.692811141525733660e+02 6.950870148583666654e-25
3.721589310070772285e+02 6.948636791242332692e-25
3.750591747594938852e+02 6.946370039568417458e-25
3.779820201831925033e+02 6.944069443070504958e-25
3.809276434135567797e+02 6.941734562627792989e-25
3.838962219585976641e+02 6.939364980881756159e-25
3.868879347096493007e+02 6.936960319252951084e-25
3.899029619521515997e+02 6.934520267377520924e-25
3.929414853765134694e+02 6.932044637265065186e-25
3.960036880890602902e+02 6.929533470569107725e-25
3.990897546230708599e+02 6.926987271821444600e-25
4.021998709498963649e+02 6.924407582362692049e-25
4.053342244901661502e+02 6.921798662484103717e-25
4.084930041250843828e+02 6.919173961930900132e-25
4.116764002078110138e+02 6.916597604163072412e-25
4.148846045749318137e+02 6.916375198961067532e-25
4.181178105580209490e+02 6.910397507182949389e-25
4.213762129952903024e+02 6.907747691497980878e-25
4.246600082433295711e+02 6.904924750094860808e-25
4.279693941889414077e+02 6.902028332113714373e-25
4.313045702610652938e+02 6.899076185107828960e-25
4.346657374427940113e+02 6.896073564991626086e-25
4.380530982834878273e+02 6.893022285096061658e-25
4.414668569109793452e+02 6.889922890441534259e-25
4.449072190438729422e+02 6.886775365764102808e-25
4.483743920039445356e+02 6.883579414399099588e-25
4.518685847286337207e+02 6.880334583771126096e-25
4.553900077836335072e+02 6.877040327837481108e-25
4.589388733755817498e+02 6.873696040827982892e-25
4.625153953648480751e+02 6.870301076915458411e-25
4.661197892784197165e+02 6.866854762683522222e-25
4.697522723228924519e+02 6.863356405952596725e-25
4.734130633975585738e+02 6.859805303086020977e-25
4.771023831075963244e+02 6.856200746373631934e-25
4.808204537773672200e+02 6.852542033186747713e-25
4.845674994638119415e+02 6.848828479390313855e-25
4.883437459699508736e+02 6.845059441557591176e-25
4.921494208584945795e+02 6.841234357511735431e-25
4.959847534655552863e+02 6.837352827478479793e-25
4.998499749144658608e+02 6.833414794597418556e-25
5.037453181297104834e+02 6.829421004958457466e-25
5.076710178509595153e+02 6.825374429975977759e-25
5.116273106472139034e+02 6.821286259733031135e-25
5.156144349310642383e+02 6.817223356125041195e-25
5.196326309730563935e+02 6.811299621280518412e-25
5.236821409161686915e+02 6.808245122424103621e-25
5.277632087904075888e+02 6.803948917424710861e-25
5.318760805275113626e+02 6.799533619506717309e-25
5.360210039757685081e+02 6.795036962175223439e-25
5.401982289149573262e+02 6.790466534539726365e-25
5.444080070713953319e+02 6.785824337608606197e-25
5.486505921331101945e+02 6.781110692677792443e-25
5.529262397651248193e+02 6.776325267506085248e-25
5.572352076248678259e+02 6.771467429006129252e-25
5.615777553776983950e+02 6.766536387880171738e-25
5.659541447125526474e+02 6.761531457676265308e-25
5.703646393577165554e+02 6.756451629484834237e-25
5.748095050967175439e+02 6.751295832653184677e-25
5.792890097843385320e+02 6.746063092614334579e-25
5.838034233627633967e+02 6.740752438213943826e-25
5.883530178778419213e+02 6.735362925434883258e-25
5.929380674954823007e+02 6.729894113783338373e-25
5.975588485181762053e+02 6.724345676972204018e-25
6.022156394016473087e+02 6.718716414982125839e-25
6.069087207716299872e+02 6.713006835790676079e-25
6.116383754407836477e+02 6.707220244411351289e-25
6.164048884257337022e+02 6.701373078393232913e-25
6.212085469642455564e+02 6.695677028785270415e-25
6.260496405325370688e+02 6.689012287684711531e-25
6.309284608627218631e+02 6.682987713241341792e-25
6.358453019603869052e+02 6.676772612492011015e-25
6.408004601223141208e+02 6.670447714928333609e-25
6.457942339543335493e+02 6.664023085827124910e-25
6.508269243893156499e+02 6.657500749936482313e-25
6.558988347053104917e+02 6.650880738093351162e-25
6.610102705438212070e+02 6.644162386787902713e-25
6.661615399282209182e+02 6.637344736917853904e-25
6.713529532823184809e+02 6.630426686735159742e-25
6.765848234490631512e+02 6.623407062259034096e-25
6.818574657093947735e+02 6.616284657604792430e-25
6.871711978012478994e+02 6.609058267348866336e-25
6.925263399386961964e+02 6.601726726572047983e-25
6.979232148312477193e+02 6.594288982150814567e-25
7.033621477032955909e+02 6.586744255115247043e-25
7.088434663137147709e+02 6.579093067114291642e-25
7.143675009756112786e+02 6.571337799674267653e-25
7.199345845762311455e+02 6.563492593768310428e-25
7.255450525970192075e+02 6.555862512321295768e-25
7.311992431338331926e+02 6.547176520038705343e-25
7.368974969173224281e+02 6.539019813423638306e-25
7.426401573334585464e+02 6.530693062743918393e-25
7.484275704442266033e+02 6.522235756445554871e-25
7.542600850084832018e+02 6.513653093188619577e-25
7.601380525029715045e+02 6.504945646566426767e-25
7.660618271434990447e+02 6.496112776257569152e-25
7.720317659062886833e+02 6.487153411412702782e-25
7.780482285494875896e+02 6.478066303708711384e-25
7.841115776348444797e+02 6.468850133623636253e-25
7.902221785495635231e+02 6.459503573211786574e-25
7.963803995283201402e+02 6.450025349209442844e-25
8.025866116754493760e+02 6.440414352765471990e-25
8.088411889873140126e+02 6.430669915799272320e-25
8.151445083748395746e+02 6.420792750779675253e-25
8.214969496862253209e+02 6.410789824660366236e-25
8.278988957298396372e+02 6.400747874159816403e-25
8.343507322972856173e+02 6.390139076912835860e-25
8.408528481866477478e+02 6.379772625233538589e-25
8.474056352259257210e+02 6.369198170758319352e-25
8.540094882966449177e+02 6.358467603386099878e-25
8.606648053576492430e+02 6.347586136322160026e-25
8.673719874690885945e+02 6.336554182653736059e-25
8.741314388165844775e+02 6.325371022795337944e-25
8.809435667355842270e+02 6.314035971186434223e-25
8.878087817359131577e+02 6.302554440099042292e-25
8.947274975265096373e+02 6.290918301405685913e-25
9.017001310403536536e+02 6.279126452531864913e-25
9.087271024595964946e+02 6.267178081882073517e-25
9.158088352408796027e+02 6.255073246176970439e-25
9.229457561408497668e+02 6.242815565133519219e-25
9.301382952418814511e+02 6.230441791063544482e-25
9.373868859779920513e+02 6.217608307986076469e-25
9.446919651609578068e+02 6.204949288446396746e-25
9.520539730066429911e+02 6.192040095892012395e-25
9.594733531615247557e+02 6.178954186148769757e-25
9.669505527294256808e+02 6.165697218787626552e-25
9.744860222984621032e+02 6.152269875977514571e-25
9.820802159681948069e+02 6.138671805770323717e-25
9.897335913769907165e+02 6.124902384701825275e-25
9.974466097296069620e+02 6.110960965626350215e-25
1.005219735824979466e+03 6.096847034260691745e-25
1.013053438084235040e+03 6.082560463281645780e-25
1.020948188578914824e+03 6.068102347534734280e-25
1.028904463059428053e+03 6.053479997797047158e-25
1.036922740983718768e+03 6.038884284760606720e-25
1.045003505546155566e+03 6.023579919218926341e-25
1.053147243706655672e+03 6.008440716506702080e-25
1.061354446220027512e+03 5.993103580059000060e-25
1.069625607665539974e+03 5.977584767370922974e-25
1.077961226476733827e+03 5.961887060651263159e-25
1.086361804971455058e+03 5.946011457006752357e-25
1.094827849382121485e+03 5.929958611000356402e-25
1.103359869886236311e+03 5.913729219902588521e-25
1.111958380637128130e+03 5.897324265044060872e-25
1.120623899794932186e+03 5.880745497667363043e-25
1.129356949557821736e+03 5.863997698846277512e-25
1.138158056193473385e+03 5.847120571318916664e-25
1.147027750070777074e+03 5.829871987941104732e-25
1.155966565691804135e+03 5.812638607967237881e-25
1.164975041724014091e+03 5.795202684085932974e-25
1.174053721032711564e+03 5.777594009940995811e-25
1.183203150713767400e+03 5.759818099675855212e-25
1.192423882126584203e+03 5.741878331380971464e-25
1.201716470927318369e+03 5.723777847327711140e-25
1.211081477102371991e+03 5.705520032853869543e-25
1.220519465002135348e+03 5.687108913123535635e-25
1.230031003374991315e+03 5.668550437991351114e-25
1.239616665401596720e+03 5.649864856071848514e-25
1.249277028729419499e+03 5.630881049518244235e-25
1.259012675507545055e+03 5.611952244423167554e-25
1.268824192421763883e+03 5.592836251495886658e-25
1.278712170729924765e+03 5.573587589901073684e-25
1.288677206297558541e+03 5.554216177353209879e-25
1.298719899633795194e+03 5.534729597146876189e-25
1.308840855927546954e+03 5.515135437535817186e-25
1.319040685083974950e+03 5.495441881585892472e-25
1.329320001761249159e+03 5.475658447580762855e-25
1.339679425407587132e+03 5.455800314975069163e-25
1.350119580298576466e+03 5.435029450341695650e-25
1.360641095574804922e+03 5.415801156610805221e-25
1.371244605279767711e+03 5.395752673890882758e-25
1.381930748398072865e+03 5.375655914579723849e-25
1.392700168893955606e+03 5.355529013824846463e-25
1.403553515750080123e+03 5.335386542643952906e-25
1.414491443006643976e+03 5.315243321046351754e-25
1.425514609800801281e+03 5.295115227313033630e-25
1.436623680406377389e+03 5.275020470411745317e-25
1.447819324273896427e+03 5.254993328524819204e-25
1.459102216070931036e+03 5.234927922342173758e-25
1.470473035722754730e+03 5.215054953499623506e-25
1.481932468453311458e+03 5.195265950563355289e-25
1.493481204826516205e+03 5.175602187970366164e-25
1.505119940787866653e+03 5.156089151457272192e-25
1.516849377706375208e+03 5.136752326072839734e-25
1.528670222416845718e+03 5.117618642347221538e-25
1.540583187262463071e+03 5.098717910918603292e-25
1.552588990137714973e+03 5.080100877295820602e-25
1.564688354531663890e+03 5.061676230565898564e-25
1.576882009571540493e+03 5.043661503417601244e-25
1.589170690066676798e+03 5.025991204321867528e-25
1.601555136552796966e+03 5.008713196217815626e-25
1.614036095336638937e+03 4.991867520757811457e-25
1.626614318540922113e+03 4.975495393944559537e-25
1.639290564149681586e+03 4.959640610848122296e-25
1.652065596053941363e+03 4.944354825735067885e-25
1.664940184097741849e+03 4.929594714033145766e-25
1.677915104124541813e+03 4.915601624109318431e-25
1.690991138023968006e+03 4.902282464287247682e-25
1.704169073778926304e+03 4.889723162218383553e-25
1.717449705513098706e+03 4.877982487069335797e-25
1.730833833538792760e+03 4.867120344012330612e-25
1.744322264405163878e+03 4.857199729396940766e-25
1.757915810946830561e+03 4.848295163697515482e-25
1.771615292332851595e+03 4.840396604709065613e-25
1.785421534116085240e+03 4.833705676822626870e-25
1.799335368282948593e+03 4.828212546097555439e-25
1.813357633303549846e+03 4.824004316735498650e-25
1.827489174182209808e+03 4.821159577183411539e-25
1.841730842508394517e+03 4.819758873825737471e-25
1.856083496508025974e+03 4.819887789083156811e-25
1.870548001095203745e+03 4.821505729169956598e-25
1.885125227924318551e+03 4.825025771932878545e-25
1.899816055442591278e+03 4.830243599948864066e-25
1.914621368943003745e+03 4.837334210913765407e-25
1.929542060617641937e+03 4.846392613959149650e-25
1.944579029611473061e+03 4.857514202722026731e-25
1.959733182076522326e+03 4.870798383433724151e-25
1.975005431226475366e+03 4.886250436671181429e-25
1.990396697391719727e+03 4.904198746927204653e-25
2.005907908074800844e+03 4.924543189835705295e-25
2.021539998006308224e+03 4.947438209964634876e-25
2.037293909201216138e+03 4.972986354306860484e-25
2.053170591015644732e+03 5.001289691585267949e-25
2.069171000204064057e+03 5.032458600943863805e-25
2.085296100976960588e+03 5.066531782788738654e-25
2.101546865058938693e+03 5.103708759828828587e-25
2.117924271747268904e+03 5.144031662378761268e-25
2.134429307970916398e+03 5.187606948236324537e-25
2.151062968350008305e+03 5.234533889947512818e-25
2.167826255255764409e+03 5.284913332447421507e-25
2.184720178870914424e+03 5.338781917560736740e-25
2.201745757250567294e+03 5.396363634874977376e-25
2.218904016383554790e+03 5.457650449240484867e-25
2.236195990254269873e+03 5.522757324166307352e-25
2.253622720904973448e+03 5.591776325770723974e-25
2.271185258498579060e+03 5.664800434341684759e-25
2.288884661381954174e+03 5.741860315150216259e-25
2.306721996149688039e+03 5.823166672568055641e-25
2.324698337708362033e+03 5.908708857275938724e-25
2.342814769341337978e+03 5.998593439699936434e-25
2.361072382774031212e+03 6.092906374522524047e-25
2.379472278239693878e+03 6.191739972723492167e-25
2.398015564545729376e+03 6.295120105412141788e-25
2.416703359140505199e+03 6.403222318346918731e-25
2.435536788180683743e+03 6.516076424083556802e-25
2.454516986599102438e+03 6.633773959998321004e-25
2.473645098173158203e+03 6.756403014029295423e-25
2.492922275593724407e+03 6.883850303762458568e-25
2.512349680534632625e+03 7.016765957923461431e-25
2.531928483722665987e+03 7.154703537708573561e-25
2.551659865008103225e+03 7.297922692050908692e-25
2.571545013435832971e+03 7.446521291844004373e-25
2.591585127317000570e+03 7.600626637449311422e-25
2.611781414301211498e+03 7.760219646703757432e-25
2.632135091449321862e+03 7.925553585891202326e-25
2.652647385306774140e+03 8.096677578168942104e-25
2.673319531977500901e+03 8.273704457167793203e-25
2.694152777198432432e+03 8.456775113541074653e-25
2.715148376414555969e+03 8.645913714358520443e-25
2.736307594854566105e+03 8.841378511367354645e-25
2.757631707607123190e+03 9.043245117193441305e-25
2.779121999697685624e+03 9.251660908579851280e-25
2.800779766165938327e+03 9.466835798266502843e-25
2.822606312143850573e+03 9.688707703224838618e-25
2.844602952934317727e+03 9.917687022379452150e-25
2.866771014090414610e+03 1.015384936747027229e-24
2.889111831495292336e+03 1.039738182591794929e-24
2.911626751442673140e+03 1.064839926919183799e-24
2.934317130717970031e+03 1.090727823523734754e-24
2.957184336680067190e+03 1.117408201188014238e-24
2.980229747343711097e+03 1.144906910222230710e-24
3.003454751462540571e+03 1.173249049956247248e-24
3.026860748612797124e+03 1.202450040924421042e-24
3.050449149277652850e+03 1.232547945515760473e-24
3.074221374932201797e+03 1.263563510647928931e-24
3.098178858129137552e+03 1.295526078171348965e-24
3.122323042585072017e+03 1.328458836466118400e-24
3.146655383267527668e+03 1.362406615111941241e-24
3.171177346482633311e+03 1.397392222998200606e-24
3.195890409963478305e+03 1.433452506038924675e-24
3.220796062959153005e+03 1.470607686139065548e-24
3.245895806324512705e+03 1.508939113937842120e-24
3.271191152610610516e+03 1.548446550830874565e-24
3.296683626155838283e+03 1.589183924141379908e-24
3.322374763177804653e+03 1.631313338806273134e-24
3.348266111865900257e+03 1.674521372813010342e-24
3.374359232474582768e+03 1.719218516127120708e-24
3.400655697417423198e+03 1.765332577966085607e-24
3.427157091361845232e+03 1.812869042803633833e-24
3.453865011324629904e+03 1.862017910903780748e-24
3.480781066768138317e+03 1.912703496058931192e-24
3.507906879697322438e+03 1.965027164068533536e-24
3.535244084757458495e+03 2.019039770147160275e-24
3.562794329332642974e+03 2.074827098988921144e-24
3.590559273645089434e+03 2.132433605313210668e-24
3.618540590855162463e+03 2.191930554463465698e-24
3.646739967162196990e+03 2.253376391880977997e-24
3.675159101906131582e+03 2.316851945031597096e-24
3.703799707669903000e+03 2.382415041948012969e-24
3.732663510382638378e+03 2.450138141588467354e-24
3.761752249423684134e+03 2.520063496183697618e-24
3.791067677727412502e+03 2.592277078465641694e-24
3.820611561888846154e+03 2.666824124152734053e-24
3.850385682270137295e+03 2.743744622370327422e-24
3.880391833107845287e+03 2.823096545513124842e-24
3.910631822621046013e+03 2.904893056536626047e-24
3.941107473120324357e+03 2.989156209174982854e-24
3.971820621117577048e+03 3.075847999595255310e-24
4.002773117436670418e+03 3.164968316935759364e-24
4.033966827324999485e+03 3.256439803904238916e-24
4.065403630565878302e+03 3.350149556868161116e-24
4.097085421591806153e+03 3.445964475810495777e-24
4.129014109598654613e+03 3.543670141781332021e-24
4.161191618660706808e+03 3.642985858968005414e-24
4.193619887846588426e+03 3.743586554118970717e-24
4.226300871336150522e+03 3.845015798035164152e-24
4.259236538538216337e+03 3.946709298144953986e-24
4.292428874209245805e+03 4.048087610427635019e-24
4.325879878572969574e+03 4.148299024420765519e-24
4.359591567440910694e+03 4.246494462069852497e-24
4.393565972333847640e+03 4.341478253764958358e-24
4.427805140604265034e+03 4.432206255867553627e-24
4.462311135559713875e+03 4.517331752843176824e-24
4.497086036587142189e+03 4.595353536664099205e-24
4.532131939278221580e+03 4.664852690213080954e-24
4.567450955555624205e+03 4.724329299125578798e-24
4.603045213800271085e+03 4.772092628831308135e-24
4.638916858979625431e+03 4.806926833577488961e-24
4.675068052776933655e+03 4.827498811961320269e-24
4.711500973721477749e+03 4.832874463052239145e-24
4.748217817319889036e+03 4.822296552511147088e-24
4.785220796188435088e+03 4.795432343461078456e-24
4.822512140186340730e+03 4.752348970196090154e-24
4.860094096550195900e+03 4.693459627175778344e-24
4.897968930029359399e+03 4.619552975618469841e-24
4.936138923022424024e+03 4.531755375886258582e-24
4.974606375714784917e+03 4.431423033498572714e-24
5.013373606217240194e+03 4.320079895671096159e-24
5.052442950705666590e+03 4.199384660705963950e-24
5.091816763561832886e+03 4.070978871407716359e-24
5.131497417515263805e+03 3.936524494113510516e-24
5.171487303786206212e+03 3.797532212197866344e-24
5.211788832229764921e+03 3.655422396833667880e-24
5.252404431481100801e+03 3.511480890353422500e-24
5.293336549101775745e+03 3.366842057799683774e-24
5.334587651727275443e+03 3.222411288901734843e-24
5.376160225215634455e+03 3.079077302645719247e-24
5.418056774797226353e+03 2.937501380620349989e-24
5.460279825225763489e+03 2.798264469827137233e-24
5.502831920930424531e+03 2.661687178400403504e-24
5.545715626169172538e+03 2.528602694460996239e-24
5.588933525183312668e+03 2.398904213620432551e-24
5.632488222353206766e+03 2.273018792466332404e-24
5.676382342355199398e+03 2.151212251200065550e-24
5.720618530319820820e+03 2.033727778077926068e-24
5.765199451991168644e+03 1.920829692404774597e-24
5.810127793887530970e+03 1.812796536778021192e-24
5.855406263463321011e+03 1.709936696836841894e-24
5.901037589272206787e+03 1.612641132501901019e-24
5.947024521131527763e+03 1.521348864048710916e-24
5.993369830288033882e+03 1.436594631465285061e-24
6.040076309584871524e+03 1.358997006184537558e-24
6.087146773629861855e+03 1.289272744820483555e-24
6.134584058965156146e+03 1.228208429552982966e-24
6.182391024238146201e+03 1.176643524658483648e-24
6.230570550373715378e+03 1.135389755139314848e-24
6.279125540747884770e+03 1.105204257207940404e-24
6.328058921362751789e+03 1.086619894495681144e-24
6.377373641022825723e+03 1.079926225738156789e-24
6.427072671512701163e+03 1.085097605387711866e-24
6.477159007776187536e+03 1.101767233784067293e-24
6.527635668096761037e+03 1.129290923055063783e-24
6.578505694279438103e+03 1.166810741675794172e-24
6.629772151834115903e+03 1.213364080492278501e-24
6.681438130160286164e+03 1.267957809454832676e-24
6.733506742733188730e+03 1.329648222490949058e-24
6.785981127291471239e+03 1.397570450499149188e-24
6.838864446026256701e+03 1.470973217361809304e-24
6.892159885771680820e+03 1.549209788338856150e-24
6.945870658196978184e+03 1.631749443196711191e-24
7.000000000000001819e+03 1.718149763726362687e-24
