3.000000000000000000e+00 1.793149885220550665e-21
3.023379074186677951e+00 1.552205828668212038e-21
3.046940342076630781e+00 1.351643125432502350e-21
3.070685223509894257e+00 1.183061315496354066e-21
3.094615149391351849e+00 1.040170615437867996e-21
3.118731561776963979e+00 9.181732354180305640e-22
3.143035913960669614e+00 8.133498974909153040e-22
3.167529670561962885e+00 7.227763345328567071e-22
3.192214307614152702e+00 6.441244934318197692e-22
3.217091312653314272e+00 5.755203352695226139e-22
3.242162184807927616e+00 5.154403010789652765e-22
3.267428434889215527e+00 4.626347224466696272e-22
3.292891585482193850e+00 4.160703473116557725e-22
3.318553171037419425e+00 3.748866470229973284e-22
3.344414737963458339e+00 3.383622058699628944e-22
3.370477844720079830e+00 3.058885862975888540e-22
3.396744061912168711e+00 2.769498053265214684e-22
3.423214972384368782e+00 2.511060703874809939e-22
3.449892171316475409e+00 2.279807821641940293e-22
3.476777266319557746e+00 2.072500674514842222e-22
3.503871877532837242e+00 1.886342887998991635e-22
3.531177637721321538e+00 1.718911115140233152e-22
3.558696192374196876e+00 1.568098070936316964e-22
3.586429199803984336e+00 1.432065453960205982e-22
3.614378331246479004e+00 1.309204827745454308e-22
3.642545270961456083e+00 1.198104951205716100e-22
3.670931716334169703e+00 1.097524364539891315e-22
3.699539377977637766e+00 1.006368282480021020e-22
3.728369979835728820e+00 9.236690359725109507e-23
3.757425259287050068e+00 8.485694518903262617e-23
3.786706967249639177e+00 7.803086765675131293e-23
3.816216868286484765e+00 7.182100413727796522e-23
3.845956740711859112e+00 6.616706414490144228e-23
3.875928376698477340e+00 6.101523577008982746e-23
3.906133582385504788e+00 5.631740991271927106e-23
3.936574177987393064e+00 5.203050807277601285e-23
3.967251997903568306e+00 4.811589834958906600e-23
3.998168890828979194e+00 4.453888675266745403e-23
4.029326719865498063e+00 4.126827310298056403e-23
4.060727362634198201e+00 3.827596244775895897e-23
4.092372711388496676e+00 3.553662428501679642e-23
4.124264673128191561e+00 3.302739318906827298e-23
4.156405169714378012e+00 3.072760525332776848e-23
4.188796137985258738e+00 2.861856568509086977e-23
4.221439529872867524e+00 2.668334352500401568e-23
4.254337312520692471e+00 2.490659002835812611e-23
4.287491468402215844e+00 2.327437776820677008e-23
4.320903995440390055e+00 2.177593511797908379e-23
4.354576907128027585e+00 2.039909126110296070e-23
4.388512232649141254e+00 1.913226998380965671e-23
4.422712017001222407e+00 1.796594177483822417e-23
4.457178321118484554e+00 1.689142511903590357e-23
4.491913221996044037e+00 1.590080653542777078e-23
4.526918812815098114e+00 1.498686904302174698e-23
4.562197203069056073e+00 1.414302814080451761e-23
4.597750518690657096e+00 1.336327439163781885e-23
4.633580902180091776e+00 1.264212182306602174e-23
4.669690512734105958e+00 1.197456152511254053e-23
4.706081526376117985e+00 1.135601976968067485e-23
4.742756136087351138e+00 1.078232020053523756e-23
4.779716551938987479e+00 1.024964956861456928e-23
4.816965001225343990e+00 9.754526635024360119e-24
4.854503728598102974e+00 9.293773905301763829e-24
4.892334996201570085e+00 8.864491825559758859e-24
4.930461083808994616e+00 8.464035239373382316e-24
4.968884288959960038e+00 8.089991832096328355e-24
5.007606927098831484e+00 7.740162358819173340e-24
5.046631331714285906e+00 7.412542513399615857e-24
5.085959854479939146e+00 7.105306257035758865e-24
5.125594865396055688e+00 6.816790480316155875e-24
5.165538752932373079e+00 6.545480910178817106e-24
5.205793924172026799e+00 6.289999120947552640e-24
5.246362804956618220e+00 6.049090603918190677e-24
5.287247840032386570e+00 5.821613785212817040e-24
5.328451493197543520e+00 5.606529941262856038e-24
5.369976247450735762e+00 5.402893923581518831e-24
5.411824605140684419e+00 5.209845669492553823e-24
5.453999088116976424e+00 5.026602426007133985e-24
5.496502237882029185e+00 4.852451602393037837e-24
5.539336615744256065e+00 4.686744278739523121e-24
5.582504802972412250e+00 4.528889248956160849e-24
5.626009400951136996e+00 4.378347604678168320e-24
5.669853031337731331e+00 4.234627807243821074e-24
5.714038336220133019e+00 4.097281188989455767e-24
5.758567978276136756e+00 3.965897889422086866e-24
5.803444640933850707e+00 3.840103150636828195e-24
5.848671028533408034e+00 3.719553972528079606e-24
5.894249866489925438e+00 3.603317543097879126e-24
5.940183901457753102e+00 3.490080788789161384e-24
5.986475901495984075e+00 3.381397605754098596e-24
6.033128656235260401e+00 3.277015901773910937e-24
6.080144977045891963e+00 3.176702978724080915e-24
6.127527697207263202e+00 3.080243740777934000e-24
6.175279672078572979e+00 2.987439073963190469e-24
6.223403779270908487e+00 2.898104373949572253e-24
6.271902918820651429e+00 2.812068244267181823e-24
6.320780013364233341e+00 2.729171286641216779e-24
6.370038008314270250e+00 2.649265045588235594e-24
6.419679872037050039e+00 2.572211014830776421e-24
6.469708596031408021e+00 2.497879787636573199e-24
6.520127195109008511e+00 2.426150253349481644e-24
6.570938707576019056e+00 2.356908889283504112e-24
6.622146195416195980e+00 2.290049120884772226e-24
6.673752744475415000e+00 2.224792575093986267e-24
6.725761464647628252e+00 2.161397507233164341e-24
6.778175490062257502e+00 2.100141596014790113e-24
6.830997979273086607e+00 2.040939997890178959e-24
6.884232115448578604e+00 1.983712412441447786e-24
6.937881106563702716e+00 1.928382735403364369e-24
6.991948185593272136e+00 1.874878753174451279e-24
7.046436610706736658e+00 1.823131853588604345e-24
7.101349665464545602e+00 1.773076772178812086e-24
7.156690659016025080e+00 1.724651354177250716e-24
7.212462926298772281e+00 1.677796345557837947e-24
7.268669828239636921e+00 1.632455206714449494e-24
7.325314751957265003e+00 1.588573926691097016e-24
7.382401110966188895e+00 1.546100865305987513e-24
7.439932345382551659e+00 1.504986617355447239e-24
7.497911922131407003e+00 1.465183865520251525e-24
7.556343335155633945e+00 1.426647269103342160e-24
7.615230105626504375e+00 1.389333345145358771e-24
7.674575782155860004e+00 1.353200371853431141e-24
7.734383941009959962e+00 1.318208287697199089e-24
7.794658186324999072e+00 1.284318607282240957e-24
7.855402150324295896e+00 1.251494343680368408e-24
7.916619493537168317e+00 1.219699930179463209e-24
7.978313905019535746e+00 1.188901148874341802e-24
8.040489102576222180e+00 1.159065073137539046e-24
8.103148832984988559e+00 1.130160000671739181e-24
8.166296872222336134e+00 1.102155403515768199e-24
8.229937025691045349e+00 1.075021871109649485e-24
8.294073128449483079e+00 1.048731061681707274e-24
8.358709045442731522e+00 1.023255659107874747e-24
8.423848671735486349e+00 9.985693259943474393e-25
8.489495932746768503e+00 9.746466650515720828e-25
8.555654784486495856e+00 9.514631771129976836e-25
8.622329213793868519e+00 9.289952289326695122e-25
8.689523238577617548e+00 9.072200142268786978e-25
8.757240908058138373e+00 8.861155197384982471e-25
8.825486303011505385e+00 8.656604998342230050e-25
8.894263536015376559e+00 8.458344391692762776e-25
8.963576751696830769e+00 8.266175281076285409e-25
9.033430126982132435e+00 8.079906345120718519e-25
9.103827871348423528e+00 7.899352772151084691e-25
9.174774227077424626e+00 7.724336014210475712e-25
9.246273469511047338e+00 7.554683531513955917e-25
9.318329907309045979e+00 7.390228582587867063e-25
9.390947882708687189e+00 7.230809984021851176e-25
9.464131771786378877e+00 7.076271915133237695e-25
9.537885984721404142e+00 6.926463711255483931e-25
9.612214966061698007e+00 6.781239658709262224e-25
9.687123194991649200e+00 6.640458810542625771e-25
9.762615185602044221e+00 6.503984829223769430e-25
9.838695487162103959e+00 6.371685768547131748e-25
9.915368684393603971e+00 6.243433951324926003e-25
9.992639397747167251e+00 6.119105789348395125e-25
1.007051228368071882e+01 6.003432907432180816e-25
1.014899203494005953e+01 5.891634336413285193e-25
1.022808338084167801e+01 5.783086667251779477e-25
1.030779108755775475e+01 5.677694466993343167e-25
1.038811995840335101e+01 5.575365266376677460e-25
1.046907483412588746e+01 5.476009474056429834e-25
1.055066059319685934e+01 5.379540257056151417e-25
1.063288215210579679e+01 5.285873422741517524e-25
1.071574446565655414e+01 5.194927355844881874e-25
1.079925252726591012e+01 5.106622912848618943e-25
1.088341136926445074e+01 5.020883311147462239e-25
1.096822606319983606e+01 4.937634072955446621e-25
1.105370172014243657e+01 4.856802930538054231e-25
1.113984349099330551e+01 4.778319749349106521e-25
1.122665656679461144e+01 4.702116437384307260e-25
1.131414617904242803e+01 4.628126915433929942e-25
1.140231760000200723e+01 4.556286989594242773e-25
1.149117614302551083e+01 4.486534342663407053e-25
1.158072716287217041e+01 4.418808434764114877e-25
1.167097605603098742e+01 4.353050449942019534e-25
1.176192826104595213e+01 4.289203256403211050e-25
1.185358925884374592e+01 4.227211328894245049e-25
1.194596457306404602e+01 4.167020708665835556e-25
1.203905977039241115e+01 4.108578957646322985e-25
1.213288046089569505e+01 4.051835088153552841e-25
1.222743229836014933e+01 3.996739554475914470e-25
1.232272098063213228e+01 3.943244174291235221e-25
1.241875224996144311e+01 3.891302104888285171e-25
1.251553189334737759e+01 3.840867804213842254e-25
1.261306574288748017e+01 3.791896988606741823e-25
1.271135967612895179e+01 3.744346584620595623e-25
1.281041961642286786e+01 3.698174721565512480e-25
1.291025153328114428e+01 3.653340673697387605e-25
1.301086144273622835e+01 3.609804842277919237e-25
1.311225540770366216e+01 3.567528715572587771e-25
1.321443953834745422e+01 3.526474848254388524e-25
1.331741999244825436e+01 3.486606827094763991e-25
1.342120297577444710e+01 3.447889245591116639e-25
1.352579474245614577e+01 3.410287674046203652e-25
1.363120159536203424e+01 3.373768645653959537e-25
1.373742988647920527e+01 3.338299619541575831e-25
1.384448601729596717e+01 3.303848966108681370e-25
1.395237643918756554e+01 3.270385938902038799e-25
1.406110765380496730e+01 3.237880651766778076e-25
1.417068621346669133e+01 3.206304065435417900e-25
1.428111872155361617e+01 3.175627958866223171e-25
1.439241183290693016e+01 3.145824915829191262e-25
1.450457225422918128e+01 3.116868293741230526e-25
1.461760674448840014e+01 3.088732221026284684e-25
1.473152211532542033e+01 3.061391566583626165e-25
1.484632523146438210e+01 3.034821926050518979e-25
1.496202301112636057e+01 3.008999602832959644e-25
1.507862242644633000e+01 2.983901589118908307e-25
1.519613050389326148e+01 2.959505558623372246e-25
1.531455432469357625e+01 2.935789835610152330e-25
1.543390102525788343e+01 2.912733388746216211e-25
1.555417779761100050e+01 2.890315814324119083e-25
1.567539188982537013e+01 2.868517313350484155e-25
1.579755060645786280e+01 2.847318687714488918e-25
1.592066130898992427e+01 2.826701315803060898e-25
1.604473141627120114e+01 2.806647142691931523e-25
1.616976840496664281e+01 2.787138662146714585e-25
1.629577981000701570e+01 2.768158906207460117e-25
1.642277322504298454e+01 2.749691430181701637e-25
1.655075630290274091e+01 2.731720295688615946e-25
1.667973675605313844e+01 2.714230061964700938e-25
1.680972235706447293e+01 2.697205768663801297e-25
1.694072093907889709e+01 2.680632926916929373e-25
1.707274039628241269e+01 2.664497501401984702e-25
1.720578868438059672e+01 2.648785903598443700e-25
1.733987382107807917e+01 2.633484974185220729e-25
1.747500388656161974e+01 2.618581974540532527e-25
1.761118702398708180e+01 2.604064573691494725e-25
1.774843143997016526e+01 2.589920836689988357e-25
1.788674540508091226e+01 2.576139212329890923e-25
1.802613725434210679e+01 2.562708524998714391e-25
1.816661538773160700e+01 2.549617959434065370e-25
1.830818827068848265e+01 2.536857053735519920e-25
1.845086443462317405e+01 2.524415687157321343e-25
1.859465247743164085e+01 2.512284069741799742e-25
1.873956106401342936e+01 2.500452733505414814e-25
1.888559892679387175e+01 2.488912521245570075e-25
1.903277486625032822e+01 2.477654577139310719e-25
1.918109775144246498e+01 2.466670339012665281e-25
1.933057652054675302e+01 2.455951527238098728e-25
1.948122018139512690e+01 2.445490137149961646e-25
1.963303781201774356e+01 2.435278429074638213e-25
1.978603856119007531e+01 2.425308921698170137e-25
1.994023164898425549e+01 2.415574382237678392e-25
2.009562636732463758e+01 2.406067818365670653e-25
2.025223208054777757e+01 2.396782472435896869e-25
2.041005822596676111e+01 2.387711811094855496e-25
2.056911431443985094e+01 2.378849519814289623e-25
2.072940993094369944e+01 2.370189494981756609e-25
2.089095473515089907e+01 2.361725837218750391e-25
2.105375846201209811e+01 2.353452843663514026e-25
2.121783092234269219e+01 2.345365003183144216e-25
2.138318200341397457e+01 2.337456987727305518e-25
2.154982166954898304e+01 2.329723648067803973e-25
2.171775996272300446e+01 2.322160006504917413e-25
2.188700700316866232e+01 2.314761251561137735e-25
2.205757298998579330e+01 2.307522732146606531e-25
2.222946820175610938e+01 2.300439952272707147e-25
2.240270299716252822e+01 2.293508565282867434e-25
2.257728781561344533e+01 2.286724369131674342e-25
2.275323317787184862e+01 2.280083301235857846e-25
2.293054968668926463e+01 2.273581433429772653e-25
2.310924802744472473e+01 2.267214967613827861e-25
2.328933896878871934e+01 2.260980231170774388e-25
2.347083336329205494e+01 2.254873671986746660e-25
2.365374214809989795e+01 2.248891855359129773e-25
2.383807634559089195e+01 2.243031459006548784e-25
2.402384706404131620e+01 2.237289269220108722e-25
2.421106549829451282e+01 2.231662177198235810e-25
2.439974293043556486e+01 2.226147175497783334e-25
2.458989073047107254e+01 2.220741354304567352e-25
2.478152035701439360e+01 2.215441897723320551e-25
2.497464335797616286e+01 2.210246080857355614e-25
2.516927137126014813e+01 2.205151266496324279e-25
2.536541612546457714e+01 2.200154901808547050e-25
2.556308944058897836e+01 2.195254515693317780e-25
2.576230322874638290e+01 2.190447715533073852e-25
2.596306949488122484e+01 2.185732184630115035e-25
2.616540033749279459e+01 2.181105679464296846e-25
2.636930794936425215e+01 2.176566027102761703e-25
2.657480461829742424e+01 2.172111122666853299e-25
2.678190272785330706e+01 2.167738927065477879e-25
2.699061475809826760e+01 2.163447464456991077e-25
2.720095328635613185e+01 2.159234820189459057e-25
2.741293098796615979e+01 2.155099138460114727e-25
2.762656063704679710e+01 2.151038620537477629e-25
2.784185510726555535e+01 2.147051522398605707e-25
2.805882737261472570e+01 2.143136153136704534e-25
2.827749050819322818e+01 2.139290872777833904e-25
2.849785769099460708e+01 2.135514090806328683e-25
2.871994220070099502e+01 2.131804264135415264e-25
2.894375742048341138e+01 2.128159895701104048e-25
2.916931683780831364e+01 2.124579532798743719e-25
2.939663404525025925e+01 2.121061765371212641e-25
2.962572274131109040e+01 2.117605224751704693e-25
2.985659673124544611e+01 2.114208582069816331e-25
3.008926992789260524e+01 2.110870547035836087e-25
3.032375635251500157e+01 2.107589866402656138e-25
3.056007013564306618e+01 2.104365322963222095e-25
3.079822551792681296e+01 2.101195734064284786e-25
3.103823685099403207e+01 2.098079950537240388e-25
3.128011859831505959e+01 2.095016855582776848e-25
3.152388533607441090e+01 2.092005363642551752e-25
3.176955175404921761e+01 2.089044419307679240e-25
3.201713265649436124e+01 2.086132996411355353e-25
3.226664296303464141e+01 2.083270096907265613e-25
3.251809770956392498e+01 2.080454750075914194e-25
3.277151204915110583e+01 2.077686011494759086e-25
3.302690125295332990e+01 2.074962962196509006e-25
3.328428071113629017e+01 2.072284707901717530e-25
3.354366593380158434e+01 2.069650378116820299e-25
3.380507255192139837e+01 2.067059125400398572e-25
3.406851631828053684e+01 2.064510124603770147e-25
3.433401310842558019e+01 2.062002572189630599e-25
3.460157892162165183e+01 2.059535685426191745e-25
3.487122988181658201e+01 2.057108701873971835e-25
3.514298223861248260e+01 2.054720878593644598e-25
3.541685236824501004e+01 2.052371491599623782e-25
3.569285677457028783e+01 2.050059835276013966e-25
3.597101209005933953e+01 2.047785221778253167e-25
3.625133507680045142e+01 2.045546980433196087e-25
3.653384262750932976e+01 2.043344457302640431e-25
3.681855176654698880e+01 2.041177014570366297e-25
3.710547965094568923e+01 2.039044030140973246e-25
3.739464357144293416e+01 2.036944897065201083e-25
3.768606095352331664e+01 2.034879023145659645e-25
3.797974935846865918e+01 2.032845830486148166e-25
3.827572648441636005e+01 2.030844755049871900e-25
3.857401016742574740e+01 2.028875246247342957e-25
3.887461838255303803e+01 2.026936766546257608e-25
3.917756924493453852e+01 2.025028791096016528e-25
3.948288101087822355e+01 2.023150807346736052e-25
3.979057207896390480e+01 2.021302314693881772e-25
4.010066099115206129e+01 2.019482824154444872e-25
4.041316643390103280e+01 2.017691858015970959e-25
4.072810723929327992e+01 2.015928949530643408e-25
4.104550238617008517e+01 2.014193642598355384e-25
4.136537100127531374e+01 2.012485491488271282e-25
4.168773236040807717e+01 2.010804060530643325e-25
4.201260588958419362e+01 2.009148923865913552e-25
4.234001116620692784e+01 2.007519665151554705e-25
4.266996792024676921e+01 2.005915877339335403e-25
4.300249603543031185e+01 2.004337162391868738e-25
4.333761555043851388e+01 2.002783131077578734e-25
4.367534666011432876e+01 2.001253402718626378e-25
4.401570971667955945e+01 1.999747604973954688e-25
4.435872523096138309e+01 1.998265373624016895e-25
4.470441387362842534e+01 1.996806352378553043e-25
4.505279647643626362e+01 1.995370192654668594e-25
4.540389403348287800e+01 1.993956553394065717e-25
4.575772770247383647e+01 1.992565100875508089e-25
4.611431880599715782e+01 1.991195508540490034e-25
4.647368883280831398e+01 1.989847456812925787e-25
4.683585943912525096e+01 1.988520632930614145e-25
4.720085244993330065e+01 1.987214730786485423e-25
4.756868986030042379e+01 1.985929450772106427e-25
4.793939383670277010e+01 1.984664499618286862e-25
4.831298671836032099e+01 1.983419590265437686e-25
4.868949101858314776e+01 1.982194441704342827e-25
4.906892942612816455e+01 1.980988778845455458e-25
4.945132480656627649e+01 1.979802332396803166e-25
4.983670020366032816e+01 1.978634838714780523e-25
5.022507884075386642e+01 1.977486039707805161e-25
5.061648412217044779e+01 1.976355682687781656e-25
5.101093963462410130e+01 1.975243520280156471e-25
5.140846914864078343e+01 1.974149310295011912e-25
5.180909661999065463e+01 1.973072815627175509e-25
5.221284619113180980e+01 1.972013804147874338e-25
5.261974219266517139e+01 1.970972048604135202e-25
5.302980914480057351e+01 1.969947326528100751e-25
5.344307175883443506e+01 1.968939420129636139e-25
5.385955493863902177e+01 1.967948116215573933e-25
5.427928378216299166e+01 1.966973206093839926e-25
5.470228358294394866e+01 1.966014485496535857e-25
5.512857983163273445e+01 1.965071754486726612e-25
5.555819821752935184e+01 1.964144817385660134e-25
5.599116463013128708e+01 1.963233482694971506e-25
5.642750516069339994e+01 1.962337563015015486e-25
5.686724610380037603e+01 1.961456874982458540e-25
5.731041395895132240e+01 1.960591239192788748e-25
5.775703543215650626e+01 1.959740480136388190e-25
5.820713743754681246e+01 1.958904426131248753e-25
5.866074709899567097e+01 1.958082909261165925e-25
5.911789175175346145e+01 1.957275765313325556e-25
5.957859894409484980e+01 1.956482833722697462e-25
6.004289643897896411e+01 1.955703957509796674e-25
6.051081221572227520e+01 1.954938983232743474e-25
6.098237447168475001e+01 1.954187760930177528e-25
6.145761162396918564e+01 1.953450144070767194e-25
6.193655231113346105e+01 1.952725989507679088e-25
6.241922539491645239e+01 1.952015157427322856e-25
6.290565996197736354e+01 1.951317511309561153e-25
6.339588532564837209e+01 1.950632917880160890e-25
6.388993102770116650e+01 1.949961247074297815e-25
6.438782684012728907e+01 1.949302371993574283e-25
6.488960276693207163e+01 1.948656168872937582e-25
6.539528904594276071e+01 1.948022517042422880e-25
6.590491615063088204e+01 1.947401298896843372e-25
6.641851479194833985e+01 1.946792399863086284e-25
6.693611592017829537e+01 1.946195708374291717e-25
6.745775072680027051e+01 1.945611115840180599e-25
6.798345064636970392e+01 1.945038516626754217e-25
6.851324735841228630e+01 1.944477808031973194e-25
6.904717278933314617e+01 1.943928890270150734e-25
6.958525911434054478e+01 1.943391666454483217e-25
7.012753875938497572e+01 1.942866042585896547e-25
7.067404440311324265e+01 1.942351927543745511e-25
7.122480897883757223e+01 1.941849233080467349e-25
7.177986567652027361e+01 1.941357873822466357e-25
7.233924794477398734e+01 1.940877767272985123e-25
7.290298949287712560e+01 1.940408833822042739e-25
7.347112429280528545e+01 1.939950996762947967e-25
7.404368658127866354e+01 1.939504182314386596e-25
7.462071086182491797e+01 1.939068319651480663e-25
7.520223190685867110e+01 1.938643340947774961e-25
7.578828475977674373e+01 1.938229181425229746e-25
7.637890473707000183e+01 1.937825779418991866e-25
7.697412743045173045e+01 1.937433076459054413e-25
7.757398870900217958e+01 1.937051017367395268e-25
7.817852472133024833e+01 1.936679550379030517e-25
7.878777189775192369e+01 1.936318627289365883e-25
7.940176695248545968e+01 1.935968203633452722e-25
8.002054688586392217e+01 1.935628238905988687e-25
8.064414898656497144e+01 1.935298696828300726e-25
8.127261083385778306e+01 1.934979545677434604e-25
8.190597029986767552e+01 1.934670758689934912e-25
8.254426555185850134e+01 1.934372314560363961e-25
8.318753505453241814e+01 1.934084198060593756e-25
8.383581757234797749e+01 1.933806400813566893e-25
8.448915217185621884e+01 1.933538922264672507e-25
8.514757822405468346e+01 1.933281770912724655e-25
8.581113540676001605e+01 1.933034965882202532e-25
8.647986370699926795e+01 1.932798538945652690e-25
8.715380342341917697e+01 1.932572537158208582e-25
8.783299516871490198e+01 1.932357026319082556e-25
8.851747987207740209e+01 1.932152095579038328e-25
8.920729878165977311e+01 1.931957863651119753e-25
8.990249346706292499e+01 1.931774487303520132e-25
9.060310582184085604e+01 1.931602173160416843e-25
9.130917806602495546e+01 1.931441194384680603e-25
9.202075274866830057e+01 1.931291914732843814e-25
9.273787275041000555e+01 1.931154824002380202e-25
9.346058128605885429e+01 1.931030591572103288e-25
9.418892190719775215e+01 1.930920149563624754e-25
9.492293850480828610e+01 1.930824826217058176e-25
9.566267531191542162e+01 1.930746567872659312e-25
9.640817690625316061e+01 1.930688324790723952e-25
9.715948821295106086e+01 1.930654757138299693e-25
9.791665450724114805e+01 1.930653609619853463e-25
9.867972141718647094e+01 1.930698601129568524e-25
9.944873492643085910e+01 1.930816118516133255e-25
1.002237413769696843e+02 1.931062832792049234e-25
1.010047874719425067e+02 1.931581013865218874e-25
1.017919202784478472e+02 1.932824847823200173e-25
1.025851872303792192e+02 1.937025475270701778e-25
1.033846361312837132e+02 1.978589007847091349e-25
1.041903151572423241e+02 2.002805743299294315e-25
1.050022728597737967e+02 1.935724172004579240e-25
1.058205581687600016e+02 1.931569731348315920e-25
1.066452203953943325e+02 1.930567395856178346e-25
1.074763092351537921e+02 1.930216234499584591e-25
1.083138747707935323e+02 1.930081244044444524e-25
1.091579674753644582e+02 1.930040370943071553e-25
1.100086382152555871e+02 1.930049307611715628e-25
1.108659382532589319e+02 1.930089106362815511e-25
1.117299192516584156e+02 1.930150689547230881e-25
1.126006332753437249e+02 1.930229332780403370e-25
1.134781327949475127e+02 1.930322420400474232e-25
1.143624706900070578e+02 1.930428435695444157e-25
1.152537002521514893e+02 1.930546469369229444e-25
1.161518751883129568e+02 1.930675964571390672e-25
1.170570496239626834e+02 1.930816577526510865e-25
1.179692781063733946e+02 1.930968097933860291e-25
1.188886156079060470e+02 1.931130401777651918e-25
1.198151175293222082e+02 1.931303422440342218e-25
1.207488397031233518e+02 1.931487132522227296e-25
1.216898383969149506e+02 1.931681532119021320e-25
1.226381703167970159e+02 1.931886641100563793e-25
1.235938926107819071e+02 1.932102493929242284e-25
1.245570628722379070e+02 1.932329136124723941e-25
1.255277391433594403e+02 1.932566621816870351e-25
1.265059799186655596e+02 1.932815012030066111e-25
1.274918441485245921e+02 1.933074373467364620e-25
1.284853912427061289e+02 1.933344777640322868e-25
1.294866810739619325e+02 1.933626300242020762e-25
1.304957739816336186e+02 1.933919020692257083e-25
1.315127307752884178e+02 1.934223021806644150e-25
1.325376127383843823e+02 1.934538389555331869e-25
1.335704816319631050e+02 1.934865212887658865e-25
1.346113996983710308e+02 1.935203583605164434e-25
1.356604296650112076e+02 1.935553596270770119e-25
1.367176347481229470e+02 1.935915348145271103e-25
1.377830786565907033e+02 1.936288939144143452e-25
1.388568255957844144e+02 1.936674471810336929e-25
1.399389402714279811e+02 1.937072051298890480e-25
1.410294878934981853e+02 1.937481785371253134e-25
1.421285341801552420e+02 1.937903784396557981e-25
1.432361453617025404e+02 1.938338161359447025e-25
1.443523881845774781e+02 1.938785031872004970e-25
1.454773299153745256e+02 1.939244514189964747e-25
1.466110383448984180e+02 1.939716729232362369e-25
1.477535817922487809e+02 1.940201800603621312e-25
1.489050291089381517e+02 1.940699854618725072e-25
1.500654496830406970e+02 1.941211020330383492e-25
1.512349134433729603e+02 1.941735429558797330e-25
1.524134908637090291e+02 1.942273216923570405e-25
1.536012529670268520e+02 1.942824519877998220e-25
1.547982713297877240e+02 1.943389478746133682e-25
1.560046180862505310e+02 1.943968236762426290e-25
1.572203659328182255e+02 1.944560940114726400e-25
1.584455881324181519e+02 1.945167737991014570e-25
1.596803585189179557e+02 1.945788782630213224e-25
1.609247515015744341e+02 1.946424229378437495e-25
1.621788420695170316e+02 1.947074236751140312e-25
1.634427057962678873e+02 1.947738966502929870e-25
1.647164188442954185e+02 1.948418583706533239e-25
1.660000579696035743e+02 1.949113256843122082e-25
1.672937005263582364e+02 1.949823157907005120e-25
1.685974244715482087e+02 1.950548462528299693e-25
1.699113083696825299e+02 1.951289350118863417e-25
1.712354313975259004e+02 1.952046004047613879e-25
1.725698733488695211e+02 1.952818611854926416e-25
1.739147146393390528e+02 1.953607365517910812e-25
1.752700363112416539e+02 1.954412461783789997e-25
1.766359200384491714e+02 1.955234102595310298e-25
1.780124481313194451e+02 1.956072495642009953e-25
1.793997035416574590e+02 1.956927855086692756e-25
1.807977698677136971e+02 1.957800402539493873e-25
1.822067313592213509e+02 1.958690368387850454e-25
1.836266729224743983e+02 1.959597993649718752e-25
1.850576801254436248e+02 1.960523532611786842e-25
1.864998392029326340e+02 1.961467256675967863e-25
1.879532370617755248e+02 1.962429460118862939e-25
1.894179612860732789e+02 1.963410468978768461e-25
1.908941001424721833e+02 1.964410655247867317e-25
1.923817425854821010e+02 1.965430460459869344e-25
1.938809782628381413e+02 1.966470436782506174e-25
1.953918975209024325e+02 1.967531322765780159e-25
1.969145914101080166e+02 1.968614192990056844e-25
1.984491516904466835e+02 1.969720780644929009e-25
1.999956708369982152e+02 1.970854256478912382e-25
2.015542420455023489e+02 1.972021424910155103e-25
2.031249592379760713e+02 1.973240490211044678e-25
2.047079170683730354e+02 1.974580958677833085e-25
2.063032109282868873e+02 1.976623439511771462e-25
2.079109369527008937e+02 2.000558310580628382e-25
2.095311920257806548e+02 1.977961063772936864e-25
2.111640737867118389e+02 1.979067477635100708e-25
2.128096806355852948e+02 1.980339847647222376e-25
2.144681117393262753e+02 1.981648848663835187e-25
2.161394670376696752e+02 1.982981878661632118e-25
2.178238472491838138e+02 1.984337220271405832e-25
2.195213538773393793e+02 1.985714927867679387e-25
2.212320892166253827e+02 1.987115396204593282e-25
2.229561563587150204e+02 1.988539070582832779e-25
2.246936591986774658e+02 1.989986385023788953e-25
2.264447024412380358e+02 1.991457752904734998e-25
2.282093916070892590e+02 1.992953569688562415e-25
2.299878330392489829e+02 1.994474217644433171e-25
2.317801339094681907e+02 1.996020070095550211e-25
2.335864022246906018e+02 1.997591494761262848e-25
2.354067468335608453e+02 1.999188856278327427e-25
2.372412774329828551e+02 2.000812518082131753e-25
2.390901045747320666e+02 2.002462843813820597e-25
2.409533396721166127e+02 2.004140198382066714e-25
2.428310950066905889e+02 2.005844948775114966e-25
2.447234837350216878e+02 2.007577464691073439e-25
2.466306198955096249e+02 2.009338119036610951e-25
2.485526184152573421e+02 2.011127288329306731e-25
2.504895951169983448e+02 2.012945353030229449e-25
2.524416667260755673e+02 2.014792697826502185e-25
2.544089508774746662e+02 2.016669711878871411e-25
2.563915661229143552e+02 2.018576789046645409e-25
2.583896319379898614e+02 2.020514328100472067e-25
2.604032687293719732e+02 2.022482732932745478e-25
2.624325978420643537e+02 2.024482412775414716e-25
2.644777415667152241e+02 2.026513782436416841e-25
2.665388231469862035e+02 2.028577262568242005e-25
2.686159667869804935e+02 2.030673279986433185e-25
2.707092976587269959e+02 2.032802268062182244e-25
2.728189419097225255e+02 2.034964667224581237e-25
2.749450266705351851e+02 2.037160925624241558e-25
2.770876800624648695e+02 2.039391500038292336e-25
2.792470312052630561e+02 2.041656857142900146e-25
2.814232102249154082e+02 2.043957475357584049e-25
2.836163482614826989e+02 2.046293847606115255e-25
2.858265774770025587e+02 2.048666485594889287e-25
2.880540310634554544e+02 2.051075926705009387e-25
2.902988432507903553e+02 2.053522745599299342e-25
2.925611493150125284e+02 2.056007574820211122e-25
2.948410855863375559e+02 2.058531143730251982e-25
2.971387894574056077e+02 2.061094358156649117e-25
2.994543993915602869e+02 2.063698480654165996e-25
3.017880549311942673e+02 2.066345598084597320e-25
3.041398967061576855e+02 2.069040096366257520e-25
3.065100664422314480e+02 2.071795009511199149e-25
3.088987069696701724e+02 2.074682494113204901e-25
3.113059622318079391e+02 2.090814095249145432e-25
3.137319772937320295e+02 2.080006162364103124e-25
3.161768983510263524e+02 2.082910506638256046e-25
3.186408727385806401e+02 2.085855908590038984e-25
3.211240489394681958e+02 2.088837949689134624e-25
3.236265765938954928e+02 2.091860517993366467e-25
3.261486065082187338e+02 2.094925802037541525e-25
3.286902906640310107e+02 2.098035186465328710e-25
3.312517822273226216e+02 2.101189692568326199e-25
3.338332355577101112e+02 2.104390165021324154e-25
3.364348062177374459e+02 2.107637356922319469e-25
3.390566509822522789e+02 2.110931971792369185e-25
3.416989278478527012e+02 2.114274685849233518e-25
3.443617960424069793e+02 2.117666160557346142e-25
3.470454160346512253e+02 2.121107050077826473e-25
3.497499495438582926e+02 2.124598005901374737e-25
3.524755595495823854e+02 2.128139679857646795e-25
3.552224103014823982e+02 2.131732726158220615e-25
3.579906673292189225e+02 2.135377802854278151e-25
3.607804974524281647e+02 2.139075572940992382e-25
3.635920687907769207e+02 2.142826705261819967e-25
3.664255507740929261e+02 2.146631875324719061e-25
3.692811141525733660e+02 2.150491766125924278e-25
3.721589310070772285e+02 2.154407069083572976e-25
3.750591747594938852e+02 2.158378485210093275e-25
3.779820201831925033e+02 2.162406726716901697e-25
3.809276434135567797e+02 2.166492519367156949e-25
3.838962219585976641e+02 2.170636606134691341e-25
3.868879347096493007e+02 2.174839753214402482e-25
3.899029619521515997e+02 2.179102760474694407e-25
3.929414853765134694e+02 2.183426480836322497e-25
3.960036880890602902e+02 2.187811859074534465e-25
3.990897546230708599e+02 2.192260017437556889e-25
4.021998709498963649e+02 2.196772470630377575e-25
4.053342244901661502e+02 2.201351774333807543e-25
4.084930041250843828e+02 2.206004134611923490e-25
4.116764002078110138e+02 2.210757650901926243e-25
4.148846045749318137e+02 2.217201443046277532e-25
4.181178105580209490e+02 2.220156745979521520e-25
4.213762129952903024e+02 2.225095868635193356e-25
4.246600082433295711e+02 2.230077873028704631e-25
4.279693941889414077e+02 2.235121074174507495e-25
4.313045702610652938e+02 2.240230680333035332e-25
4.346657374427940113e+02 2.245409064437274907e-25
4.380530982834878273e+02 2.250657738935579867e-25
4.414668569109793452e+02 2.255977888173365748e-25
4.449072190438729422e+02 2.261370552377905095e-25
4.483743920039445356e+02 2.266836702907976235e-25
4.518685847286337207e+02 2.272377277043211389e-25
4.553900077836335072e+02 2.277993672462846473e-25
4.589388733755817498e+02 2.283686391092590499e-25
4.625153953648480751e+02 2.289456283439903897e-25
4.661197892784197165e+02 2.295304265940034647e-25
4.697522723228924519e+02 2.301231260823126300e-25
4.734130633975585738e+02 2.307238198542123043e-25
4.771023831075963244e+02 2.313327334982351476e-25
4.808204537773672200e+02 2.319499212216469375e-25
4.845674994638119415e+02 2.325753908441056788e-25
4.883437459699508736e+02 2.332092424982577221e-25
4.921494208584945795e+02 2.338515805377677057e-25
4.959847534655552863e+02 2.345025165668132035e-25
4.998499749144658608e+02 2.351621762347042632e-25
5.037453181297104834e+02 2.358307167569505172e-25
5.076710178509595153e+02 2.365083820521208416e-25
5.116273106472139034e+02 2.371957420322086707e-25
5.156144349310642383e+02 2.378957175335705584e-25
5.196326309730563935e+02 2.385921015901669503e-25
5.236821409161686915e+02 2.392984910073295287e-25
5.277632087904075888e+02 2.400237583751213930e-25
5.318760805275113626e+02 2.407569014006517470e-25
5.360210039757685081e+02 2.414991342353703513e-25
5.401982289149573262e+02 2.422508275062817743e-25
5.444080070713953319e+02 2.430121825916519215e-25
5.486505921331101945e+02 2.437833490642228768e-25
5.529262397651248193e+02 2.445644567284558025e-25
5.572352076248678259e+02 2.453556268856978849e-25
5.615777553776983950e+02 2.461569770324281399e-25
5.659541447125526474e+02 2.469686230971499236e-25
5.703646393577165554e+02 2.477908175966612135e-25
5.748095050967175439e+02 2.486235863833180111e-25
5.792890097843385320e+02 2.494669997980764107e-25
5.838034233627633967e+02 2.503211764762771504e-25
5.883530178778419213e+02 2.511862376448298797e-25
5.929380674954823007e+02 2.520623087490901775e-25
5.975588485181762053e+02 2.529495227786072913e-25
6.022156394016473087e+02 2.538480281029199811e-25
6.069087207716299872e+02 2.547580103789010863e-25
6.116383754407836477e+02 2.556797710599177309e-25
6.164048884257337022e+02 2.566141626898307682e-25
6.212085469642455564e+02 2.575710172330688542e-25
6.260496405325370688e+02 2.585029837714114844e-25
6.309284608627218631e+02 2.594756018005180012e-25
6.358453019603869052e+02 2.604569587936748512e-25
6.408004601223141208e+02 2.614498821603178623e-25
6.457942339543335493e+02 2.624549036148841495e-25
6.508269243893156499e+02 2.634722721760487248e-25
6.558988347053104917e+02 2.645021661775280536e-25
6.610102705438212070e+02 2.655447400746250141e-25
6.661615399282209182e+02 2.666001390268001890e-25
6.713529532823184809e+02 2.676685045622422620e-25
6.765848234490631512e+02 2.687499772296351419e-25
6.818574657093947735e+02 2.698446981627208778e-25
6.871711978012478994e+02 2.709528103941133740e-25
6.925263399386961964e+02 2.720744605492534782e-25
6.979232148312477193e+02 2.732098019285054406e-25
7.033621477032955909e+02 2.743590015935549045e-25
7.088434663137147709e+02 2.755225686100548449e-25
7.143675009756112786e+02 2.767012124904156285e-25
7.199345845762311455e+02 2.778950893957815360e-25
7.255450525970192075e+02 2.791193592444258004e-25
7.311992431338331926e+02 2.803141010450805196e-25
7.368974969173224281e+02 2.815528137607602970e-25
7.426401573334585464e+02 2.828042816315349872e-25
7.484275704442266033e+02 2.840702784073665767e-25
7.542600850084832018e+02 2.853512304781942422e-25
7.601380525029715045e+02 2.866473776677677171e-25
7.660618271434990447e+02 2.879589116027137791e-25
7.720317659062886833e+02 2.892860079260311207e-25
7.780482285494875896e+02 2.906288368088506843e-25
7.841115776348444797e+02 2.919875674349996002e-25
7.902221785495635231e+02 2.933623707420009598e-25
7.963803995283201402e+02 2.947534223131991834e-25
8.025866116754493760e+02 2.961609075712411827e-25
8.088411889873140126e+02 2.975850350339375251e-25
8.151445083748395746e+02 2.990260817192944984e-25
8.214969496862253209e+02 3.004846308004674919e-25
8.278988957298396372e+02 3.019652705049400676e-25
8.343507322972856173e+02 3.034426371729691805e-25
8.408528481866477478e+02 3.049556102039971219e-25
8.474056352259257210e+02 3.064833144451145477e-25
8.540094882966449177e+02 3.080283266918555327e-25
8.606648053576492430e+02 3.095911396321380776e-25
8.673719874690885945e+02 3.111720270840434882e-25
8.741314388165844775e+02 3.127712121244250021e-25
8.809435667355842270e+02 3.143889027200902658e-25
8.878087817359131577e+02 3.160253031145952563e-25
8.947274975265096373e+02 3.176806193364816429e-25
9.017001310403536536e+02 3.193550643835273801e-25
9.087271024595964946e+02 3.210488681999132887e-25
9.158088352408796027e+02 3.227623082990892962e-25
9.229457561408497668e+02 3.244958538266002689e-25
9.301382952418814511e+02 3.262517690381781997e-25
9.373868859779920513e+02 3.280122442615364570e-25
9.446919651609578068e+02 3.298105810985123351e-25
9.520539730066429911e+02 3.316251749105359506e-25
9.594733531615247557e+02 3.334600127596244808e-25
9.669505527294256808e+02 3.353156673261268615e-25
9.744860222984621032e+02 3.371924549781101366e-25
9.820802159681948069e+02 3.390906389854800684e-25
9.897335913769907165e+02 3.410104690318704562e-25
9.974466097296069620e+02 3.429521941715848112e-25
1.005219735824979466e+03 3.449160713397948900e-25
1.013053438084235040e+03 3.469023799077203971e-25
1.020948188578914824e+03 3.489114706689804088e-25
1.028904463059428053e+03 3.509440614814461900e-25
1.036922740983718768e+03 3.530120447834516347e-25
1.045003505546155566e+03 3.550713343343517845e-25
1.053147243706655672e+03 3.571746661088644961e-25
1.061354446220027512e+03 3.593006605409553878e-25
1.069625607665539974e+03 3.614505323557590393e-25
1.077961226476733827e+03 3.636247170055195314e-25
1.086361804971455058e+03 3.658235435983258250e-25
1.094827849382121485e+03 3.680473182905416834e-25
1.103359869886236311e+03 3.702963466179469032e-25
1.111958380637128130e+03 3.725709480362265043e-25
1.120623899794932186e+03 3.748714869169992601e-25
1.129356949557821736e+03 3.771985200611210912e-25
1.138158056193473385e+03 3.795549001299443889e-25
1.147027750070777074e+03 3.819250042171684955e-25
1.155966565691804135e+03 3.843342862505774777e-25
1.164975041724014091e+03 3.867687982596879090e-25
1.174053721032711564e+03 3.892306673460528947e-25
1.183203150713767400e+03 3.917204453517863895e-25
1.192423882126584203e+03 3.942385349031089872e-25
1.201716470927318369e+03 3.967853119100464407e-25
1.211081477102371991e+03 3.993611563684500119e-25
1.220519465002135348e+03 4.019664792227191168e-25
1.230031003374991315e+03 4.046018143453482097e-25
1.239616665401596720e+03 4.072687190949597275e-25
1.249277028729419499e+03 4.099548500372404629e-25
1.259012675507545055e+03 4.126858195303018283e-25
1.268824192421763883e+03 4.154441446073721215e-25
1.278712170729924765e+03 4.182337534013304183e-25
1.288677206297558541e+03 4.210553350303111115e-25
1.298719899633795194e+03 4.239093825890937096e-25
1.308840855927546954e+03 4.267963609963156564e-25
1.319040685083974950e+03 4.297167490308138276e-25
1.329320001761249159e+03 4.326710958862085753e-25
1.339679425407587132e+03 4.356603677647058423e-25
1.350119580298576466e+03 4.386177096236890893e-25
1.360641095574804922e+03 4.417376884450582195e-25
1.371244605279767711e+03 4.448324623930187932e-25
1.381930748398072865e+03 4.479628034608798031e-25
1.392700168893955606e+03 4.511296746245993559e-25
1.403553515750080123e+03 4.543336946273270714e-25
1.414491443006643976e+03 4.575754426945078602e-25
1.425514609800801281e+03 4.608555222776740720e-25
1.436623680406377389e+03 4.641746695882621765e-25
1.447819324273896427e+03 4.675349762892314807e-25
1.459102216070931036e+03 4.709259127865539901e-25
1.470473035722754730e+03 4.743669806884020672e-25
1.481932468453311458e+03 4.778472221301853171e-25
1.493481204826516205e+03 4.813689932399825826e-25
1.505119940787866653e+03 4.849331303174552118e-25
1.516849377706375208e+03 4.885403611374171692e-25
1.528670222416845718e+03 4.921914311826613053e-25
1.540583187262463071e+03 4.958872370124129534e-25
1.552588990137714973e+03 4.996305955923895811e-25
1.564688354531663890e+03 5.034101721958972582e-25
1.576882009571540493e+03 5.072449594605322024e-25
1.589170690066676798e+03 5.111258346286748678e-25
1.601555136552796966e+03 5.150547184622594217e-25
1.614036095336638937e+03 5.190325839797641347e-25
1.626614318540922113e+03 5.230603436604721961e-25
1.639290564149681586e+03 5.271389873631302303e-25
1.652065596053941363e+03 5.312701438398659815e-25
1.664940184097741849e+03 5.354449205206982321e-25
1.677915104124541813e+03 5.396851354043558509e-25
1.690991138023968006e+03 5.439759910792298053e-25
1.704169073778926304e+03 5.483219593631739530e-25
1.717449705513098706e+03 5.527243071904983230e-25
1.730833833538792760e+03 5.571841854090221830e-25
1.744322264405163878e+03 5.617028442932916208e-25
1.757915810946830561e+03 5.662826143745286392e-25
1.771615292332851595e+03 5.709156448171698627e-25
1.785421534116085240e+03 5.756186732444010514e-25
1.799335368282948593e+03 5.803833057506586572e-25
1.813357633303549846e+03 5.852123039791689462e-25
1.827489174182209808e+03 5.901071655484084464e-25
1.841730842508394517e+03 5.950693721483292401e-25
1.856083496508025974e+03 6.001007784300190344e-25
1.870548001095203745e+03 6.051869428000138546e-25
1.885125227924318551e+03 6.103710063547763507e-25
1.899816055442591278e+03 6.156170804659854952e-25
1.914621368943003745e+03 6.209375705562334418e-25
1.929542060617641937e+03 6.263344464955782258e-25
1.944579029611473061e+03 6.318095734468901144e-25
1.959733182076522326e+03 6.373652057114851105e-25
1.975005431226475366e+03 6.429909997075729505e-25
1.990396697391719727e+03 6.487194755706329760e-25
2.005907908074800844e+03 6.545260621757815545e-25
2.021539998006308224e+03 6.604201064940490389e-25
2.037293909201216138e+03 6.664040328716971890e-25
2.053170591015644732e+03 6.724802518008608627e-25
2.069171000204064057e+03 6.786523709859300261e-25
2.085296100976960588e+03 6.849144551836602416e-25
2.101546865058938693e+03 6.912824122480457155e-25
2.117924271747268904e+03 6.977511851226215413e-25
2.134429307970916398e+03 7.043246398379179224e-25
2.151062968350008305e+03 7.110055093005416089e-25
2.167826255255764409e+03 7.177972508286553673e-25
2.184720178870914424e+03 7.246948637303689488e-25
2.201745757250567294e+03 7.317191621008385332e-25
2.218904016383554790e+03 7.388596274696972909e-25
2.236195990254269873e+03 7.461228463010151175e-25
2.253622720904973448e+03 7.535125917290360789e-25
2.271185258498579060e+03 7.610330718156926466e-25
2.288884661381954174e+03 7.686804439664215895e-25
2.306721996149688039e+03 7.764753485923686846e-25
2.324698337708362033e+03 7.844089639536786605e-25
2.342814769341337978e+03 7.924885063018834818e-25
2.361072382774031212e+03 8.007186614079113015e-25
2.379472278239693878e+03 8.091051585666558269e-25
2.398015564545729376e+03 8.176452675130068264e-25
2.416703359140505199e+03 8.263559149531767748e-25
2.435536788180683743e+03 8.352351558198633087e-25
2.454516986599102438e+03 8.442891734657021968e-25
2.473645098173158203e+03 8.535237267172253589e-25
2.492922275593724407e+03 8.629191797134373444e-25
2.512349680534632625e+03 8.725521025219652285e-25
2.531928483722665987e+03 8.823606379271873579e-25
2.551659865008103225e+03 8.923718259289572231e-25
2.571545013435832971e+03 9.025920319849783031e-25
2.591585127317000570e+03 9.130308320121572608e-25
2.611781414301211498e+03 9.236798582716186521e-25
2.632135091449321862e+03 9.345628610557819494e-25
2.652647385306774140e+03 9.456780119773670764e-25
2.673319531977500901e+03 9.570315681928976834e-25
2.694152777198432432e+03 9.686315562897746305e-25
2.715148376414555969e+03 9.804716643942919435e-25
2.736307594854566105e+03 9.925711582868829665e-25
2.757631707607123190e+03 1.004927035484193964e-24
2.779121999697685624e+03 1.017542838748077307e-24
2.800779766165938327e+03 1.030427009024487096e-24
2.822606312143850573e+03 1.043556076402807582e-24
2.844602952934317727e+03 1.056955421346469099e-24
2.866771014090414610e+03 1.070610815609337976e-24
2.889111831495292336e+03 1.084516481565689060e-24
2.911626751442673140e+03 1.098654907403265389e-24
2.934317130717970031e+03 1.113030557821369844e-24
2.957184336680067190e+03 1.127609719899565960e-24
2.980229747343711097e+03 1.142371919548491082e-24
3.003454751462540571e+03 1.157287820057433591e-24
3.026860748612797124e+03 1.172309293431622367e-24
3.050449149277652850e+03 1.187399780062239718e-24
3.074221374932201797e+03 1.202493384964180093e-24
3.098178858129137552e+03 1.217518594790622308e-24
3.122323042585072017e+03 1.232382345547392056e-24
3.146655383267527668e+03 1.246994028263545063e-24
3.171177346482633311e+03 1.261223098144654373e-24
3.195890409963478305e+03 1.274930954965972790e-24
3.220796062959153005e+03 1.287942260303380285e-24
3.245895806324512705e+03 1.300111899374790318e-24
3.271191152610610516e+03 1.311201660251083824e-24
3.296683626155838283e+03 1.320999450873938272e-24
3.322374763177804653e+03 1.329373726481854089e-24
3.348266111865900257e+03 1.335752184687742710e-24
3.374359232474582768e+03 1.340209987931142377e-24
3.400655697417423198e+03 1.342393447580249217e-24
3.427157091361845232e+03 1.342045616642493963e-24
3.453865011324629904e+03 1.339072499493973205e-24
3.480781066768138317e+03 1.333239869536418684e-24
3.507906879697322438e+03 1.324500538352867173e-24
3.535244084757458495e+03 1.312847033454884444e-24
3.562794329332642974e+03 1.298378505245749847e-24
3.590559273645089434e+03 1.281255188004527513e-24
3.618540590855162463e+03 1.261740672468235311e-24
3.646739967162196990e+03 1.240168956950941865e-24
3.675159101906131582e+03 1.216950923956410361e-24
3.703799707669903000e+03 1.192530968654862980e-24
3.732663510382638378e+03 1.167387370331184033e-24
3.761752249423684134e+03 1.141989227908564163e-24
3.791067677727412502e+03 1.116812485605765421e-24
3.820611561888846154e+03 1.092283501523095522e-24
3.850385682270137295e+03 1.068784389847119374e-24
3.880391833107845287e+03 1.046653066961777253e-24
3.910631822621046013e+03 1.026154644966859025e-24
3.941107473120324357e+03 1.007502124371180805e-24
3.971820621117577048e+03 9.908350588737766339e-25
4.002773117436670418e+03 9.762584858142614497e-25
4.033966827324999485e+03 9.638116815996492553e-25
4.065403630565878302e+03 9.534918695744552267e-25
4.097085421591806153e+03 9.452675411721963520e-25
4.129014109598654613e+03 9.390706320469666507e-25
4.161191618660706808e+03 9.348111935270482200e-25
4.193619887846588426e+03 9.323919426215018648e-25
4.226300871336150522e+03 9.316946463016245133e-25
4.259236538538216337e+03 9.325948769445334540e-25
4.292428874209245805e+03 9.349898840212801105e-25
4.325879878572969574e+03 9.387443360530251032e-25
4.359591567440910694e+03 9.437585761712066707e-25
4.393565972333847640e+03 9.498914325953559877e-25
4.427805140604265034e+03 9.570739390718959843e-25
4.462311135559713875e+03 9.652047289284991630e-25
4.497086036587142189e+03 9.741806216185739557e-25
4.532131939278221580e+03 9.839401522787739184e-25
4.567450955555624205e+03 9.944185159032224944e-25
4.603045213800271085e+03 1.005511683624657184e-24
4.638916858979625431e+03 1.017203914015702449e-24
4.675068052776933655e+03 1.029425105488360474e-24
4.711500973721477749e+03 1.042144887841041000e-24
4.748217817319889036e+03 1.055311069273359387e-24
4.785220796188435088e+03 1.068890938696955307e-24
4.822512140186340730e+03 1.082859970604876576e-24
4.860094096550195900e+03 1.097188656958715873e-24
4.897968930029359399e+03 1.111853610588838320e-24
4.936138923022424024e+03 1.126839783173930952e-24
4.974606375714784917e+03 1.142129932335416119e-24
5.013373606217240194e+03 1.157706868375659791e-24
5.052442950705666590e+03 1.173565079694353648e-24
5.091816763561832886e+03 1.189689506685265021e-24
5.131497417515263805e+03 1.206083342456423447e-24
5.171487303786206212e+03 1.222732783476663941e-24
5.211788832229764921e+03 1.239634534246628620e-24
5.252404431481100801e+03 1.256790158540118054e-24
5.293336549101775745e+03 1.274204185441553943e-24
5.334587651727275443e+03 1.291853238280202386e-24
5.376160225215634455e+03 1.309764151736697699e-24
5.418056774797226353e+03 1.327928618443393225e-24
5.460279825225763489e+03 1.346354045725737148e-24
5.502831920930424531e+03 1.364967356975103463e-24
5.545715626169172538e+03 1.383999633245104756e-24
5.588933525183312668e+03 1.403233953072831482e-24
5.632488222353206766e+03 1.422749807565335250e-24
5.676382342355199398e+03 1.442559866437407296e-24
5.720618530319820820e+03 1.462669778283639312e-24
5.765199451991168644e+03 1.483095979477466862e-24
5.810127793887530970e+03 1.503850131529289842e-24
5.855406263463321011e+03 1.524936072064071025e-24
5.901037589272206787e+03 1.546381713660156396e-24
5.947024521131527763e+03 1.568197219559290356e-24
5.993369830288033882e+03 1.590405895877424157e-24
6.040076309584871524e+03 1.613025425149074852e-24
6.087146773629861855e+03 1.636083993284707695e-24
6.134584058965156146e+03 1.659604119507834288e-24
6.182391024238146201e+03 1.683623108539041504e-24
6.230570550373715378e+03 1.708159755506531976e-24
6.279125540747884770e+03 1.733290171796169163e-24
6.328058921362751789e+03 1.759030422869653934e-24
6.377373641022825723e+03 1.785436249582714444e-24
6.427072671512701163e+03 1.812582222121982699e-24
6.477159007776187536e+03 1.840534121829490303e-24
6.527635668096761037e+03 1.869386270045054379e-24
6.578505694279438103e+03 1.899237323677390610e-24
6.629772151834115903e+03 1.930218078712360615e-24
6.681438130160286164e+03 1.962474866148549297e-24
6.733506742733188730e+03 1.996197286733030821e-24
6.785981127291471239e+03 2.031606456039086145e-24
6.838864446026256701e+03 2.068987203278200373e-24
6.892159885771680820e+03 2.108681670866317584e-24
6.945870658196978184e+03 2.151131382136413352e-24
7.000000000000001819e+03 2.196877486654689441e-24
