# KAGRAplusCombined
# freq[Hz] htotal[/rtHz]
1.0000e+00 7.7753e-16
1.0093e+00 7.3193e-16
1.0186e+00 6.8733e-16
1.0280e+00 6.4410e-16
1.0376e+00 6.0253e-16
1.0472e+00 5.6283e-16
1.0569e+00 5.2513e-16
1.0667e+00 4.8951e-16
1.0765e+00 4.5597e-16
1.0865e+00 4.2449e-16
1.0966e+00 3.9502e-16
1.1067e+00 3.6748e-16
1.1170e+00 3.4178e-16
1.1273e+00 3.1782e-16
1.1378e+00 2.9551e-16
1.1483e+00 2.7474e-16
1.1589e+00 2.5541e-16
1.1697e+00 2.3744e-16
1.1805e+00 2.2073e-16
1.1915e+00 2.0519e-16
1.2025e+00 1.9074e-16
1.2136e+00 1.7732e-16
1.2249e+00 1.6484e-16
1.2362e+00 1.5324e-16
1.2477e+00 1.4245e-16
1.2592e+00 1.3243e-16
1.2709e+00 1.2312e-16
1.2826e+00 1.1446e-16
1.2945e+00 1.0641e-16
1.3065e+00 9.8931e-17
1.3186e+00 9.1978e-17
1.3308e+00 8.5516e-17
1.3432e+00 7.9509e-17
1.3556e+00 7.3926e-17
1.3682e+00 6.8736e-17
1.3808e+00 6.3911e-17
1.3936e+00 5.9427e-17
1.4065e+00 5.5258e-17
1.4196e+00 5.1383e-17
1.4327e+00 4.7780e-17
1.4460e+00 4.4431e-17
1.4594e+00 4.1318e-17
1.4729e+00 3.8424e-17
1.4865e+00 3.5733e-17
1.5003e+00 3.3231e-17
1.5142e+00 3.0906e-17
1.5282e+00 2.8743e-17
1.5424e+00 2.6733e-17
1.5567e+00 2.4864e-17
1.5711e+00 2.3126e-17
1.5856e+00 2.1510e-17
1.6003e+00 2.0008e-17
1.6151e+00 1.8611e-17
1.6301e+00 1.7312e-17
1.6452e+00 1.6104e-17
1.6604e+00 1.4981e-17
1.6758e+00 1.3937e-17
1.6913e+00 1.2966e-17
1.7070e+00 1.2062e-17
1.7228e+00 1.1222e-17
1.7388e+00 1.0441e-17
1.7549e+00 9.7149e-18
1.7711e+00 9.0393e-18
1.7875e+00 8.4109e-18
1.8041e+00 7.8265e-18
1.8208e+00 7.2829e-18
1.8377e+00 6.7773e-18
1.8547e+00 6.3070e-18
1.8719e+00 5.8696e-18
1.8892e+00 5.4627e-18
1.9067e+00 5.0841e-18
1.9244e+00 4.7320e-18
1.9422e+00 4.4044e-18
1.9602e+00 4.0997e-18
1.9783e+00 3.8162e-18
1.9966e+00 3.5524e-18
2.0151e+00 3.3070e-18
2.0338e+00 3.0787e-18
2.0526e+00 2.8662e-18
2.0716e+00 2.6685e-18
2.0908e+00 2.4846e-18
2.1102e+00 2.3134e-18
2.1297e+00 2.1541e-18
2.1495e+00 2.0059e-18
2.1694e+00 1.8679e-18
2.1895e+00 1.7396e-18
2.2098e+00 1.6201e-18
2.2302e+00 1.5089e-18
2.2509e+00 1.4053e-18
2.2717e+00 1.3090e-18
2.2928e+00 1.2193e-18
2.3140e+00 1.1358e-18
2.3354e+00 1.0581e-18
2.3571e+00 9.8573e-19
2.3789e+00 9.1836e-19
2.4009e+00 8.5565e-19
2.4232e+00 7.9725e-19
2.4456e+00 7.4288e-19
2.4683e+00 6.9226e-19
2.4911e+00 6.4511e-19
2.5142e+00 6.0121e-19
2.5375e+00 5.6033e-19
2.5610e+00 5.2225e-19
2.5847e+00 4.8679e-19
2.6087e+00 4.5376e-19
2.6328e+00 4.2300e-19
2.6572e+00 3.9434e-19
2.6818e+00 3.6765e-19
2.7067e+00 3.4278e-19
2.7317e+00 3.1961e-19
2.7570e+00 2.9803e-19
2.7826e+00 2.7792e-19
2.8083e+00 2.5918e-19
2.8343e+00 2.4172e-19
2.8606e+00 2.2546e-19
2.8871e+00 2.1031e-19
2.9138e+00 1.9621e-19
2.9408e+00 1.8309e-19
2.9681e+00 1.7090e-19
2.9955e+00 1.5958e-19
3.0233e+00 1.4907e-19
3.0513e+00 1.3933e-19
3.0796e+00 1.3029e-19
3.1081e+00 1.2189e-19
3.1369e+00 1.1410e-19
3.1659e+00 1.0685e-19
3.1952e+00 1.0010e-19
3.2248e+00 9.3812e-20
3.2547e+00 8.7946e-20
3.2849e+00 8.2469e-20
3.3153e+00 7.7348e-20
3.3460e+00 7.2557e-20
3.3770e+00 6.8072e-20
3.4083e+00 6.3871e-20
3.4398e+00 5.9933e-20
3.4717e+00 5.6241e-20
3.5038e+00 5.2779e-20
3.5363e+00 4.9532e-20
3.5690e+00 4.6485e-20
3.6021e+00 4.3627e-20
3.6355e+00 4.0944e-20
3.6691e+00 3.8427e-20
3.7031e+00 3.6065e-20
3.7374e+00 3.3849e-20
3.7720e+00 3.1768e-20
3.8070e+00 2.9816e-20
3.8422e+00 2.7983e-20
3.8778e+00 2.6263e-20
3.9137e+00 2.4649e-20
3.9500e+00 2.3134e-20
3.9866e+00 2.1712e-20
4.0235e+00 2.0378e-20
4.0608e+00 1.9126e-20
4.0984e+00 1.7950e-20
4.1363e+00 1.6847e-20
4.1747e+00 1.5812e-20
4.2133e+00 1.4840e-20
4.2523e+00 1.3928e-20
4.2917e+00 1.3072e-20
4.3315e+00 1.2268e-20
4.3716e+00 1.1514e-20
4.4121e+00 1.0807e-20
4.4530e+00 1.0143e-20
4.4942e+00 9.5193e-21
4.5358e+00 8.9343e-21
4.5778e+00 8.3852e-21
4.6202e+00 7.8698e-21
4.6630e+00 7.3862e-21
4.7062e+00 6.9322e-21
4.7498e+00 6.5062e-21
4.7938e+00 6.1063e-21
4.8382e+00 5.7311e-21
4.8830e+00 5.3790e-21
4.9282e+00 5.0493e-21
4.9739e+00 4.7415e-21
5.0200e+00 4.4553e-21
5.0665e+00 4.1903e-21
5.1134e+00 3.9456e-21
5.1607e+00 3.7200e-21
5.2085e+00 3.5119e-21
5.2568e+00 3.3195e-21
5.3055e+00 3.1410e-21
5.3546e+00 2.9747e-21
5.4042e+00 2.8193e-21
5.4543e+00 2.6735e-21
5.5048e+00 2.5365e-21
5.5558e+00 2.4075e-21
5.6072e+00 2.2859e-21
5.6592e+00 2.1713e-21
5.7116e+00 2.0633e-21
5.7645e+00 1.9615e-21
5.8179e+00 1.8657e-21
5.8718e+00 1.7755e-21
5.9262e+00 1.6906e-21
5.9810e+00 1.6107e-21
6.0364e+00 1.5356e-21
6.0923e+00 1.4650e-21
6.1488e+00 1.3985e-21
6.2057e+00 1.3361e-21
6.2632e+00 1.2773e-21
6.3212e+00 1.2222e-21
6.3798e+00 1.1704e-21
6.4389e+00 1.1220e-21
6.4985e+00 1.0769e-21
6.5587e+00 1.0348e-21
6.6194e+00 9.9565e-22
6.6807e+00 9.5927e-22
6.7426e+00 9.2542e-22
6.8051e+00 8.9385e-22
6.8681e+00 8.6431e-22
6.9317e+00 8.3656e-22
6.9959e+00 8.1037e-22
7.0607e+00 7.8555e-22
7.1261e+00 7.6191e-22
7.1921e+00 7.3931e-22
7.2587e+00 7.1764e-22
7.3260e+00 6.9678e-22
7.3938e+00 6.7666e-22
7.4623e+00 6.5723e-22
7.5314e+00 6.3842e-22
7.6012e+00 6.2019e-22
7.6716e+00 6.0252e-22
7.7426e+00 5.8538e-22
7.8144e+00 5.6874e-22
7.8867e+00 5.5258e-22
7.9598e+00 5.3689e-22
8.0335e+00 5.2165e-22
8.1079e+00 5.0684e-22
8.1830e+00 4.9246e-22
8.2588e+00 4.7848e-22
8.3353e+00 4.6491e-22
8.4125e+00 4.5172e-22
8.4904e+00 4.3890e-22
8.5691e+00 4.2645e-22
8.6484e+00 4.1435e-22
8.7285e+00 4.0259e-22
8.8094e+00 3.9117e-22
8.8910e+00 3.8007e-22
8.9733e+00 3.6929e-22
9.0564e+00 3.5881e-22
9.1403e+00 3.4863e-22
9.2250e+00 3.3874e-22
9.3104e+00 3.2913e-22
9.3966e+00 3.1979e-22
9.4837e+00 3.1072e-22
9.5715e+00 3.0190e-22
9.6602e+00 2.9334e-22
9.7496e+00 2.8501e-22
9.8400e+00 2.7693e-22
9.9311e+00 2.6907e-22
1.0023e+01 2.6144e-22
1.0116e+01 2.5402e-22
1.0210e+01 2.4681e-22
1.0304e+01 2.3981e-22
1.0400e+01 2.3301e-22
1.0496e+01 2.2640e-22
1.0593e+01 2.1997e-22
1.0691e+01 2.1374e-22
1.0790e+01 2.0770e-22
1.0890e+01 2.0187e-22
1.0991e+01 1.9627e-22
1.1093e+01 1.9092e-22
1.1196e+01 1.8583e-22
1.1299e+01 1.8097e-22
1.1404e+01 1.7633e-22
1.1510e+01 1.7188e-22
1.1616e+01 1.6761e-22
1.1724e+01 1.6347e-22
1.1832e+01 1.5945e-22
1.1942e+01 1.5554e-22
1.2053e+01 1.5173e-22
1.2164e+01 1.4800e-22
1.2277e+01 1.4436e-22
1.2391e+01 1.4081e-22
1.2505e+01 1.3734e-22
1.2621e+01 1.3396e-22
1.2738e+01 1.3066e-22
1.2856e+01 1.2745e-22
1.2975e+01 1.2433e-22
1.3095e+01 1.2129e-22
1.3217e+01 1.1833e-22
1.3339e+01 1.1545e-22
1.3463e+01 1.1265e-22
1.3587e+01 1.0992e-22
1.3713e+01 1.0727e-22
1.3840e+01 1.0469e-22
1.3968e+01 1.0218e-22
1.4098e+01 9.9738e-23
1.4228e+01 9.7360e-23
1.4360e+01 9.5045e-23
1.4493e+01 9.2791e-23
1.4627e+01 9.0595e-23
1.4763e+01 8.8457e-23
1.4900e+01 8.6374e-23
1.5038e+01 8.4345e-23
1.5177e+01 8.2367e-23
1.5317e+01 8.0441e-23
1.5459e+01 7.8563e-23
1.5602e+01 7.6733e-23
1.5747e+01 7.4948e-23
1.5893e+01 7.3209e-23
1.6040e+01 7.1513e-23
1.6189e+01 6.9859e-23
1.6339e+01 6.8247e-23
1.6490e+01 6.6674e-23
1.6643e+01 6.5141e-23
1.6797e+01 6.3645e-23
1.6952e+01 6.2186e-23
1.7109e+01 6.0762e-23
1.7268e+01 5.9373e-23
1.7428e+01 5.8019e-23
1.7589e+01 5.6697e-23
1.7752e+01 5.5407e-23
1.7917e+01 5.4149e-23
1.8082e+01 5.2921e-23
1.8250e+01 5.1722e-23
1.8419e+01 5.0553e-23
1.8590e+01 4.9411e-23
1.8762e+01 4.8297e-23
1.8936e+01 4.7210e-23
1.9111e+01 4.6148e-23
1.9288e+01 4.5112e-23
1.9467e+01 4.4101e-23
1.9647e+01 4.3113e-23
1.9829e+01 4.2150e-23
2.0012e+01 4.1209e-23
2.0198e+01 4.0290e-23
2.0385e+01 3.9393e-23
2.0574e+01 3.8518e-23
2.0764e+01 3.7663e-23
2.0957e+01 3.6828e-23
2.1151e+01 3.6013e-23
2.1347e+01 3.5217e-23
2.1544e+01 3.4440e-23
2.1744e+01 3.3681e-23
2.1945e+01 3.2940e-23
2.2149e+01 3.2217e-23
2.2354e+01 3.1510e-23
2.2561e+01 3.0820e-23
2.2770e+01 3.0146e-23
2.2981e+01 2.9489e-23
2.3193e+01 2.8846e-23
2.3408e+01 2.8219e-23
2.3625e+01 2.7606e-23
2.3844e+01 2.7007e-23
2.4065e+01 2.6423e-23
2.4288e+01 2.5852e-23
2.4513e+01 2.5295e-23
2.4740e+01 2.4751e-23
2.4969e+01 2.4219e-23
2.5200e+01 2.3700e-23
2.5433e+01 2.3194e-23
2.5669e+01 2.2699e-23
2.5907e+01 2.2216e-23
2.6147e+01 2.1744e-23
2.6389e+01 2.1283e-23
2.6633e+01 2.0834e-23
2.6880e+01 2.0395e-23
2.7129e+01 1.9966e-23
2.7380e+01 1.9548e-23
2.7634e+01 1.9139e-23
2.7890e+01 1.8741e-23
2.8148e+01 1.8352e-23
2.8409e+01 1.7973e-23
2.8672e+01 1.7602e-23
2.8938e+01 1.7241e-23
2.9206e+01 1.6889e-23
2.9476e+01 1.6545e-23
2.9749e+01 1.6211e-23
3.0025e+01 1.5884e-23
3.0303e+01 1.5566e-23
3.0583e+01 1.5256e-23
3.0867e+01 1.4954e-23
3.1153e+01 1.4660e-23
3.1441e+01 1.4372e-23
3.1732e+01 1.4091e-23
3.2026e+01 1.3816e-23
3.2323e+01 1.3547e-23
3.2622e+01 1.3283e-23
3.2924e+01 1.3025e-23
3.3229e+01 1.2771e-23
3.3537e+01 1.2523e-23
3.3848e+01 1.2279e-23
3.4161e+01 1.2040e-23
3.4478e+01 1.1805e-23
3.4797e+01 1.1575e-23
3.5119e+01 1.1349e-23
3.5445e+01 1.1128e-23
3.5773e+01 1.0911e-23
3.6104e+01 1.0698e-23
3.6439e+01 1.0489e-23
3.6776e+01 1.0285e-23
3.7117e+01 1.0084e-23
3.7461e+01 9.8871e-24
3.7807e+01 9.6941e-24
3.8158e+01 9.5049e-24
3.8511e+01 9.3193e-24
3.8868e+01 9.1374e-24
3.9228e+01 8.9591e-24
3.9591e+01 8.7842e-24
3.9958e+01 8.6127e-24
4.0328e+01 8.4446e-24
4.0701e+01 8.2797e-24
4.1078e+01 8.1181e-24
4.1459e+01 7.9596e-24
4.1843e+01 7.8043e-24
4.2230e+01 7.6519e-24
4.2622e+01 7.5025e-24
4.3016e+01 7.3561e-24
4.3415e+01 7.2125e-24
4.3817e+01 7.0717e-24
4.4223e+01 6.9337e-24
4.4632e+01 6.7983e-24
4.5046e+01 6.6656e-24
4.5463e+01 6.5355e-24
4.5884e+01 6.4079e-24
4.6309e+01 6.2828e-24
4.6738e+01 6.1602e-24
4.7171e+01 6.0399e-24
4.7608e+01 5.9220e-24
4.8049e+01 5.8064e-24
4.8494e+01 5.6931e-24
4.8943e+01 5.5819e-24
4.9396e+01 5.4730e-24
4.9854e+01 5.3661e-24
5.0315e+01 5.2614e-24
5.0782e+01 5.1587e-24
5.1252e+01 5.0580e-24
5.1727e+01 4.9593e-24
5.2206e+01 4.8629e-24
5.2689e+01 4.7691e-24
5.3177e+01 4.6784e-24
5.3670e+01 4.5911e-24
5.4167e+01 4.5074e-24
5.4669e+01 4.4272e-24
5.5175e+01 4.3503e-24
5.5686e+01 4.2765e-24
5.6202e+01 4.2052e-24
5.6722e+01 4.1362e-24
5.7248e+01 4.0690e-24
5.7778e+01 4.0036e-24
5.8313e+01 3.9397e-24
5.8853e+01 3.8772e-24
5.9398e+01 3.8161e-24
5.9948e+01 3.7563e-24
6.0504e+01 3.6979e-24
6.1064e+01 3.6408e-24
6.1630e+01 3.5851e-24
6.2200e+01 3.5307e-24
6.2777e+01 3.4777e-24
6.3358e+01 3.4260e-24
6.3945e+01 3.3756e-24
6.4537e+01 3.3265e-24
6.5135e+01 3.2786e-24
6.5738e+01 3.2320e-24
6.6347e+01 3.1866e-24
6.6962e+01 3.1424e-24
6.7582e+01 3.0993e-24
6.8208e+01 3.0573e-24
6.8840e+01 3.0164e-24
6.9477e+01 2.9765e-24
7.0121e+01 2.9377e-24
7.0770e+01 2.8998e-24
7.1426e+01 2.8630e-24
7.2087e+01 2.8270e-24
7.2755e+01 2.7920e-24
7.3429e+01 2.7578e-24
7.4109e+01 2.7246e-24
7.4795e+01 2.6921e-24
7.5488e+01 2.6605e-24
7.6187e+01 2.6297e-24
7.6893e+01 2.5997e-24
7.7605e+01 2.5705e-24
7.8324e+01 2.5419e-24
7.9049e+01 2.5141e-24
7.9781e+01 2.4870e-24
8.0520e+01 2.4606e-24
8.1266e+01 2.4349e-24
8.2019e+01 2.4098e-24
8.2779e+01 2.3853e-24
8.3545e+01 2.3615e-24
8.4319e+01 2.3382e-24
8.5100e+01 2.3156e-24
8.5888e+01 2.2935e-24
8.6684e+01 2.2720e-24
8.7487e+01 2.2510e-24
8.8297e+01 2.2305e-24
8.9115e+01 2.2105e-24
8.9940e+01 2.1911e-24
9.0773e+01 2.1721e-24
9.1614e+01 2.1536e-24
9.2463e+01 2.1356e-24
9.3319e+01 2.1180e-24
9.4183e+01 2.1008e-24
9.5056e+01 2.0841e-24
9.5936e+01 2.0678e-24
9.6825e+01 2.0519e-24
9.7721e+01 2.0364e-24
9.8627e+01 2.0212e-24
9.9540e+01 2.0064e-24
1.0046e+02 1.9920e-24
1.0139e+02 1.9779e-24
1.0233e+02 1.9642e-24
1.0328e+02 1.9508e-24
1.0424e+02 1.9377e-24
1.0520e+02 1.9249e-24
1.0618e+02 1.9124e-24
1.0716e+02 1.9002e-24
1.0815e+02 1.8883e-24
1.0915e+02 1.8767e-24
1.1016e+02 1.8653e-24
1.1118e+02 1.8542e-24
1.1221e+02 1.8434e-24
1.1325e+02 1.8328e-24
1.1430e+02 1.8224e-24
1.1536e+02 1.8122e-24
1.1643e+02 1.8023e-24
1.1751e+02 1.7926e-24
1.1860e+02 1.7831e-24
1.1970e+02 1.7738e-24
1.2080e+02 1.7647e-24
1.2192e+02 1.7558e-24
1.2305e+02 1.7471e-24
1.2419e+02 1.7386e-24
1.2534e+02 1.7302e-24
1.2650e+02 1.7220e-24
1.2768e+02 1.7140e-24
1.2886e+02 1.7061e-24
1.3005e+02 1.6984e-24
1.3126e+02 1.6908e-24
1.3247e+02 1.6834e-24
1.3370e+02 1.6762e-24
1.3494e+02 1.6690e-24
1.3619e+02 1.6620e-24
1.3745e+02 1.6552e-24
1.3872e+02 1.6484e-24
1.4001e+02 1.6418e-24
1.4130e+02 1.6353e-24
1.4261e+02 1.6289e-24
1.4393e+02 1.6227e-24
1.4527e+02 1.6166e-24
1.4661e+02 1.6105e-24
1.4797e+02 1.6046e-24
1.4934e+02 1.5988e-24
1.5072e+02 1.5931e-24
1.5212e+02 1.5875e-24
1.5353e+02 1.5819e-24
1.5495e+02 1.5765e-24
1.5638e+02 1.5712e-24
1.5783e+02 1.5660e-24
1.5930e+02 1.5609e-24
1.6077e+02 1.5558e-24
1.6226e+02 1.5509e-24
1.6376e+02 1.5460e-24
1.6528e+02 1.5413e-24
1.6681e+02 1.5366e-24
1.6836e+02 1.5320e-24
1.6991e+02 1.5275e-24
1.7149e+02 1.5230e-24
1.7308e+02 1.5187e-24
1.7468e+02 1.5144e-24
1.7630e+02 1.5103e-24
1.7793e+02 1.5062e-24
1.7958e+02 1.5022e-24
1.8124e+02 1.4983e-24
1.8292e+02 1.4944e-24
1.8461e+02 1.4907e-24
1.8632e+02 1.4870e-24
1.8805e+02 1.4834e-24
1.8979e+02 1.4799e-24
1.9155e+02 1.4765e-24
1.9332e+02 1.4732e-24
1.9511e+02 1.4700e-24
1.9692e+02 1.4668e-24
1.9875e+02 1.4638e-24
2.0059e+02 1.4608e-24
2.0244e+02 1.4579e-24
2.0432e+02 1.4551e-24
2.0621e+02 1.4524e-24
2.0812e+02 1.4499e-24
2.1005e+02 1.4474e-24
2.1200e+02 1.4450e-24
2.1396e+02 1.4427e-24
2.1594e+02 1.4405e-24
2.1794e+02 1.4384e-24
2.1996e+02 1.4365e-24
2.2200e+02 1.4346e-24
2.2405e+02 1.4329e-24
2.2613e+02 1.4313e-24
2.2822e+02 1.4299e-24
2.3034e+02 1.4286e-24
2.3247e+02 1.4277e-24
2.3462e+02 1.4269e-24
2.3680e+02 1.4266e-24
2.3899e+02 1.4265e-24
2.4120e+02 1.4268e-24
2.4344e+02 1.4274e-24
2.4569e+02 1.4283e-24
2.4797e+02 1.4294e-24
2.5026e+02 1.4308e-24
2.5258e+02 1.4324e-24
2.5492e+02 1.4341e-24
2.5728e+02 1.4360e-24
2.5967e+02 1.4380e-24
2.6207e+02 1.4400e-24
2.6450e+02 1.4421e-24
2.6695e+02 1.4442e-24
2.6942e+02 1.4464e-24
2.7192e+02 1.4486e-24
2.7443e+02 1.4508e-24
2.7698e+02 1.4530e-24
2.7954e+02 1.4552e-24
2.8213e+02 1.4575e-24
2.8474e+02 1.4597e-24
2.8738e+02 1.4620e-24
2.9004e+02 1.4643e-24
2.9273e+02 1.4665e-24
2.9544e+02 1.4688e-24
2.9818e+02 1.4710e-24
3.0094e+02 1.4733e-24
3.0373e+02 1.4756e-24
3.0654e+02 1.4779e-24
3.0938e+02 1.4802e-24
3.1224e+02 1.4825e-24
3.1514e+02 1.4847e-24
3.1806e+02 1.4870e-24
3.2100e+02 1.4893e-24
3.2397e+02 1.4916e-24
3.2697e+02 1.4940e-24
3.3000e+02 1.4963e-24
3.3306e+02 1.4986e-24
3.3614e+02 1.5009e-24
3.3926e+02 1.5032e-24
3.4240e+02 1.5055e-24
3.4557e+02 1.5079e-24
3.4877e+02 1.5102e-24
3.5200e+02 1.5125e-24
3.5526e+02 1.5149e-24
3.5855e+02 1.5172e-24
3.6187e+02 1.5196e-24
3.6523e+02 1.5219e-24
3.6861e+02 1.5243e-24
3.7202e+02 1.5266e-24
3.7547e+02 1.5290e-24
3.7895e+02 1.5313e-24
3.8246e+02 1.5337e-24
3.8600e+02 1.5361e-24
3.8957e+02 1.5385e-24
3.9318e+02 1.5408e-24
3.9682e+02 1.5432e-24
4.0050e+02 1.5457e-24
4.0421e+02 1.5484e-24
4.0795e+02 1.5514e-24
4.1173e+02 1.5547e-24
4.1555e+02 1.5584e-24
4.1939e+02 1.5627e-24
4.2328e+02 1.5675e-24
4.2720e+02 1.5728e-24
4.3116e+02 1.5787e-24
4.3515e+02 1.5851e-24
4.3918e+02 1.5919e-24
4.4325e+02 1.5991e-24
4.4735e+02 1.6068e-24
4.5150e+02 1.6147e-24
4.5568e+02 1.6230e-24
4.5990e+02 1.6316e-24
4.6416e+02 1.6404e-24
4.6846e+02 1.6495e-24
4.7280e+02 1.6588e-24
4.7718e+02 1.6684e-24
4.8160e+02 1.6782e-24
4.8606e+02 1.6882e-24
4.9056e+02 1.6984e-24
4.9510e+02 1.7088e-24
4.9969e+02 1.7194e-24
5.0432e+02 1.7302e-24
5.0899e+02 1.7413e-24
5.1370e+02 1.7525e-24
5.1846e+02 1.7639e-24
5.2326e+02 1.7756e-24
5.2811e+02 1.7874e-24
5.3300e+02 1.7995e-24
5.3794e+02 1.8118e-24
5.4292e+02 1.8243e-24
5.4795e+02 1.8369e-24
5.5302e+02 1.8498e-24
5.5814e+02 1.8629e-24
5.6331e+02 1.8762e-24
5.6853e+02 1.8898e-24
5.7380e+02 1.9035e-24
5.7911e+02 1.9174e-24
5.8448e+02 1.9316e-24
5.8989e+02 1.9459e-24
5.9535e+02 1.9605e-24
6.0087e+02 1.9753e-24
6.0643e+02 1.9904e-24
6.1205e+02 2.0058e-24
6.1772e+02 2.0215e-24
6.2344e+02 2.0376e-24
6.2921e+02 2.0540e-24
6.3504e+02 2.0708e-24
6.4092e+02 2.0880e-24
6.4686e+02 2.1055e-24
6.5285e+02 2.1234e-24
6.5890e+02 2.1416e-24
6.6500e+02 2.1601e-24
6.7116e+02 2.1788e-24
6.7738e+02 2.1978e-24
6.8365e+02 2.2171e-24
6.8998e+02 2.2365e-24
6.9637e+02 2.2562e-24
7.0282e+02 2.2761e-24
7.0933e+02 2.2961e-24
7.1590e+02 2.3164e-24
7.2253e+02 2.3368e-24
7.2923e+02 2.3575e-24
7.3598e+02 2.3783e-24
7.4280e+02 2.3993e-24
7.4968e+02 2.4205e-24
7.5662e+02 2.4419e-24
7.6363e+02 2.4635e-24
7.7070e+02 2.4853e-24
7.7784e+02 2.5072e-24
7.8505e+02 2.5294e-24
7.9232e+02 2.5517e-24
7.9966e+02 2.5743e-24
8.0706e+02 2.5970e-24
8.1454e+02 2.6200e-24
8.2208e+02 2.6431e-24
8.2970e+02 2.6665e-24
8.3738e+02 2.6901e-24
8.4514e+02 2.7138e-24
8.5296e+02 2.7378e-24
8.6086e+02 2.7620e-24
8.6884e+02 2.7864e-24
8.7689e+02 2.8110e-24
8.8501e+02 2.8359e-24
8.9320e+02 2.8609e-24
9.0148e+02 2.8862e-24
9.0983e+02 2.9117e-24
9.1825e+02 2.9375e-24
9.2676e+02 2.9634e-24
9.3534e+02 2.9896e-24
9.4401e+02 3.0160e-24
9.5275e+02 3.0427e-24
9.6157e+02 3.0696e-24
9.7048e+02 3.0967e-24
9.7947e+02 3.1241e-24
9.8854e+02 3.1517e-24
9.9770e+02 3.1795e-24
1.0069e+03 3.2076e-24
1.0163e+03 3.2360e-24
1.0257e+03 3.2644e-24
1.0352e+03 3.2928e-24
1.0448e+03 3.3211e-24
1.0544e+03 3.3492e-24
1.0642e+03 3.3770e-24
1.0741e+03 3.4046e-24
1.0840e+03 3.4322e-24
1.0941e+03 3.4600e-24
1.1042e+03 3.4882e-24
1.1144e+03 3.5168e-24
1.1247e+03 3.5461e-24
1.1352e+03 3.5760e-24
1.1457e+03 3.6067e-24
1.1563e+03 3.6380e-24
1.1670e+03 3.6700e-24
1.1778e+03 3.7027e-24
1.1887e+03 3.7360e-24
1.1997e+03 3.7699e-24
1.2108e+03 3.8044e-24
1.2220e+03 3.8394e-24
1.2334e+03 3.8749e-24
1.2448e+03 3.9109e-24
1.2563e+03 3.9473e-24
1.2680e+03 3.9842e-24
1.2797e+03 4.0215e-24
1.2915e+03 4.0592e-24
1.3035e+03 4.0973e-24
1.3156e+03 4.1357e-24
1.3278e+03 4.1746e-24
1.3401e+03 4.2138e-24
1.3525e+03 4.2534e-24
1.3650e+03 4.2934e-24
1.3777e+03 4.3338e-24
1.3904e+03 4.3746e-24
1.4033e+03 4.4157e-24
1.4163e+03 4.4572e-24
1.4294e+03 4.4991e-24
1.4426e+03 4.5415e-24
1.4560e+03 4.5842e-24
1.4695e+03 4.6273e-24
1.4831e+03 4.6708e-24
1.4968e+03 4.7148e-24
1.5107e+03 4.7591e-24
1.5247e+03 4.8039e-24
1.5388e+03 4.8490e-24
1.5531e+03 4.8947e-24
1.5675e+03 4.9407e-24
1.5820e+03 4.9872e-24
1.5966e+03 5.0341e-24
1.6114e+03 5.0814e-24
1.6263e+03 5.1292e-24
1.6414e+03 5.1775e-24
1.6566e+03 5.2262e-24
1.6719e+03 5.2753e-24
1.6874e+03 5.3249e-24
1.7031e+03 5.3750e-24
1.7188e+03 5.4256e-24
1.7348e+03 5.4766e-24
1.7508e+03 5.5281e-24
1.7670e+03 5.5801e-24
1.7834e+03 5.6326e-24
1.7999e+03 5.6856e-24
1.8166e+03 5.7391e-24
1.8334e+03 5.7930e-24
1.8504e+03 5.8475e-24
1.8675e+03 5.9025e-24
1.8848e+03 5.9580e-24
1.9023e+03 6.0141e-24
1.9199e+03 6.0707e-24
1.9377e+03 6.1277e-24
1.9557e+03 6.1850e-24
1.9738e+03 6.2423e-24
1.9920e+03 6.2994e-24
2.0105e+03 6.3558e-24
2.0291e+03 6.4117e-24
2.0479e+03 6.4671e-24
2.0669e+03 6.5223e-24
2.0860e+03 6.5775e-24
2.1053e+03 6.6332e-24
2.1248e+03 6.6897e-24
2.1445e+03 6.7471e-24
2.1644e+03 6.8055e-24
2.1844e+03 6.8652e-24
2.2047e+03 6.9260e-24
2.2251e+03 6.9880e-24
2.2457e+03 7.0510e-24
2.2665e+03 7.1150e-24
2.2875e+03 7.1800e-24
2.3087e+03 7.2458e-24
2.3301e+03 7.3125e-24
2.3516e+03 7.3800e-24
2.3734e+03 7.4481e-24
2.3954e+03 7.5171e-24
2.4176e+03 7.5867e-24
2.4400e+03 7.6570e-24
2.4626e+03 7.7280e-24
2.4854e+03 7.7998e-24
2.5084e+03 7.8723e-24
2.5316e+03 7.9456e-24
2.5551e+03 8.0195e-24
2.5788e+03 8.0941e-24
2.6026e+03 8.1693e-24
2.6268e+03 8.2452e-24
2.6511e+03 8.3217e-24
2.6756e+03 8.3988e-24
2.7004e+03 8.4766e-24
2.7254e+03 8.5551e-24
2.7507e+03 8.6343e-24
2.7762e+03 8.7143e-24
2.8019e+03 8.7950e-24
2.8278e+03 8.8765e-24
2.8540e+03 8.9588e-24
2.8804e+03 9.0418e-24
2.9071e+03 9.1256e-24
2.9340e+03 9.2102e-24
2.9612e+03 9.2956e-24
2.9887e+03 9.3818e-24
3.0163e+03 9.4689e-24
3.0443e+03 9.5567e-24
3.0725e+03 9.6453e-24
3.1009e+03 9.7348e-24
3.1296e+03 9.8251e-24
3.1586e+03 9.9162e-24
3.1879e+03 1.0008e-23
3.2174e+03 1.0101e-23
3.2472e+03 1.0195e-23
3.2773e+03 1.0289e-23
3.3076e+03 1.0385e-23
3.3383e+03 1.0481e-23
3.3692e+03 1.0578e-23
3.4004e+03 1.0676e-23
3.4319e+03 1.0775e-23
3.4637e+03 1.0875e-23
3.4958e+03 1.0976e-23
3.5282e+03 1.1078e-23
3.5608e+03 1.1181e-23
3.5938e+03 1.1284e-23
3.6271e+03 1.1389e-23
3.6607e+03 1.1495e-23
3.6946e+03 1.1601e-23
3.7288e+03 1.1709e-23
3.7634e+03 1.1818e-23
3.7982e+03 1.1927e-23
3.8334e+03 1.2038e-23
3.8689e+03 1.2149e-23
3.9047e+03 1.2262e-23
3.9409e+03 1.2376e-23
3.9774e+03 1.2491e-23
4.0142e+03 1.2606e-23
4.0514e+03 1.2723e-23
4.0889e+03 1.2841e-23
4.1268e+03 1.2960e-23
4.1650e+03 1.3081e-23
4.2036e+03 1.3202e-23
4.2426e+03 1.3324e-23
4.2819e+03 1.3448e-23
4.3215e+03 1.3572e-23
4.3615e+03 1.3698e-23
4.4019e+03 1.3825e-23
4.4427e+03 1.3953e-23
4.4839e+03 1.4083e-23
4.5254e+03 1.4213e-23
4.5673e+03 1.4345e-23
4.6096e+03 1.4478e-23
4.6523e+03 1.4612e-23
4.6954e+03 1.4748e-23
4.7389e+03 1.4884e-23
4.7828e+03 1.5022e-23
4.8271e+03 1.5162e-23
4.8718e+03 1.5302e-23
4.9169e+03 1.5444e-23
4.9624e+03 1.5587e-23
5.0084e+03 1.5732e-23
5.0548e+03 1.5878e-23
5.1016e+03 1.6025e-23
5.1489e+03 1.6173e-23
5.1966e+03 1.6323e-23
5.2447e+03 1.6475e-23
5.2933e+03 1.6627e-23
5.3423e+03 1.6781e-23
5.3918e+03 1.6937e-23
5.4417e+03 1.7094e-23
5.4921e+03 1.7252e-23
5.5430e+03 1.7412e-23
5.5943e+03 1.7574e-23
5.6461e+03 1.7737e-23
5.6984e+03 1.7901e-23
5.7512e+03 1.8067e-23
5.8045e+03 1.8234e-23
5.8582e+03 1.8403e-23
5.9125e+03 1.8574e-23
5.9673e+03 1.8746e-23
6.0225e+03 1.8920e-23
6.0783e+03 1.9095e-23
6.1346e+03 1.9272e-23
6.1914e+03 1.9451e-23
6.2488e+03 1.9631e-23
6.3067e+03 1.9813e-23
6.3651e+03 1.9996e-23
6.4240e+03 2.0182e-23
6.4835e+03 2.0369e-23
6.5436e+03 2.0558e-23
6.6042e+03 2.0748e-23
6.6654e+03 2.0940e-23
6.7271e+03 2.1134e-23
6.7894e+03 2.1330e-23
6.8523e+03 2.1528e-23
6.9158e+03 2.1727e-23
6.9798e+03 2.1929e-23
7.0445e+03 2.2132e-23
7.1097e+03 2.2337e-23
7.1756e+03 2.2544e-23
7.2420e+03 2.2753e-23
7.3091e+03 2.2964e-23
7.3768e+03 2.3177e-23
7.4451e+03 2.3391e-23
7.5141e+03 2.3608e-23
7.5837e+03 2.3827e-23
7.6539e+03 2.4048e-23
7.7248e+03 2.4270e-23
7.7964e+03 2.4495e-23
7.8686e+03 2.4722e-23
7.9415e+03 2.4951e-23
8.0150e+03 2.5182e-23
8.0892e+03 2.5416e-23
8.1642e+03 2.5651e-23
8.2398e+03 2.5889e-23
8.3161e+03 2.6129e-23
8.3931e+03 2.6371e-23
8.4709e+03 2.6615e-23
8.5493e+03 2.6862e-23
8.6285e+03 2.7111e-23
8.7084e+03 2.7362e-23
8.7891e+03 2.7615e-23
8.8705e+03 2.7871e-23
8.9527e+03 2.8130e-23
9.0356e+03 2.8390e-23
9.1193e+03 2.8653e-23
9.2037e+03 2.8919e-23
9.2890e+03 2.9187e-23
9.3750e+03 2.9457e-23
9.4618e+03 2.9729e-23
9.5495e+03 3.0004e-23
9.6379e+03 3.0280e-23
9.7272e+03 3.0558e-23
9.8173e+03 3.0837e-23
9.9082e+03 3.1116e-23
1.0000e+04 3.1395e-23
