3.000000000000000000e+00 4.202516189086359964e-19
3.023379074186677951e+00 3.759502114687856297e-19
3.046940342076630781e+00 3.378785840142605244e-19
3.070685223509894257e+00 3.049034002512889427e-19
3.094615149391351849e+00 2.761458515225234102e-19
3.118731561776963979e+00 2.509142619254277180e-19
3.143035913960669614e+00 2.286570209406857661e-19
3.167529670561962885e+00 2.089290344870141051e-19
3.192214307614152702e+00 1.913673731746854393e-19
3.217091312653314272e+00 1.756733065292108125e-19
3.242162184807927616e+00 1.615988533222179683e-19
3.267428434889215527e+00 1.489365793049886907e-19
3.292891585482193850e+00 1.375117660049817655e-19
3.318553171037419425e+00 1.271763355075224605e-19
3.344414737963458339e+00 1.178040933938593561e-19
3.370477844720079830e+00 1.092869744612988346e-19
3.396744061912168711e+00 1.015320620657872323e-19
3.423214972384368782e+00 9.445921399387148447e-20
3.449892171316475409e+00 8.799917385316869108e-20
3.476777266319557746e+00 8.209208292112423428e-20
3.503871877532837242e+00 7.668633791059525506e-20
3.531177637721321538e+00 7.173776978580074354e-20
3.558696192374196876e+00 6.720915337425754768e-20
3.586429199803984336e+00 6.307010624131292729e-20
3.614378331246479004e+00 5.929751511426797414e-20
3.642545270961456083e+00 5.587677372656223764e-20
3.670931716334169703e+00 5.280440315009510600e-20
3.699539377977637766e+00 5.009323142000822781e-20
3.728369979835728820e+00 4.778267525709040437e-20
3.757425259287050068e+00 4.595998584982374644e-20
3.786706967249639177e+00 4.480713636334245838e-20
3.816216868286484765e+00 4.471423126864154417e-20
3.845956740711859112e+00 4.659108365303045766e-20
3.875928376698477340e+00 5.290480187310356284e-20
3.906133582385504788e+00 7.254872885398086967e-20
3.936574177987393064e+00 1.739157455362867187e-19
3.967251997903568306e+00 2.501049509097513088e-19
3.998168890828979194e+00 7.499724290141316925e-20
4.029326719865498063e+00 4.743552926265400552e-20
4.060727362634198201e+00 3.669096430136628271e-20
4.092372711388496676e+00 3.097061616263455825e-20
4.124264673128191561e+00 2.733117207907221154e-20
4.156405169714378012e+00 2.473000771594726186e-20
4.188796137985258738e+00 2.271836398309649768e-20
4.221439529872867524e+00 2.107608829129258278e-20
4.254337312520692471e+00 1.968412443548201246e-20
4.287491468402215844e+00 1.847291115021206187e-20
4.320903995440390055e+00 1.739911813863873067e-20
4.354576907128027585e+00 1.643424184009904089e-20
4.388512232649141254e+00 1.555862456803617698e-20
4.422712017001222407e+00 1.475813726289616990e-20
4.457178321118484554e+00 1.402225014544387570e-20
4.491913221996044037e+00 1.334286364106465312e-20
4.526918812815098114e+00 1.271357407638246884e-20
4.562197203069056073e+00 1.212919751601127867e-20
4.597750518690657096e+00 1.158545203557934303e-20
4.633580902180091776e+00 1.107874016600822870e-20
4.669690512734105958e+00 1.060599639738710821e-20
4.706081526376117985e+00 1.016457799537091858e-20
4.742756136087351138e+00 9.752185325996442726e-21
4.779716551938987479e+00 9.366802732437092447e-21
4.816965001225343990e+00 9.006654038737771456e-21
4.854503728598102974e+00 8.670168695288983114e-21
4.892334996201570085e+00 8.355955849701815542e-21
4.930461083808994616e+00 8.062784475908777775e-21
4.968884288959960038e+00 7.789568276859114915e-21
5.007606927098831484e+00 7.535354488185391141e-21
5.046631331714285906e+00 7.299316013473033270e-21
5.085959854479939146e+00 7.080746557701941596e-21
5.125594865396055688e+00 6.879058623720477461e-21
5.165538752932373079e+00 6.693784420054111454e-21
5.205793924172026799e+00 6.524579917575364984e-21
5.246362804956618220e+00 6.371232508877628231e-21
5.287247840032386570e+00 6.233672993270436740e-21
5.328451493197543520e+00 6.111992967100637017e-21
5.369976247450735762e+00 6.006469193955127306e-21
5.411824605140684419e+00 5.917597239765060769e-21
5.453999088116976424e+00 5.846137705905377594e-21
5.496502237882029185e+00 5.793179978069031025e-21
5.539336615744256065e+00 5.760230862181650308e-21
5.582504802972412250e+00 5.749339372476853580e-21
5.626009400951136996e+00 5.763275281691360820e-21
5.669853031337731331e+00 5.805789688293456021e-21
5.714038336220133019e+00 5.882004306579349057e-21
5.758567978276136756e+00 5.999009369925908252e-21
5.803444640933850707e+00 6.166812303941088855e-21
5.848671028533408034e+00 6.399902047385169839e-21
5.894249866489925438e+00 6.719950178100476615e-21
5.940183901457753102e+00 7.160743549950586713e-21
5.986475901495984075e+00 7.777839972408865756e-21
6.033128656235260401e+00 8.669220734259396214e-21
6.080144977045891963e+00 1.002496787574853898e-20
6.127527697207263202e+00 1.226809793989476666e-20
6.175279672078572979e+00 1.656764032576611519e-20
6.223403779270908487e+00 2.777552204952985802e-20
6.271902918820651429e+00 1.225922426361129257e-19
6.320780013364233341e+00 4.263502209066423283e-20
6.370038008314270250e+00 1.693217848319807645e-20
6.419679872037050039e+00 1.012119255286191389e-20
6.469708596031408021e+00 7.008461415453243889e-21
6.520127195109008511e+00 5.249963234939742241e-21
6.570938707576019056e+00 4.138645785382662085e-21
6.622146195416195980e+00 3.388277255558813596e-21
6.673752744475415000e+00 2.861251329643337007e-21
6.725761464647628252e+00 2.483437645195014022e-21
6.778175490062257502e+00 2.211511749588772259e-21
6.830997979273086607e+00 2.018543419454503161e-21
6.884232115448578604e+00 1.886979764938367575e-21
6.937881106563702716e+00 1.804999532511423457e-21
6.991948185593272136e+00 1.764560178627380781e-21
7.046436610706736658e+00 1.760361078550625280e-21
7.101349665464545602e+00 1.789331994033511095e-21
7.156690659016025080e+00 1.850447241307318831e-21
7.212462926298772281e+00 1.944781630422835045e-21
7.268669828239636921e+00 2.075810117789997862e-21
7.325314751957265003e+00 2.250034998318905641e-21
7.382401110966188895e+00 2.478133230201224352e-21
7.439932345382551659e+00 2.777008092723949716e-21
7.497911922131407003e+00 3.173524910901019599e-21
7.556343335155633945e+00 3.711609840404878414e-21
7.615230105626504375e+00 4.466629305664192515e-21
7.674575782155860004e+00 5.577182166073599881e-21
7.734383941009959962e+00 7.324322088904630190e-21
7.794658186324999072e+00 1.036566972757618703e-20
7.855402150324295896e+00 1.663776560433520638e-20
7.916619493537168317e+00 3.508075330823187477e-20
7.978313905019535746e+00 3.480836679600524754e-19
8.040489102576222180e+00 6.467091714701508872e-20
8.103148832984988559e+00 3.996948030130585421e-20
8.166296872222336134e+00 4.141391597631785959e-20
8.229937025691045349e+00 9.078927518972103564e-20
8.294073128449483079e+00 6.094017089608140292e-20
8.358709045442731522e+00 1.656783883862804162e-20
8.423848671735486349e+00 8.110228603697352038e-21
8.489495932746768503e+00 4.808949941850817593e-21
8.555654784486495856e+00 3.152049628204125895e-21
8.622329213793868519e+00 2.200423639110889745e-21
8.689523238577617548e+00 1.604948533986780553e-21
8.757240908058138373e+00 1.209321255525772726e-21
8.825486303011505385e+00 9.345018974192101465e-22
8.894263536015376559e+00 7.368943007509360474e-22
8.963576751696830769e+00 5.908247915805243351e-22
9.033430126982132435e+00 4.803777464249259638e-22
9.103827871348423528e+00 3.952692469414734088e-22
9.174774227077424626e+00 3.286229464278977085e-22
9.246273469511047338e+00 2.757067174081202648e-22
9.318329907309045979e+00 2.331830465806297214e-22
9.390947882708687189e+00 1.986475301158167474e-22
9.464131771786378877e+00 1.703355913119770722e-22
9.537885984721404142e+00 1.469308989899359159e-22
9.612214966061698007e+00 1.274371600393959223e-22
9.687123194991649200e+00 1.110904682142588455e-22
9.762615185602044221e+00 9.729822689208701584e-23
9.838695487162103959e+00 8.559585473568802287e-23
9.915368684393603971e+00 7.561561934311032652e-23
9.992639397747167251e+00 6.706388490576462279e-23
1.007051228368071882e+01 5.970435209631833146e-23
1.014899203494005953e+01 5.334550791369937139e-23
1.022808338084167801e+01 4.783092418906580123e-23
1.030779108755775475e+01 4.303202911289891298e-23
1.038811995840335101e+01 3.884252153436972370e-23
1.046907483412588746e+01 3.517402815080538896e-23
1.055066059319685934e+01 3.195270076669301416e-23
1.063288215210579679e+01 2.911653046805310849e-23
1.071574446565655414e+01 2.661321317006225458e-23
1.079925252726591012e+01 2.439844250759986736e-23
1.088341136926445074e+01 2.243453614703361899e-23
1.096822606319983606e+01 2.068932448781853802e-23
1.105370172014243657e+01 1.913524640723292895e-23
1.113984349099330551e+01 1.774861030108012738e-23
1.122665656679461144e+01 1.650898693045366901e-23
1.131414617904242803e+01 1.539870836343680877e-23
1.140231760000200723e+01 1.440245288378984696e-23
1.149117614302551083e+01 1.350689939844146030e-23
1.158072716287217041e+01 1.270043865368605977e-23
1.167097605603098742e+01 1.197293101642685712e-23
1.176192826104595213e+01 1.131550229961235840e-23
1.185358925884374592e+01 1.072037128529621556e-23
1.194596457306404602e+01 1.018070314756667669e-23
1.203905977039241115e+01 9.690484806723623498e-24
1.213288046089569505e+01 9.244418154615016839e-24
1.222743229836014933e+01 8.837828571674152621e-24
1.232272098063213228e+01 8.466586205399522846e-24
1.241875224996144311e+01 8.127037930230602005e-24
1.251553189334737759e+01 7.815948505996372708e-24
1.261306574288748017e+01 7.530449433059510847e-24
1.271135967612895179e+01 7.267994642008061569e-24
1.281041961642286786e+01 7.026321602003354120e-24
1.291025153328114428e+01 6.803417548647593148e-24
1.301086144273622835e+01 6.597489934792492323e-24
1.311225540770366216e+01 6.406940365058522999e-24
1.321443953834745422e+01 6.230342061538813636e-24
1.331741999244825436e+01 6.066419758074525699e-24
1.342120297577444710e+01 5.914032298457245599e-24
1.352579474245614577e+01 5.772157149324882189e-24
1.363120159536203424e+01 5.639876914658809179e-24
1.373742988647920527e+01 5.516367454293546268e-24
1.384448601729596717e+01 5.400887266209269068e-24
1.395237643918756554e+01 5.292768446581082780e-24
1.406110765380496730e+01 5.191408356065301854e-24
1.417068621346669133e+01 5.096262564106393585e-24
1.428111872155361617e+01 5.006838481179565774e-24
1.439241183290693016e+01 4.922689799959422139e-24
1.450457225422918128e+01 4.843411462322557114e-24
1.461760674448840014e+01 4.768635475307881286e-24
1.473152211532542033e+01 4.698026855239299608e-24
1.484632523146438210e+01 4.631280343980897165e-24
1.496202301112636057e+01 4.568117370577345779e-24
1.507862242644633000e+01 4.508283281012684102e-24
1.519613050389326148e+01 4.451545072794665242e-24
1.531455432469357625e+01 4.397689169413912249e-24
1.543390102525788343e+01 4.346519627783787046e-24
1.555417779761100050e+01 4.297856401672790412e-24
1.567539188982537013e+01 4.251533848008615147e-24
1.579755060645786280e+01 4.207399398962638465e-24
1.592066130898992427e+01 4.165312387078207751e-24
1.604473141627120114e+01 4.125142945808987187e-24
1.616976840496664281e+01 4.086771053757313552e-24
1.629577981000701570e+01 4.050085649137462490e-24
1.642277322504298454e+01 4.014983918450421199e-24
1.655075630290274091e+01 3.981370524054661114e-24
1.667973675605313844e+01 3.949157027151858482e-24
1.680972235706447293e+01 3.918261267611847065e-24
1.694072093907889709e+01 3.888606887168306419e-24
1.707274039628241269e+01 3.860122858911078970e-24
1.720578868438059672e+01 3.832743040406761817e-24
1.733987382107807917e+01 3.806405790855959311e-24
1.747500388656161974e+01 3.781053656228538612e-24
1.761118702398708180e+01 3.756632993290109789e-24
1.774843143997016526e+01 3.733093732898162121e-24
1.788674540508091226e+01 3.710389068324961313e-24
1.802613725434210679e+01 3.688475242066271304e-24
1.816661538773160700e+01 3.667311298432405304e-24
1.830818827068848265e+01 3.646858898751070219e-24
1.845086443462317405e+01 3.627082130476157427e-24
1.859465247743164085e+01 3.607947312195236694e-24
1.873956106401342936e+01 3.589422868071871873e-24
1.888559892679387175e+01 3.571479154332042217e-24
1.903277486625032822e+01 3.554088331728204666e-24
1.918109775144246498e+01 3.537224257062176498e-24
1.933057652054675302e+01 3.520862333950856131e-24
1.948122018139512690e+01 3.504979444275513431e-24
1.963303781201774356e+01 3.489553823048162049e-24
1.978603856119007531e+01 3.474564979134382229e-24
1.994023164898425549e+01 3.459993603861419480e-24
2.009562636732463758e+01 3.445821502456165155e-24
2.025223208054777757e+01 3.432031511541459581e-24
2.041005822596676111e+01 3.418607433577247647e-24
2.056911431443985094e+01 3.405533983662864169e-24
2.072940993094369944e+01 3.392796717851637084e-24
2.089095473515089907e+01 3.380381993173562515e-24
2.105375846201209811e+01 3.368276893279904059e-24
2.121783092234269219e+01 3.356469217753213359e-24
2.138318200341397457e+01 3.344947401850938933e-24
2.154982166954898304e+01 3.333700501149141924e-24
2.171775996272300446e+01 3.322718144649055389e-24
2.188700700316866232e+01 3.311990495792983030e-24
2.205757298998579330e+01 3.301508226085855892e-24
2.222946820175610938e+01 3.291262479850957922e-24
2.240270299716252822e+01 3.281244847442696052e-24
2.257728781561344533e+01 3.271447340426841831e-24
2.275323317787184862e+01 3.261862362722104700e-24
2.293054968668926463e+01 3.252482685150039022e-24
2.310924802744472473e+01 3.243301435526092129e-24
2.328933896878871934e+01 3.234312063603228981e-24
2.347083336329205494e+01 3.225508328279550978e-24
2.365374214809989795e+01 3.216884282963591129e-24
2.383807634559089195e+01 3.208434250862128471e-24
2.402384706404131620e+01 3.200152819133399657e-24
2.421106549829451282e+01 3.192034815427772525e-24
2.439974293043556486e+01 3.184075298465979977e-24
2.458989073047107254e+01 3.176269544650692261e-24
2.478152035701439360e+01 3.168613035755830584e-24
2.497464335797616286e+01 3.161101447707002513e-24
2.516927137126014813e+01 3.153730637380018989e-24
2.536541612546457714e+01 3.146496640026497051e-24
2.556308944058897836e+01 3.139395650020003296e-24
2.576230322874638290e+01 3.132424018383430902e-24
2.596306949488122484e+01 3.125578245467020537e-24
2.616540033749279459e+01 3.118854967779408082e-24
2.636930794936425215e+01 3.112250955884142515e-24
2.657480461829742424e+01 3.105763104992094781e-24
2.678190272785330706e+01 3.099388428220483318e-24
2.699061475809826760e+01 3.093124053027179822e-24
2.720095328635613185e+01 3.086967212788964455e-24
2.741293098796615979e+01 3.080915243260328173e-24
2.762656063704679710e+01 3.074965576154779872e-24
2.784185510726555535e+01 3.069115735537106543e-24
2.805882737261472570e+01 3.063363333253524380e-24
2.827749050819322818e+01 3.057706064770621628e-24
2.849785769099460708e+01 3.052141704270839100e-24
2.871994220070099502e+01 3.046668100929069405e-24
2.894375742048341138e+01 3.041283177803221717e-24
2.916931683780831364e+01 3.035984925324540128e-24
2.939663404525025925e+01 3.030771400044628800e-24
2.962572274131109040e+01 3.025640722047681961e-24
2.985659673124544611e+01 3.020591069457337827e-24
3.008926992789260524e+01 3.015620679282312708e-24
3.032375635251500157e+01 3.010727842922140804e-24
3.056007013564306618e+01 3.005910903846916963e-24
3.079822551792681296e+01 3.001168256034994531e-24
3.103823685099403207e+01 2.996498341634122973e-24
3.128011859831505959e+01 2.991899648498148035e-24
3.152388533607441090e+01 2.987370709098576708e-24
3.176955175404921761e+01 2.982910098167507180e-24
3.201713265649436124e+01 2.978516430135921752e-24
3.226664296303464141e+01 2.974188360445384617e-24
3.251809770956392498e+01 2.969924580306211696e-24
3.277151204915110583e+01 2.965723818023005456e-24
3.302690125295332990e+01 2.961584836349411687e-24
3.328428071113629017e+01 2.957506430995798565e-24
3.354366593380158434e+01 2.953487430525955315e-24
3.380507255192139837e+01 2.949526693797078200e-24
3.406851631828053684e+01 2.945623109918122393e-24
3.433401310842558019e+01 2.941775596210720416e-24
3.460157892162165183e+01 2.937983098482988565e-24
3.487122988181658201e+01 2.934244588460385932e-24
3.514298223861248260e+01 2.930559064265530257e-24
3.541685236824501004e+01 2.926925548461308770e-24
3.569285677457028783e+01 2.923343088053951004e-24
3.597101209005933953e+01 2.919810752815891132e-24
3.625133507680045142e+01 2.916327635624320989e-24
3.653384262750932976e+01 2.912892850386693441e-24
3.681855176654698880e+01 2.909505532620840968e-24
3.710547965094568923e+01 2.906164837813226985e-24
3.739464357144293416e+01 2.902869941159064622e-24
3.768606095352331664e+01 2.899620037109231230e-24
3.797974935846865918e+01 2.896414338353275129e-24
3.827572648441636005e+01 2.893252075716958410e-24
3.857401016742574740e+01 2.890132497113119782e-24
3.887461838255303803e+01 2.887054867504170056e-24
3.917756924493453852e+01 2.884018467891674303e-24
3.948288101087822355e+01 2.881022595549406100e-24
3.979057207896390480e+01 2.878066562590188488e-24
4.010066099115206129e+01 2.875149696502745183e-24
4.041316643390103280e+01 2.872271338852805031e-24
4.072810723929327992e+01 2.869430845703348953e-24
4.104550238617008517e+01 2.866627586384632168e-24
4.136537100127531374e+01 2.863860943772059299e-24
4.168773236040807717e+01 2.861130313656762984e-24
4.201260588958419362e+01 2.858435104156573580e-24
4.234001116620692784e+01 2.855774735932753132e-24
4.266996792024676921e+01 2.853148641211533716e-24
4.300249603543031185e+01 2.850556264083461113e-24
4.333761555043851388e+01 2.847997059616644120e-24
4.367534666011432876e+01 2.845470494084234004e-24
4.401570971667955945e+01 2.842976044245185071e-24
4.435872523096138309e+01 2.840513197363558109e-24
4.470441387362842534e+01 2.838081450745337417e-24
4.505279647643626362e+01 2.835680311579664125e-24
4.540389403348287800e+01 2.833309296731847441e-24
4.575772770247383647e+01 2.830967932307027019e-24
4.611431880599715782e+01 2.828655753691843134e-24
4.647368883280831398e+01 2.826372305066475388e-24
4.683585943912525096e+01 2.824117139333313708e-24
4.720085244993330065e+01 2.821889817817621652e-24
4.756868986030042379e+01 2.819689910188592411e-24
4.793939383670277010e+01 2.817516994090870635e-24
4.831298671836032099e+01 2.815370655071593175e-24
4.868949101858314776e+01 2.813250486369125560e-24
4.906892942612816455e+01 2.811156088644260238e-24
4.945132480656627649e+01 2.809087069956225472e-24
4.983670020366032816e+01 2.807043045459362243e-24
5.022507884075386642e+01 2.805023637290059696e-24
5.061648412217044779e+01 2.803028474363426575e-24
5.101093963462410130e+01 2.801057192293507484e-24
5.140846914864078343e+01 2.799109433164786989e-24
5.180909661999065463e+01 2.797184845412656533e-24
5.221284619113180980e+01 2.795283083686437389e-24
5.261974219266517139e+01 2.793403808674287837e-24
5.302980914480057351e+01 2.791546687032750276e-24
5.344307175883443506e+01 2.789711391156115927e-24
5.385955493863902177e+01 2.787897599132328000e-24
5.427928378216299166e+01 2.786104994574922734e-24
5.470228358294394866e+01 2.784333266517363479e-24
5.512857983163273445e+01 2.782582109283151504e-24
5.555819821752935184e+01 2.780851222360935971e-24
5.599116463013128708e+01 2.779140310311728857e-24
5.642750516069339994e+01 2.777449082657026913e-24
5.686724610380037603e+01 2.775777253751622442e-24
5.731041395895132240e+01 2.774124542703098832e-24
5.775703543215650626e+01 2.772490673250242563e-24
5.820713743754681246e+01 2.770875373653627458e-24
5.866074709899567097e+01 2.769278376660915561e-24
5.911789175175346145e+01 2.767699419326870951e-24
5.957859894409484980e+01 2.766138242984470496e-24
6.004289643897896411e+01 2.764594593124479240e-24
6.051081221572227520e+01 2.763068219325232973e-24
6.098237447168475001e+01 2.761558875158680241e-24
6.145761162396918564e+01 2.760066318105844092e-24
6.193655231113346105e+01 2.758590309474576047e-24
6.241922539491645239e+01 2.757130614336577152e-24
6.290565996197736354e+01 2.755687001429944351e-24
6.339588532564837209e+01 2.754259243087206361e-24
6.388993102770116650e+01 2.752847115186954641e-24
6.438782684012728907e+01 2.751450397049394117e-24
6.488960276693207163e+01 2.750068871383760742e-24
6.539528904594276071e+01 2.748702324211684775e-24
6.590491615063088204e+01 2.747350544822333184e-24
6.641851479194833985e+01 2.746013325677264032e-24
6.693611592017829537e+01 2.744690462373633866e-24
6.745775072680027051e+01 2.743381753560481953e-24
6.798345064636970392e+01 2.742087000899345342e-24
6.851324735841228630e+01 2.740806008996877685e-24
6.904717278933314617e+01 2.739538585347526265e-24
6.958525911434054478e+01 2.738284540268922774e-24
7.012753875938497572e+01 2.737043686872916572e-24
7.067404440311324265e+01 2.735815840990741240e-24
7.122480897883757223e+01 2.734600821130506867e-24
7.177986567652027361e+01 2.733398448426662985e-24
7.233924794477398734e+01 2.732208546590346778e-24
7.290298949287712560e+01 2.731030941866908806e-24
7.347112429280528545e+01 2.729865462984451331e-24
7.404368658127866354e+01 2.728711941111623656e-24
7.462071086182491797e+01 2.727570209822414606e-24
7.520223190685867110e+01 2.726440105041373754e-24
7.578828475977674373e+01 2.725321465016572480e-24
7.637890473707000183e+01 2.724214130271410170e-24
7.697412743045173045e+01 2.723117943573195460e-24
7.757398870900217958e+01 2.722032749899345627e-24
7.817852472133024833e+01 2.720958396397534762e-24
7.878777189775192369e+01 2.719894732357694226e-24
7.940176695248545968e+01 2.718841609181406453e-24
8.002054688586392217e+01 2.717798880352317758e-24
8.064414898656497144e+01 2.716766401409296286e-24
8.127261083385778306e+01 2.715744029921694843e-24
8.190597029986767552e+01 2.714731625466537482e-24
8.254426555185850134e+01 2.713729049611841446e-24
8.318753505453241814e+01 2.712736165890393358e-24
8.383581757234797749e+01 2.711752839792498993e-24
8.448915217185621884e+01 2.710778938749726189e-24
8.514757822405468346e+01 2.709814332126830303e-24
8.581113540676001605e+01 2.708858891215499116e-24
8.647986370699926795e+01 2.707912489231732943e-24
8.715380342341917697e+01 2.706975001321155301e-24
8.783299516871490198e+01 2.706046304562467025e-24
8.851747987207740209e+01 2.705126277984019636e-24
8.920729878165977311e+01 2.704214802580650990e-24
8.990249346706292499e+01 2.703311761339819091e-24
9.060310582184085604e+01 2.702417039275472121e-24
9.130917806602495546e+01 2.701530523473295427e-24
9.202075274866830057e+01 2.700652103140836798e-24
9.273787275041000555e+01 2.699781669676183257e-24
9.346058128605885429e+01 2.698919116745291323e-24
9.418892190719775215e+01 2.698064340382616674e-24
9.492293850480828610e+01 2.697217239101508863e-24
9.566267531191542162e+01 2.696377714036312055e-24
9.640817690625316061e+01 2.695545669107228475e-24
9.715948821295106086e+01 2.694721011214528077e-24
9.791665450724114805e+01 2.693903650477953760e-24
9.867972141718647094e+01 2.693093500511480324e-24
9.944873492643085910e+01 2.692290478763322526e-24
1.002237413769696843e+02 2.691494506912917167e-24
1.010047874719425067e+02 2.690705511356216739e-24
1.017919202784478472e+02 2.689923423780721436e-24
1.025851872303792192e+02 2.689148181870567105e-24
1.033846361312837132e+02 2.688379730154867773e-24
1.041903151572423241e+02 2.687618021044035865e-24
1.050022728597737967e+02 2.686863016103215447e-24
1.058205581687600016e+02 2.686114687617367357e-24
1.066452203953943325e+02 2.685373020534690877e-24
1.074763092351537921e+02 2.684638014893080638e-24
1.083138747707935323e+02 2.683909688872098239e-24
1.091579674753644582e+02 2.683188082661244236e-24
1.100086382152555871e+02 2.682473263407224118e-24
1.108659382532589319e+02 2.681765331599606108e-24
1.117299192516584156e+02 2.681064429395727617e-24
1.126006332753437249e+02 2.680370751599567103e-24
1.134781327949475127e+02 2.679684560308568615e-24
1.143624706900070578e+02 2.679006204720060390e-24
1.152537002521514893e+02 2.678336148304125530e-24
1.161518751883129568e+02 2.677675006684740222e-24
1.170570496239626834e+02 2.677023601385155227e-24
1.179692781063733946e+02 2.676383037607453240e-24
1.188886156079060470e+02 2.675754819295386565e-24
1.198151175293222082e+02 2.675141023628413237e-24
1.207488397031233518e+02 2.674544573203692416e-24
1.216898383969149506e+02 2.673969674515830190e-24
1.226381703167970159e+02 2.673422551157435215e-24
1.235938926107819071e+02 2.672912724542212209e-24
1.245570628722379070e+02 2.672455369927627422e-24
1.255277391433594403e+02 2.672075930289321100e-24
1.265059799186655596e+02 2.671819876554949980e-24
1.274918441485245921e+02 2.671775476267079244e-24
1.284853912427061289e+02 2.672134200573135812e-24
1.294866810739619325e+02 2.673382252606620765e-24
1.304957739816336186e+02 2.677094156440306169e-24
1.315127307752884178e+02 2.691169874009904325e-24
1.325376127383843823e+02 2.843638323847291550e-24
1.335704816319631050e+02 2.888582586564864240e-24
1.346113996983710308e+02 2.685668809078574670e-24
1.356604296650112076e+02 2.670851516444007367e-24
1.367176347481229470e+02 2.666606323632118641e-24
1.377830786565907033e+02 2.664596295745639392e-24
1.388568255957844144e+02 2.663324851957025752e-24
1.399389402714279811e+02 2.662363156607375786e-24
1.410294878934981853e+02 2.661552678694433921e-24
1.421285341801552420e+02 2.660824396362372312e-24
1.432361453617025404e+02 2.660144594787912178e-24
1.443523881845774781e+02 2.659495328764587549e-24
1.454773299153745256e+02 2.658866385007122443e-24
1.466110383448984180e+02 2.658251627383076635e-24
1.477535817922487809e+02 2.657647199077356383e-24
1.489050291089381517e+02 2.657050580149179098e-24
1.500654496830406970e+02 2.656460066853249010e-24
1.512349134433729603e+02 2.655874470992551875e-24
1.524134908637090291e+02 2.655292939657793566e-24
1.536012529670268520e+02 2.654714843583647502e-24
1.547982713297877240e+02 2.654139706013941396e-24
1.560046180862505310e+02 2.653567156233586067e-24
1.572203659328182255e+02 2.652996898539656071e-24
1.584455881324181519e+02 2.652428691106410497e-24
1.596803585189179557e+02 2.651862331334725935e-24
1.609247515015744341e+02 2.651297645532126311e-24
1.621788420695170316e+02 2.650734481537879367e-24
1.634427057962678873e+02 2.650172703381762655e-24
1.647164188442954185e+02 2.649612187369098340e-24
1.660000579696035743e+02 2.649052819178830860e-24
1.672937005263582364e+02 2.648494491691687610e-24
1.685974244715482087e+02 2.647937103345463978e-24
1.699113083696825299e+02 2.647380556882741663e-24
1.712354313975259004e+02 2.646824758386928942e-24
1.725698733488695211e+02 2.646269616533583907e-24
1.739147146393390528e+02 2.645715042007444207e-24
1.752700363112416539e+02 2.645160947043388054e-24
1.766359200384491714e+02 2.644607245061931794e-24
1.780124481313194451e+02 2.644053850380124046e-24
1.793997035416574590e+02 2.643500677979170312e-24
1.807977698677136971e+02 2.642947643317303822e-24
1.822067313592213509e+02 2.642394662179148507e-24
1.836266729224743983e+02 2.641841650551321207e-24
1.850576801254436248e+02 2.641288524523522267e-24
1.864998392029326340e+02 2.640735200206514323e-24
1.879532370617755248e+02 2.640181593664770877e-24
1.894179612860732789e+02 2.639627620864555085e-24
1.908941001424721833e+02 2.639073197628153715e-24
1.923817425854821010e+02 2.638518239602584025e-24
1.938809782628381413e+02 2.637962662232852728e-24
1.953918975209024325e+02 2.637406380743683674e-24
1.969145914101080166e+02 2.636849310129836916e-24
1.984491516904466835e+02 2.636291365152710061e-24
1.999956708369982152e+02 2.635732460344113080e-24
2.015542420455023489e+02 2.635172510018670135e-24
2.031249592379760713e+02 2.634611428294794078e-24
2.047079170683730354e+02 2.634049129125520766e-24
2.063032109282868873e+02 2.633485526342689650e-24
2.079109369527008937e+02 2.632920533712741183e-24
2.095311920257806548e+02 2.632354065010929459e-24
2.111640737867118389e+02 2.631786034116917812e-24
2.128096806355852948e+02 2.631216355135043283e-24
2.144681117393262753e+02 2.630644942548716699e-24
2.161394670376696752e+02 2.630071711413589822e-24
2.178238472491838138e+02 2.629496577607939687e-24
2.195213538773393793e+02 2.628919458147220972e-24
2.212320892166253827e+02 2.628340271591077611e-24
2.229561563587150204e+02 2.627758938570553112e-24
2.246936591986774658e+02 2.627175382471748889e-24
2.264447024412380358e+02 2.626589530338525678e-24
2.282093916070892590e+02 2.626001314072982288e-24
2.299878330392489829e+02 2.625410672049958151e-24
2.317801339094681907e+02 2.624817551325757819e-24
2.335864022246906018e+02 2.624221910699151483e-24
2.354067468335608453e+02 2.623623725033646757e-24
2.372412774329828551e+02 2.623022991483075005e-24
2.390901045747320666e+02 2.622419738662458108e-24
2.409533396721166127e+02 2.621814040509641722e-24
2.428310950066905889e+02 2.621206037867097524e-24
2.447234837350216878e+02 2.620595973249694479e-24
2.466306198955096249e+02 2.619984249151123309e-24
2.485526184152573421e+02 2.619371530579227495e-24
2.504895951169983448e+02 2.618758936004485152e-24
2.524416667260755673e+02 2.618148418903971850e-24
2.544089508774746662e+02 2.617543600912737403e-24
2.563915661229143552e+02 2.616951814427490909e-24
2.583896319379898614e+02 2.616389968475881417e-24
2.604032687293719732e+02 2.615905790023650876e-24
2.624325978420643537e+02 2.615690749845437274e-24
2.644777415667152241e+02 2.617473395907435364e-24
2.665388231469862035e+02 2.661016228686619785e-24
2.686159667869804935e+02 2.613272585176120721e-24
2.707092976587269959e+02 2.612073131068437834e-24
2.728189419097225255e+02 2.611325122330372621e-24
2.749450266705351851e+02 2.610631359084558888e-24
2.770876800624648695e+02 2.609944527437351315e-24
2.792470312052630561e+02 2.609254743800435637e-24
2.814232102249154082e+02 2.608559353293570632e-24
2.836163482614826989e+02 2.607857545376409335e-24
2.858265774770025587e+02 2.607149051068468852e-24
2.880540310634554544e+02 2.606433766182801601e-24
2.902988432507903553e+02 2.605711630536762254e-24
2.925611493150125284e+02 2.604982587636904136e-24
2.948410855863375559e+02 2.604246571793855573e-24
2.971387894574056077e+02 2.603503504955921247e-24
2.994543993915602869e+02 2.602753296936432721e-24
3.017880549311942673e+02 2.601995846698687563e-24
3.041398967061576855e+02 2.601231043825014957e-24
3.065100664422314480e+02 2.600458769869710560e-24
3.088987069696701724e+02 2.599678899512079282e-24
3.113059622318079391e+02 2.598891301506588834e-24
3.137319772937320295e+02 2.598095839454688668e-24
3.161768983510263524e+02 2.597292372431187937e-24
3.186408727385806401e+02 2.596480755498684150e-24
3.211240489394681958e+02 2.595660840131025829e-24
3.236265765938954928e+02 2.594832474573602627e-24
3.261486065082187338e+02 2.593995504156146211e-24
3.286902906640310107e+02 2.593149771579255914e-24
3.312517822273226216e+02 2.592295117187075580e-24
3.338332355577101112e+02 2.591431379243625843e-24
3.364348062177374459e+02 2.590558394232987915e-24
3.390566509822522789e+02 2.589675997196839437e-24
3.416989278478527012e+02 2.588784022145964200e-24
3.443617960424069793e+02 2.587882302571347904e-24
3.470454160346512253e+02 2.586970672110009380e-24
3.497499495438582926e+02 2.586048965435277770e-24
3.524755595495823854e+02 2.585117019476358729e-24
3.552224103014823982e+02 2.584174675137032065e-24
3.579906673292189225e+02 2.583221779767624892e-24
3.607804974524281647e+02 2.582258190820118003e-24
3.635920687907769207e+02 2.581283781404791427e-24
3.664255507740929261e+02 2.580298449010328414e-24
3.692811141525733660e+02 2.579302129701861218e-24
3.721589310070772285e+02 2.578294822266741786e-24
3.750591747594938852e+02 2.577276631466361216e-24
3.779820201831925033e+02 2.576247850612537362e-24
3.809276434135567797e+02 2.575209132335101618e-24
3.838962219585976641e+02 2.574161880210519602e-24
3.868879347096493007e+02 2.573109281680602329e-24
3.899029619521515997e+02 2.572059640415081697e-24
3.929414853765134694e+02 2.571041221154623388e-24
3.960036880890602902e+02 2.570228343228555984e-24
3.990897546230708599e+02 2.668736359657161642e-24
4.021998709498963649e+02 2.567338135081055927e-24
4.053342244901661502e+02 2.566177775585846277e-24
4.084930041250843828e+02 2.565033100361816450e-24
4.116764002078110138e+02 2.563865721392217815e-24
4.148846045749318137e+02 2.562677878042796883e-24
4.181178105580209490e+02 2.561471441163971973e-24
4.213762129952903024e+02 2.560247370763290509e-24
4.246600082433295711e+02 2.559006113847368648e-24
4.279693941889414077e+02 2.557747838463826350e-24
4.313045702610652938e+02 2.556472554084463913e-24
4.346657374427940113e+02 2.555180175038770730e-24
4.380530982834878273e+02 2.553870555527345486e-24
4.414668569109793452e+02 2.552543509883234743e-24
4.449072190438729422e+02 2.551198824811814519e-24
4.483743920039445356e+02 2.549836267091653248e-24
4.518685847286337207e+02 2.548455588603572690e-24
4.553900077836335072e+02 2.547056529751263758e-24
4.589388733755817498e+02 2.545638821891334195e-24
4.625153953648480751e+02 2.544202189165319825e-24
4.661197892784197165e+02 2.542746349992881598e-24
4.697522723228924519e+02 2.541271018415948486e-24
4.734130633975585738e+02 2.539775905467098698e-24
4.771023831075963244e+02 2.538260720743052542e-24
4.808204537773672200e+02 2.536725174417924703e-24
4.845674994638119415e+02 2.535168980051241474e-24
4.883437459699508736e+02 2.533591858775024083e-24
4.921494208584945795e+02 2.531993545894563427e-24
4.959847534655552863e+02 2.530373801857991927e-24
4.998499749144658608e+02 2.528732431523294216e-24
5.037453181297104834e+02 2.527069320219262885e-24
5.076710178509595153e+02 2.525384506674621578e-24
5.116273106472139034e+02 2.523678345803530169e-24
5.156144349310642383e+02 2.521951923510163161e-24
5.196326309730563935e+02 2.520208333918368427e-24
5.236821409161686915e+02 2.518457987864271728e-24
5.277632087904075888e+02 2.516758271650748733e-24
5.318760805275113626e+02 2.522092427388030446e-24
5.360210039757685081e+02 2.512723849638433317e-24
5.401982289149573262e+02 2.510893099152395815e-24
5.444080070713953319e+02 2.509005695713941726e-24
5.486505921331101945e+02 2.507080501352393428e-24
5.529262397651248193e+02 2.505123333511955161e-24
5.572352076248678259e+02 2.503136127798003969e-24
5.615777553776983950e+02 2.501119535600370908e-24
5.659541447125526474e+02 2.499073689236743806e-24
5.703646393577165554e+02 2.496998477988757088e-24
5.748095050967175439e+02 2.494893663957743736e-24
5.792890097843385320e+02 2.492758936544699734e-24
5.838034233627633967e+02 2.490593940481284353e-24
5.883530178778419213e+02 2.488398291400434855e-24
5.929380674954823007e+02 2.486171585156831079e-24
5.975588485181762053e+02 2.483913403908797044e-24
6.022156394016473087e+02 2.481623320587662357e-24
6.069087207716299872e+02 2.479300902767585115e-24
6.116383754407836477e+02 2.476945716770556346e-24
6.164048884257337022e+02 2.474557332952393122e-24
6.212085469642455564e+02 2.472135333660628507e-24
6.260496405325370688e+02 2.469679326661136227e-24
6.309284608627218631e+02 2.467188970028955397e-24
6.358453019603869052e+02 2.464664022810830071e-24
6.408004601223141208e+02 2.462104460044512126e-24
6.457942339543335493e+02 2.459510774074214889e-24
6.508269243893156499e+02 2.456884944765170124e-24
6.558988347053104917e+02 2.454234817261830307e-24
6.610102705438212070e+02 2.451614844700678574e-24
6.661615399282209182e+02 2.448655824210460388e-24
6.713529532823184809e+02 2.445834954712089430e-24
6.765848234490631512e+02 2.443039939143753418e-24
6.818574657093947735e+02 2.440184403516041145e-24
6.871711978012478994e+02 2.437281703892861752e-24
6.925263399386961964e+02 2.434334883388604313e-24
6.979232148312477193e+02 2.431344711947356352e-24
7.033621477032955909e+02 2.428311224116262441e-24
7.088434663137147709e+02 2.425234156107883527e-24
7.143675009756112786e+02 2.422113103213990467e-24
7.199345845762311455e+02 2.418947586495758574e-24
7.255450525970192075e+02 2.415737084877348745e-24
7.311992431338331926e+02 2.412481052602191796e-24
7.368974969173224281e+02 2.409178930313190495e-24
7.426401573334585464e+02 2.405830153886519937e-24
7.484275704442266033e+02 2.402434163924921392e-24
7.542600850084832018e+02 2.398990419340984009e-24
7.601380525029715045e+02 2.395498421385570314e-24
7.660618271434990447e+02 2.391957763307901893e-24
7.720317659062886833e+02 2.388368249040044848e-24
7.780482285494875896e+02 2.384730231733432169e-24
7.841115776348444797e+02 2.381045865999340100e-24
7.902221785495635231e+02 2.377326499584301002e-24
7.963803995283201402e+02 2.373785514107200286e-24
8.025866116754493760e+02 2.369524435453665067e-24
8.088411889873140126e+02 2.365667964876991317e-24
8.151445083748395746e+02 2.361721653792838810e-24
8.214969496862253209e+02 2.357712472565310358e-24
8.278988957298396372e+02 2.353644488652293287e-24
8.343507322972856173e+02 2.349518497111401287e-24
8.408528481866477478e+02 2.345334421248206693e-24
8.474056352259257210e+02 2.341091870882522677e-24
8.540094882966449177e+02 2.336790321379881722e-24
8.606648053576492430e+02 2.332429184585062367e-24
8.673719874690885945e+02 2.328007842549703368e-24
8.741314388165844775e+02 2.323525667710975631e-24
8.809435667355842270e+02 2.318982040028900567e-24
8.878087817359131577e+02 2.314376369276598534e-24
8.947274975265096373e+02 2.309708135981200649e-24
9.017001310403536536e+02 2.304976986902926702e-24
9.087271024595964946e+02 2.300183011486425340e-24
9.158088352408796027e+02 2.295327808774784070e-24
9.229457561408497668e+02 2.290421431781633025e-24
9.301382952418814511e+02 2.285893373443543337e-24
9.373868859779920513e+02 2.280261129502012438e-24
9.446919651609578068e+02 2.275159099149801301e-24
9.520539730066429911e+02 2.269969007299863227e-24
9.594733531615247557e+02 2.264705040973315950e-24
9.669505527294256808e+02 2.259369340683076260e-24
9.744860222984621032e+02 2.253962158328916104e-24
9.820802159681948069e+02 2.248483228490891548e-24
9.897335913769907165e+02 2.242932104314938419e-24
9.974466097296069620e+02 2.237308270816209468e-24
1.005219735824979466e+03 2.231611194717670634e-24
1.013053438084235040e+03 2.225840355912971781e-24
1.020948188578914824e+03 2.219995281498326544e-24
1.028904463059428053e+03 2.214075607791319509e-24
1.036922740983718768e+03 2.208081241688997937e-24
1.045003505546155566e+03 2.202012933516955937e-24
1.053147243706655672e+03 2.195875509726097685e-24
1.061354446220027512e+03 2.189748118860757340e-24
1.069625607665539974e+03 2.183263558869290960e-24
1.077961226476733827e+03 2.176909731450142488e-24
1.086361804971455058e+03 2.170455539934945189e-24
1.094827849382121485e+03 2.163917999599985685e-24
1.103359869886236311e+03 2.157299403332368837e-24
1.111958380637128130e+03 2.150600205284696347e-24
1.120623899794932186e+03 2.143820418596223093e-24
1.129356949557821736e+03 2.136959932609462352e-24
1.138158056193473385e+03 2.130018619752714941e-24
1.147027750070777074e+03 2.122996390528419907e-24
1.155966565691804135e+03 2.115893248118884372e-24
1.164975041724014091e+03 2.108709396189946216e-24
1.174053721032711564e+03 2.101445580235170594e-24
1.183203150713767400e+03 2.094104811743213303e-24
1.192423882126584203e+03 2.086717077331047272e-24
1.201716470927318369e+03 2.079096285498931089e-24
1.211081477102371991e+03 2.071535365790982255e-24
1.220519465002135348e+03 2.063869185628182047e-24
1.230031003374991315e+03 2.056118652274134807e-24
1.239616665401596720e+03 2.048286702922978504e-24
1.249277028729419499e+03 2.040374543457940612e-24
1.259012675507545055e+03 2.032383045847990050e-24
1.268824192421763883e+03 2.024313047511134481e-24
1.278712170729924765e+03 2.016165459151554095e-24
1.288677206297558541e+03 2.007941343569015443e-24
1.298719899633795194e+03 1.999642057816130239e-24
1.308840855927546954e+03 1.991269752958345609e-24
1.319040685083974950e+03 1.982830774835575811e-24
1.329320001761249159e+03 1.975593079499132332e-24
1.339679425407587132e+03 1.965676688702448383e-24
1.350119580298576466e+03 1.957026286069273478e-24
1.360641095574804922e+03 1.948302011267366083e-24
1.371244605279767711e+03 1.939511031808214727e-24
1.381930748398072865e+03 1.930656588501968062e-24
1.392700168893955606e+03 1.921741440218993425e-24
1.403553515750080123e+03 1.912768375092553743e-24
1.414491443006643976e+03 1.903740369018358550e-24
1.425514609800801281e+03 1.894660707539695002e-24
1.436623680406377389e+03 1.885533265563066649e-24
1.447819324273896427e+03 1.876363966792736335e-24
1.459102216070931036e+03 1.867194789480616958e-24
1.470473035722754730e+03 1.857860535239439643e-24
1.481932468453311458e+03 1.848586365657460965e-24
1.493481204826516205e+03 1.839275075962216369e-24
1.505119940787866653e+03 1.829938897966100110e-24
1.516849377706375208e+03 1.820584369649319642e-24
1.528670222416845718e+03 1.811217634979421441e-24
1.540583187262463071e+03 1.801845057996579246e-24
1.552588990137714973e+03 1.792473416447361648e-24
1.564688354531663890e+03 1.783110112382932555e-24
1.576882009571540493e+03 1.773763972173233428e-24
1.589170690066676798e+03 1.764456144149799169e-24
1.601555136552796966e+03 1.755112026179439394e-24
1.614036095336638937e+03 1.745872075895308818e-24
1.626614318540922113e+03 1.736670968364730901e-24
1.639290564149681586e+03 1.727528318448377148e-24
1.652065596053941363e+03 1.718455992693625663e-24
1.664940184097741849e+03 1.709465673864321870e-24
1.677915104124541813e+03 1.700569544752988968e-24
1.690991138023968006e+03 1.691780524018737629e-24
1.704169073778926304e+03 1.683112685400646179e-24
1.717449705513098706e+03 1.674584519749041537e-24
1.730833833538792760e+03 1.666147768495618457e-24
1.744322264405163878e+03 1.657955286524762441e-24
1.757915810946830561e+03 1.649917903378187444e-24
1.771615292332851595e+03 1.642076828366385767e-24
1.785421534116085240e+03 1.634451646136997406e-24
1.799335368282948593e+03 1.627061708513290739e-24
1.813357633303549846e+03 1.619927075118063783e-24
1.827489174182209808e+03 1.613068804451148135e-24
1.841730842508394517e+03 1.606509719062997692e-24
1.856083496508025974e+03 1.600291285008796975e-24
1.870548001095203745e+03 1.594352795584714670e-24
1.885125227924318551e+03 1.588828405857262184e-24
1.899816055442591278e+03 1.583692522645699312e-24
1.914621368943003745e+03 1.578974818614795210e-24
1.929542060617641937e+03 1.574702784319794909e-24
1.944579029611473061e+03 1.570904379441985937e-24
1.959733182076522326e+03 1.567608409857811827e-24
1.975005431226475366e+03 1.564845348941504814e-24
1.990396697391719727e+03 1.562685212982285111e-24
2.005907908074800844e+03 1.561013982951053967e-24
2.021539998006308224e+03 1.560027133401986613e-24
2.037293909201216138e+03 1.559691322914606732e-24
2.053170591015644732e+03 1.560040485628750484e-24
2.069171000204064057e+03 1.561107060341628421e-24
2.085296100976960588e+03 1.562923474003828948e-24
2.101546865058938693e+03 1.565522601764956234e-24
2.117924271747268904e+03 1.568943483093976208e-24
2.134429307970916398e+03 1.573177206670390358e-24
2.151062968350008305e+03 1.578317817384219932e-24
2.167826255255764409e+03 1.584362095006442405e-24
2.184720178870914424e+03 1.591344647392286390e-24
2.201745757250567294e+03 1.599295926124483974e-24
2.218904016383554790e+03 1.608245350287839330e-24
2.236195990254269873e+03 1.618222013685465757e-24
2.253622720904973448e+03 1.629270819978492757e-24
2.271185258498579060e+03 1.641346455261171556e-24
2.288884661381954174e+03 1.654561605380431181e-24
2.306721996149688039e+03 1.668902131524023670e-24
2.324698337708362033e+03 1.684392528443618007e-24
2.342814769341337978e+03 1.701054339051323352e-24
2.361072382774031212e+03 1.718907859768622676e-24
2.379472278239693878e+03 1.737975369960283979e-24
2.398015564545729376e+03 1.758243899057332992e-24
2.416703359140505199e+03 1.779781613821428981e-24
2.435536788180683743e+03 1.802569953706917541e-24
2.454516986599102438e+03 1.826627297209306208e-24
2.473645098173158203e+03 1.851966241643576838e-24
2.492922275593724407e+03 1.878598216849307421e-24
2.512349680534632625e+03 1.906537582383917768e-24
2.531928483722665987e+03 1.935762165298876495e-24
2.551659865008103225e+03 1.966330541220435877e-24
2.571545013435832971e+03 1.998219829894322603e-24
2.591585127317000570e+03 2.031440513905584427e-24
2.611781414301211498e+03 2.065998926266449915e-24
2.632135091449321862e+03 2.101901323811728094e-24
2.652647385306774140e+03 2.139214757962597738e-24
2.673319531977500901e+03 2.177738474191529956e-24
2.694152777198432432e+03 2.217695788439502249e-24
2.715148376414555969e+03 2.259010729890860711e-24
2.736307594854566105e+03 2.301688458913713787e-24
2.757631707607123190e+03 2.345733453819103316e-24
2.779121999697685624e+03 2.391157875830935256e-24
2.800779766165938327e+03 2.437923451537672092e-24
2.822606312143850573e+03 2.486092409614744410e-24
2.844602952934317727e+03 2.535639787601843920e-24
2.866771014090414610e+03 2.586572543616020367e-24
2.889111831495292336e+03 2.638896219500316673e-24
2.911626751442673140e+03 2.692625737795987540e-24
2.934317130717970031e+03 2.747719513243566560e-24
2.957184336680067190e+03 2.804246105136158894e-24
2.980229747343711097e+03 2.862181396092385046e-24
3.003454751462540571e+03 2.921534413976413888e-24
3.026860748612797124e+03 2.982313590926061840e-24
3.050449149277652850e+03 3.043208651821063952e-24
3.074221374932201797e+03 3.108160939671899689e-24
3.098178858129137552e+03 3.173260040588214095e-24
3.122323042585072017e+03 3.239814693021225451e-24
3.146655383267527668e+03 3.307836013275887648e-24
3.171177346482633311e+03 3.377339463501085254e-24
3.195890409963478305e+03 3.448301876647684318e-24
3.220796062959153005e+03 3.520787813211777131e-24
3.245895806324512705e+03 3.594778357477458420e-24
3.271191152610610516e+03 3.670289902165117210e-24
3.296683626155838283e+03 3.747338186594809113e-24
3.322374763177804653e+03 3.825905465076873098e-24
3.348266111865900257e+03 3.906069346227752361e-24
3.374359232474582768e+03 3.987797682424750537e-24
3.400655697417423198e+03 4.071115429500835379e-24
3.427157091361845232e+03 4.156041197318763811e-24
3.453865011324629904e+03 4.242558762614690419e-24
3.480781066768138317e+03 4.330753473718934352e-24
3.507906879697322438e+03 4.420590925124376077e-24
3.535244084757458495e+03 4.512100584789193926e-24
3.562794329332642974e+03 4.605305393791118100e-24
3.590559273645089434e+03 4.700192753102457146e-24
3.618540590855162463e+03 4.796838074807458768e-24
3.646739967162196990e+03 4.895225892245334389e-24
3.675159101906131582e+03 4.995383292278351228e-24
3.703799707669903000e+03 5.097348446987319800e-24
3.732663510382638378e+03 5.201075050514016159e-24
3.761752249423684134e+03 5.306670157123477975e-24
3.791067677727412502e+03 5.414119794525341597e-24
3.820611561888846154e+03 5.523451941217781636e-24
3.850385682270137295e+03 5.634657458549037678e-24
3.880391833107845287e+03 5.747831486004740995e-24
3.910631822621046013e+03 5.862946274278757415e-24
3.941107473120324357e+03 5.980040111678743435e-24
3.971820621117577048e+03 6.099217579267724776e-24
4.002773117436670418e+03 6.220252320601125083e-24
4.033966827324999485e+03 6.343441145452765126e-24
4.065403630565878302e+03 6.468715487989515295e-24
4.097085421591806153e+03 6.596118327830580038e-24
4.129014109598654613e+03 6.725621351917513429e-24
4.161191618660706808e+03 6.857329640092015164e-24
4.193619887846588426e+03 6.991239417470305273e-24
4.226300871336150522e+03 7.127393318863742849e-24
4.259236538538216337e+03 7.265776532779155015e-24
4.292428874209245805e+03 7.406486679258955599e-24
4.325879878572969574e+03 7.549524609344405188e-24
4.359591567440910694e+03 7.694938880576733473e-24
4.393565972333847640e+03 7.842708196055408773e-24
4.427805140604265034e+03 7.992940970410373026e-24
4.462311135559713875e+03 8.145639053538807786e-24
4.497086036587142189e+03 8.300885106236153374e-24
4.532131939278221580e+03 8.458563204147001845e-24
4.567450955555624205e+03 8.618880249329624875e-24
4.603045213800271085e+03 8.781811725816227876e-24
4.638916858979625431e+03 8.947355315022569651e-24
4.675068052776933655e+03 9.115651876190944222e-24
4.711500973721477749e+03 9.286657698831964240e-24
4.748217817319889036e+03 9.460441438564533485e-24
4.785220796188435088e+03 9.637006851170326934e-24
4.822512140186340730e+03 9.816455827799921179e-24
4.860094096550195900e+03 9.998799727223234197e-24
4.897968930029359399e+03 1.018398732172012365e-23
4.936138923022424024e+03 1.037233633005156082e-23
4.974606375714784917e+03 1.056363603221640572e-23
5.013373606217240194e+03 1.075801933832153589e-23
5.052442950705666590e+03 1.095548924382886056e-23
5.091816763561832886e+03 1.115615776679741379e-23
5.131497417515263805e+03 1.136004304454441643e-23
5.171487303786206212e+03 1.156716366622295399e-23
5.211788832229764921e+03 1.177763843178240908e-23
5.252404431481100801e+03 1.199146979653572096e-23
5.293336549101775745e+03 1.220863218921244667e-23
5.334587651727275443e+03 1.242941713690135116e-23
5.376160225215634455e+03 1.265365711545781793e-23
5.418056774797226353e+03 1.288152335951417380e-23
5.460279825225763489e+03 1.311290106267175932e-23
5.502831920930424531e+03 1.334803469578226524e-23
5.545715626169172538e+03 1.358693271104318131e-23
5.588933525183312668e+03 1.382956831619917855e-23
5.632488222353206766e+03 1.407610452611834704e-23
5.676382342355199398e+03 1.432657761692022449e-23
5.720618530319820820e+03 1.458097088749982735e-23
5.765199451991168644e+03 1.483944368904048213e-23
5.810127793887530970e+03 1.510204744068542369e-23
5.855406263463321011e+03 1.536873772893209897e-23
5.901037589272206787e+03 1.563970764650250689e-23
5.947024521131527763e+03 1.591521287333616139e-23
5.993369830288033882e+03 1.619457820692280313e-23
6.040076309584871524e+03 1.647863386027283075e-23
6.087146773629861855e+03 1.676714140969257441e-23
6.134584058965156146e+03 1.706028597175806474e-23
6.182391024238146201e+03 1.735804599033181989e-23
6.230570550373715378e+03 1.766048645132791790e-23
6.279125540747884770e+03 1.796774303422064292e-23
6.328058921362751789e+03 1.827986161859702812e-23
6.377373641022825723e+03 1.859687172521191571e-23
6.427072671512701163e+03 1.891892408110917251e-23
6.477159007776187536e+03 1.924596741208486644e-23
6.527635668096761037e+03 1.957834699141366087e-23
6.578505694279438103e+03 1.991590210396265647e-23
6.629772151834115903e+03 2.025875595610469400e-23
6.681438130160286164e+03 2.060705244209078935e-23
6.733506742733188730e+03 2.096091828511471888e-23
6.785981127291471239e+03 2.132019088978103015e-23
6.838864446026256701e+03 2.168523308423291545e-23
6.892159885771680820e+03 2.205600246246969783e-23
6.945870658196978184e+03 2.243265078299368019e-23
7.000000000000001819e+03 2.281445998977243291e-23
