3.000000000000000000e+00 4.202516302266260115e-19
3.023379074186677951e+00 3.759502237243077009e-19
3.046940342076630781e+00 3.378785972238784678e-19
3.070685223509894257e+00 3.049034144314889112e-19
3.094615149391351849e+00 2.761458666896879899e-19
3.118731561776963979e+00 2.509142780958065575e-19
3.143035913960669614e+00 2.286570381303619695e-19
3.167529670561962885e+00 2.089290527118654962e-19
3.192214307614152702e+00 1.913673924503394710e-19
3.217091312653314272e+00 1.756733268709911706e-19
3.242162184807927616e+00 1.615988747450810154e-19
3.267428434889215527e+00 1.489366018234464293e-19
3.292891585482193850e+00 1.375117896330072747e-19
3.318553171037419425e+00 1.271763602584321015e-19
3.344414737963458339e+00 1.178041192801637532e-19
3.370477844720079830e+00 1.092870014945112692e-19
3.396744061912168711e+00 1.015320902561732961e-19
3.423214972384368782e+00 9.445924335011665215e-20
3.449892171316475409e+00 8.799920438192885614e-20
3.476777266319557746e+00 8.209211462640725694e-20
3.503871877532837242e+00 7.668637079289429375e-20
3.531177637721321538e+00 7.173780384085549679e-20
3.558696192374196876e+00 6.720918859124696141e-20
3.586429199803984336e+00 6.307014260016033740e-20
3.614378331246479004e+00 5.929755258152675437e-20
3.642545270961456083e+00 5.587681224897397315e-20
3.670931716334169703e+00 5.280444264422679031e-20
3.699539377977637766e+00 5.009327175509781817e-20
3.728369979835728820e+00 4.778271622580502420e-20
3.757425259287050068e+00 4.596002711701498071e-20
3.786706967249639177e+00 4.480717737438314430e-20
3.816216868286484765e+00 4.471427108545432861e-20
3.845956740711859112e+00 4.659112067629860131e-20
3.875928376698477340e+00 5.290483346303715824e-20
3.906133582385504788e+00 7.254875117330753905e-20
3.936574177987393064e+00 1.739157545569779756e-19
3.967251997903568306e+00 2.501049569872498821e-19
3.998168890828979194e+00 7.499726253821711467e-20
4.029326719865498063e+00 4.743555934292553666e-20
4.060727362634198201e+00 3.669100198008888472e-20
4.092372711388496676e+00 3.097065941158385987e-20
4.124264673128191561e+00 2.733121956200020294e-20
4.156405169714378012e+00 2.473005856021302989e-20
4.188796137985258738e+00 2.271841760715953730e-20
4.221439529872867524e+00 2.107614429506276822e-20
4.254337312520692471e+00 1.968418253353157874e-20
4.287491468402215844e+00 1.847297113104351653e-20
4.320903995440390055e+00 1.739917983939019850e-20
4.354576907128027585e+00 1.643430513044846685e-20
4.388512232649141254e+00 1.555868933968635063e-20
4.422712017001222407e+00 1.475820342252230392e-20
4.457178321118484554e+00 1.402231760984036778e-20
4.491913221996044037e+00 1.334293233372089234e-20
4.526918812815098114e+00 1.271364392500741988e-20
4.562197203069056073e+00 1.212926845070055620e-20
4.597750518690657096e+00 1.158552398742531775e-20
4.633580902180091776e+00 1.107881306602056464e-20
4.669690512734105958e+00 1.060607017563390032e-20
4.706081526376117985e+00 1.016465258027853291e-20
4.742756136087351138e+00 9.752260643764576914e-21
4.779716551938987479e+00 9.366878706538109155e-21
4.816965001225343990e+00 9.006730589477858685e-21
4.854503728598102974e+00 8.670245739414614494e-21
4.892334996201570085e+00 8.356033300039151544e-21
4.930461083808994616e+00 8.062862241026557258e-21
4.968884288959960038e+00 7.789646260747706420e-21
5.007606927098831484e+00 7.535432589946114813e-21
5.046631331714285906e+00 7.299394127012974691e-21
5.085959854479939146e+00 7.080824571430145361e-21
5.125594865396055688e+00 6.879136420241962051e-21
5.165538752932373079e+00 6.693861875858365865e-21
5.205793924172026799e+00 6.524656902716217794e-21
5.246362804956618220e+00 6.371308886641342160e-21
5.287247840032386570e+00 6.233748619828823843e-21
5.328451493197543520e+00 6.112067691145813592e-21
5.369976247450735762e+00 6.006542856312265806e-21
5.411824605140684419e+00 5.917669672979182283e-21
5.453999088116976424e+00 5.846208733797853820e-21
5.496502237882029185e+00 5.793249415259068914e-21
5.539336615744256065e+00 5.760298513567677503e-21
5.582504802972412250e+00 5.749405032672402247e-21
5.626009400951136996e+00 5.763338734409983553e-21
5.669853031337731331e+00 5.805850705677419640e-21
5.714038336220133019e+00 5.882062648467745115e-21
5.758567978276136756e+00 5.999064783059636680e-21
5.803444640933850707e+00 6.166864521105651368e-21
5.848671028533408034e+00 6.399950786498119942e-21
5.894249866489925438e+00 6.719995141260248696e-21
5.940183901457753102e+00 7.160784422479152378e-21
5.986475901495984075e+00 7.777876421945494263e-21
6.033128656235260401e+00 8.669252410001053414e-21
6.080144977045891963e+00 1.002499440799083137e-20
6.127527697207263202e+00 1.226811894011479401e-20
6.175279672078572979e+00 1.656765538761798070e-20
6.223403779270908487e+00 2.777553075131314025e-20
6.271902918820651429e+00 1.225922445456624267e-19
6.320780013364233341e+00 4.263502740866657886e-20
6.370038008314270250e+00 1.693219145238934135e-20
6.419679872037050039e+00 1.012121356633124991e-20
6.469708596031408021e+00 7.008490805680963950e-21
6.520127195109008511e+00 5.250001232677088403e-21
6.570938707576019056e+00 4.138692465936517979e-21
6.622146195416195980e+00 3.388332474391878918e-21
6.673752744475415000e+00 2.861314654393445280e-21
6.725761464647628252e+00 2.483508298223806155e-21
6.778175490062257502e+00 2.211588581282146422e-21
6.830997979273086607e+00 2.018624932681161480e-21
6.884232115448578604e+00 1.887064200659581245e-21
6.937881106563702716e+00 1.805085006546219805e-21
6.991948185593272136e+00 1.764644839543005002e-21
7.046436610706736658e+00 1.760443249021986368e-21
7.101349665464545602e+00 1.789410267448158868e-21
7.156690659016025080e+00 1.850520524656462390e-21
7.212462926298772281e+00 1.944849141753214458e-21
7.268669828239636921e+00 2.075871354748035248e-21
7.325314751957265003e+00 2.250089694053766437e-21
7.382401110966188895e+00 2.478181308259443599e-21
7.439932345382551659e+00 2.777049627335539354e-21
7.497911922131407003e+00 3.173560095092054398e-21
7.556343335155633945e+00 3.711638962013489390e-21
7.615230105626504375e+00 4.466652730229023181e-21
7.674575782155860004e+00 5.577200325222568712e-21
7.734383941009959962e+00 7.324335472919706923e-21
7.794658186324999072e+00 1.036567888101305458e-20
7.855402150324295896e+00 1.663777112381247835e-20
7.916619493537168317e+00 3.508075584171850210e-20
7.978313905019535746e+00 3.480836682071572798e-19
8.040489102576222180e+00 6.467091843412338724e-20
8.103148832984988559e+00 3.996948231659099152e-20
8.166296872222336134e+00 4.141391785840855881e-20
8.229937025691045349e+00 9.078927602044064394e-20
8.294073128449483079e+00 6.094017209355833017e-20
8.358709045442731522e+00 1.656784310015950647e-20
8.423848671735486349e+00 8.110237026126531608e-21
8.489495932746768503e+00 4.808963683423360394e-21
8.555654784486495856e+00 3.152069909060229202e-21
8.622329213793868519e+00 2.200451741359795090e-21
8.689523238577617548e+00 1.604985801345575158e-21
8.757240908058138373e+00 1.209369092472520866e-21
8.825486303011505385e+00 9.345617678048286097e-22
8.894263536015376559e+00 7.369677258088069453e-22
8.963576751696830769e+00 5.909133472665918455e-22
9.033430126982132435e+00 4.804830600140422821e-22
9.103827871348423528e+00 3.953929927983730804e-22
9.174774227077424626e+00 3.287668408638028652e-22
9.246273469511047338e+00 2.758725125272087717e-22
9.318329907309045979e+00 2.333725230151312961e-22
9.390947882708687189e+00 1.988624885453093545e-22
9.464131771786378877e+00 1.705778426626096507e-22
9.537885984721404142e+00 1.472022532142064838e-22
9.612214966061698007e+00 1.277394133881301769e-22
9.687123194991649200e+00 1.114253889316526779e-22
9.762615185602044221e+00 9.766753929294346811e-23
9.838695487162103959e+00 8.600122166426760729e-23
9.915368684393603971e+00 7.605862306488298175e-23
9.992639397747167251e+00 6.754600654956653415e-23
1.007051228368071882e+01 6.022694929559832042e-23
1.014899203494005953e+01 5.390979054819915154e-23
1.022808338084167801e+01 4.843793067593629154e-23
1.030779108755775475e+01 4.368260255421231297e-23
1.038811995840335101e+01 3.953728644949214373e-23
1.046907483412588746e+01 3.591336851919764064e-23
1.055066059319685934e+01 3.273674017013783432e-23
1.063288215210579679e+01 2.994511515653632683e-23
1.071574446565655414e+01 2.748589886417413276e-23
1.079925252726591012e+01 2.531448568626040248e-23
1.088341136926445074e+01 2.339289045701133219e-23
1.096822606319983606e+01 2.168864272678608827e-23
1.105370172014243657e+01 2.017388833342144822e-23
1.113984349099330551e+01 1.882465624773572310e-23
1.122665656679461144e+01 1.762025695891348549e-23
1.131414617904242803e+01 1.654278643071542439e-23
1.140231760000200723e+01 1.557671525823018635e-23
1.149117614302551083e+01 1.470854639663138137e-23
1.158072716287217041e+01 1.392652864525352486e-23
1.167097605603098742e+01 1.322041558777897495e-23
1.176192826104595213e+01 1.258126150700524211e-23
1.185358925884374592e+01 1.200124797824048757e-23
1.194596457306404602e+01 1.147353550759107905e-23
1.203905977039241115e+01 1.099213636609609922e-23
1.213288046089569505e+01 1.055180478857804701e-23
1.222743229836014933e+01 1.014794210370356450e-23
1.232272098063213228e+01 9.776514449061757450e-24
1.241875224996144311e+01 9.433981157702907203e-24
1.251553189334737759e+01 9.117232441623488254e-24
1.261306574288748017e+01 8.823534988488681325e-24
1.271135967612895179e+01 8.550484642195111021e-24
1.281041961642286786e+01 8.295964863711670752e-24
1.291025153328114428e+01 8.058110624468990212e-24
1.301086144273622835e+01 7.835276870389248023e-24
1.311225540770366216e+01 7.626010834562754861e-24
1.321443953834745422e+01 7.429028141475054392e-24
1.331741999244825436e+01 7.243191680318484924e-24
1.342120297577444710e+01 7.067493391490047108e-24
1.352579474245614577e+01 6.901038221066831492e-24
1.363120159536203424e+01 6.743030240927764064e-24
1.373742988647920527e+01 6.592760533169955667e-24
1.384448601729596717e+01 6.449596493347516032e-24
1.395237643918756554e+01 6.312972761349001450e-24
1.406110765380496730e+01 6.182383003595091366e-24
1.417068621346669133e+01 6.057372984266776496e-24
1.428111872155361617e+01 5.937534396545857731e-24
1.439241183290693016e+01 5.822499525265026468e-24
1.450457225422918128e+01 5.711936477264344921e-24
1.461760674448840014e+01 5.605545231442688211e-24
1.473152211532542033e+01 5.503053881348259504e-24
1.484632523146438210e+01 5.404215600422266632e-24
1.496202301112636057e+01 5.308805872107250857e-24
1.507862242644633000e+01 5.216619991938101195e-24
1.519613050389326148e+01 5.127471037376437107e-24
1.531455432469357625e+01 5.041187899186789368e-24
1.543390102525788343e+01 4.957613707770097465e-24
1.555417779761100050e+01 4.876604324270360535e-24
1.567539188982537013e+01 4.798027054433479920e-24
1.579755060645786280e+01 4.721759516105444607e-24
1.592066130898992427e+01 4.647688647432441469e-24
1.604473141627120114e+01 4.575709784955665647e-24
1.616976840496664281e+01 4.505725870768921184e-24
1.629577981000701570e+01 4.437646722272262695e-24
1.642277322504298454e+01 4.371388458508352384e-24
1.655075630290274091e+01 4.306872868908695133e-24
1.667973675605313844e+01 4.244026957364772276e-24
1.680972235706447293e+01 4.182782443502166414e-24
1.694072093907889709e+01 4.123075392701544761e-24
1.707274039628241269e+01 4.064845848805490584e-24
1.720578868438059672e+01 4.008037484456758090e-24
1.733987382107807917e+01 3.952597307313236176e-24
1.747500388656161974e+01 3.898475427402493669e-24
1.761118702398708180e+01 3.845624761460740052e-24
1.774843143997016526e+01 3.794000867223634418e-24
1.788674540508091226e+01 3.743561701121118451e-24
1.802613725434210679e+01 3.694267467878408940e-24
1.816661538773160700e+01 3.646080432682998738e-24
1.830818827068848265e+01 3.598964791528844298e-24
1.845086443462317405e+01 3.552886532190027256e-24
1.859465247743164085e+01 3.507813286960325683e-24
1.873956106401342936e+01 3.463714252602119319e-24
1.888559892679387175e+01 3.420560058187872497e-24
1.903277486625032822e+01 3.378322676637459683e-24
1.918109775144246498e+01 3.336975353538301762e-24
1.933057652054675302e+01 3.296492490094115386e-24
1.948122018139512690e+01 3.256849608282113570e-24
1.963303781201774356e+01 3.218023253670310995e-24
1.978603856119007531e+01 3.179990944333217449e-24
1.994023164898425549e+01 3.142731104463582593e-24
2.009562636732463758e+01 3.106223020527338667e-24
2.025223208054777757e+01 3.070446780017537216e-24
2.041005822596676111e+01 3.035383226605853079e-24
2.056911431443985094e+01 3.001013927338005505e-24
2.072940993094369944e+01 2.967321117206616357e-24
2.089095473515089907e+01 2.934287677704194095e-24
2.105375846201209811e+01 2.901897074431902437e-24
2.121783092234269219e+01 2.870133366250192826e-24
2.138318200341397457e+01 2.838981132778297797e-24
2.154982166954898304e+01 2.808425475517268158e-24
2.171775996272300446e+01 2.778451981186278109e-24
2.188700700316866232e+01 2.749046692778961584e-24
2.205757298998579330e+01 2.720196094471011799e-24
2.222946820175610938e+01 2.691887084848554918e-24
2.240270299716252822e+01 2.664106959199982260e-24
2.257728781561344533e+01 2.636843393289920721e-24
2.275323317787184862e+01 2.610084421202976732e-24
2.293054968668926463e+01 2.583818416328928246e-24
2.310924802744472473e+01 2.558034091057433798e-24
2.328933896878871934e+01 2.532720464178237589e-24
2.347083336329205494e+01 2.507866855329793086e-24
2.365374214809989795e+01 2.483462876671508198e-24
2.383807634559089195e+01 2.459498410885008401e-24
2.402384706404131620e+01 2.435963612868009779e-24
2.421106549829451282e+01 2.412848888047501784e-24
2.439974293043556486e+01 2.390144888324146259e-24
2.458989073047107254e+01 2.367842502382422938e-24
2.478152035701439360e+01 2.345932846914188785e-24
2.497464335797616286e+01 2.324407258811205781e-24
2.516927137126014813e+01 2.303257284197200071e-24
2.536541612546457714e+01 2.282474681522513200e-24
2.556308944058897836e+01 2.262051401504486448e-24
2.576230322874638290e+01 2.241979589576584940e-24
2.596306949488122484e+01 2.222251581489649667e-24
2.616540033749279459e+01 2.202859890339215660e-24
2.636930794936425215e+01 2.183797208717571054e-24
2.657480461829742424e+01 2.165056400366376641e-24
2.678190272785330706e+01 2.146630495225277586e-24
2.699061475809826760e+01 2.128512688789001690e-24
2.720095328635613185e+01 2.110696334227676556e-24
2.741293098796615979e+01 2.093174941264279871e-24
2.762656063704679710e+01 2.075942170645693648e-24
2.784185510726555535e+01 2.058991832473726689e-24
2.805882737261472570e+01 2.042317882926492236e-24
2.827749050819322818e+01 2.025914421359920281e-24
2.849785769099460708e+01 2.009775686064397083e-24
2.871994220070099502e+01 1.993896051561416524e-24
2.894375742048341138e+01 1.978270029710506035e-24
2.916931683780831364e+01 1.962892262398079690e-24
2.939663404525025925e+01 1.947757522036014586e-24
2.962572274131109040e+01 1.932860709879882088e-24
2.985659673124544611e+01 1.918196849610921701e-24
3.008926992789260524e+01 1.903761090623710314e-24
3.032375635251500157e+01 1.889548702821640032e-24
3.056007013564306618e+01 1.875555074612917031e-24
3.079822551792681296e+01 1.861775711957282666e-24
3.103823685099403207e+01 1.848206236025925272e-24
3.128011859831505959e+01 1.834842380478733292e-24
3.152388533607441090e+01 1.821679990812747415e-24
3.176955175404921761e+01 1.808715021502290813e-24
3.201713265649436124e+01 1.795943532618560736e-24
3.226664296303464141e+01 1.783361692705373683e-24
3.251809770956392498e+01 1.770965770685443789e-24
3.277151204915110583e+01 1.758752138488075541e-24
3.302690125295332990e+01 1.746717266959692040e-24
3.328428071113629017e+01 1.734857723535744558e-24
3.354366593380158434e+01 1.723170172151406927e-24
3.380507255192139837e+01 1.711651368853707125e-24
3.406851631828053684e+01 1.700298161584263593e-24
3.433401310842558019e+01 1.689107486417362785e-24
3.460157892162165183e+01 1.678076367692473384e-24
3.487122988181658201e+01 1.667201913100580730e-24
3.514298223861248260e+01 1.656481313979078316e-24
3.541685236824501004e+01 1.645911841254900578e-24
3.569285677457028783e+01 1.635490844744453565e-24
3.597101209005933953e+01 1.625215749397205922e-24
3.625133507680045142e+01 1.615084055050966399e-24
3.653384262750932976e+01 1.605093331807928781e-24
3.681855176654698880e+01 1.595241220102207344e-24
3.710547965094568923e+01 1.585525426717267322e-24
3.739464357144293416e+01 1.575943723240471992e-24
3.768606095352331664e+01 1.566493944136289299e-24
3.797974935846865918e+01 1.557173983744451943e-24
3.827572648441636005e+01 1.547981794927005450e-24
3.857401016742574740e+01 1.538915385943587962e-24
3.887461838255303803e+01 1.529972819184790258e-24
3.917756924493453852e+01 1.521152208075396340e-24
3.948288101087822355e+01 1.512451716311548018e-24
3.979057207896390480e+01 1.503869553947397310e-24
4.010066099115206129e+01 1.495403977219185071e-24
4.041316643390103280e+01 1.487053284884698691e-24
4.072810723929327992e+01 1.478815817870249102e-24
4.104550238617008517e+01 1.470689955759189420e-24
4.136537100127531374e+01 1.462674116215629939e-24
4.168773236040807717e+01 1.454766752681769416e-24
4.201260588958419362e+01 1.446966352175735889e-24
4.234001116620692784e+01 1.439271434708277908e-24
4.266996792024676921e+01 1.431680550383510951e-24
4.300249603543031185e+01 1.424192279064308906e-24
4.333761555043851388e+01 1.416805227726000340e-24
4.367534666011432876e+01 1.409518030076617881e-24
4.401570971667955945e+01 1.402329344326257729e-24
4.435872523096138309e+01 1.395237852487893601e-24
4.470441387362842534e+01 1.388242258754059804e-24
4.505279647643626362e+01 1.381341288536290149e-24
4.540389403348287800e+01 1.374533687459696877e-24
4.575772770247383647e+01 1.367818219933215413e-24
4.611431880599715782e+01 1.361193668753660766e-24
4.647368883280831398e+01 1.354658833665111999e-24
4.683585943912525096e+01 1.348212530825931701e-24
4.720085244993330065e+01 1.341853591851985036e-24
4.756868986030042379e+01 1.335580863360174347e-24
4.793939383670277010e+01 1.329393205960570298e-24
4.831298671836032099e+01 1.323289493897437207e-24
4.868949101858314776e+01 1.317268614451719535e-24
4.906892942612816455e+01 1.311329467253542806e-24
4.945132480656627649e+01 1.305470964159103167e-24
4.983670020366032816e+01 1.299692028561913476e-24
5.022507884075386642e+01 1.293991595146920186e-24
5.061648412217044779e+01 1.288368609479631887e-24
5.101093963462410130e+01 1.282822027897327855e-24
5.140846914864078343e+01 1.277350817101192003e-24
5.180909661999065463e+01 1.271953954005610278e-24
5.221284619113180980e+01 1.266630425586341975e-24
5.261974219266517139e+01 1.261379228651769642e-24
5.302980914480057351e+01 1.256199369870685923e-24
5.344307175883443506e+01 1.251089865462693699e-24
5.385955493863902177e+01 1.246049741314345660e-24
5.427928378216299166e+01 1.241078032835279043e-24
5.470228358294394866e+01 1.236173784964496629e-24
5.512857983163273445e+01 1.231336052129820454e-24
5.555819821752935184e+01 1.226563898226823274e-24
5.599116463013128708e+01 1.221856396680263392e-24
5.642750516069339994e+01 1.217212630458825908e-24
5.686724610380037603e+01 1.212631692067062315e-24
5.731041395895132240e+01 1.208112683639195320e-24
5.775703543215650626e+01 1.203654716940764165e-24
5.820713743754681246e+01 1.199256913399977633e-24
5.866074709899567097e+01 1.194918404306057233e-24
5.911789175175346145e+01 1.190638330670438312e-24
5.957859894409484980e+01 1.186415843434499383e-24
6.004289643897896411e+01 1.182250103458620653e-24
6.051081221572227520e+01 1.178140281624898355e-24
6.098237447168475001e+01 1.174085558876343263e-24
6.145761162396918564e+01 1.170085126272764607e-24
6.193655231113346105e+01 1.166138185042517357e-24
6.241922539491645239e+01 1.162243946674738306e-24
6.290565996197736354e+01 1.158401632920214466e-24
6.339588532564837209e+01 1.154610475843739953e-24
6.388993102770116650e+01 1.150869717926044757e-24
6.438782684012728907e+01 1.147178612019822434e-24
6.488960276693207163e+01 1.143536421423219629e-24
6.539528904594276071e+01 1.139942419884432623e-24
6.590491615063088204e+01 1.136395891675113283e-24
6.641851479194833985e+01 1.132896131530953149e-24
6.693611592017829537e+01 1.129442444726290593e-24
6.745775072680027051e+01 1.126034147022288962e-24
6.798345064636970392e+01 1.122670564717902345e-24
6.851324735841228630e+01 1.119351034618478667e-24
6.904717278933314617e+01 1.116074904023895460e-24
6.958525911434054478e+01 1.112841530688606468e-24
7.012753875938497572e+01 1.109650282857645380e-24
7.067404440311324265e+01 1.106500539185204116e-24
7.122480897883757223e+01 1.103391688723974213e-24
7.177986567652027361e+01 1.100323130882375180e-24
7.233924794477398734e+01 1.097294275381570892e-24
7.290298949287712560e+01 1.094304542216620605e-24
7.347112429280528545e+01 1.091353361595839607e-24
7.404368658127866354e+01 1.088440173886254265e-24
7.462071086182491797e+01 1.085564429578340499e-24
7.520223190685867110e+01 1.082725589188171588e-24
7.578828475977674373e+01 1.079923123227535454e-24
7.637890473707000183e+01 1.077156512112025882e-24
7.697412743045173045e+01 1.074425246106833860e-24
7.757398870900217958e+01 1.071728825258422339e-24
7.817852472133024833e+01 1.069066759308716430e-24
7.878777189775192369e+01 1.066438567632237786e-24
7.940176695248545968e+01 1.063843779159242327e-24
8.002054688586392217e+01 1.061281932302190133e-24
8.064414898656497144e+01 1.058752574878934604e-24
8.127261083385778306e+01 1.056255264041478130e-24
8.190597029986767552e+01 1.053789566200176771e-24
8.254426555185850134e+01 1.051355056964735213e-24
8.318753505453241814e+01 1.048951321052970225e-24
8.383581757234797749e+01 1.046577952245917244e-24
8.448915217185621884e+01 1.044234553316508355e-24
8.514757822405468346e+01 1.041920735974756787e-24
8.581113540676001605e+01 1.039636120811847280e-24
8.647986370699926795e+01 1.037380337255434972e-24
8.715380342341917697e+01 1.035153023535577737e-24
8.783299516871490198e+01 1.032953826646508557e-24
8.851747987207740209e+01 1.030782402336245991e-24
8.920729878165977311e+01 1.028638415091935203e-24
8.990249346706292499e+01 1.026521538149301335e-24
9.060310582184085604e+01 1.024431453512919058e-24
9.130917806602495546e+01 1.022367852003851880e-24
9.202075274866830057e+01 1.020330433312531933e-24
9.273787275041000555e+01 1.018318906097224896e-24
9.346058128605885429e+01 1.016332988095298250e-24
9.418892190719775215e+01 1.014372406288284374e-24
9.492293850480828610e+01 1.012436897087420024e-24
9.566267531191542162e+01 1.010526206586799514e-24
9.640817690625316061e+01 1.008640090867633425e-24
9.715948821295106086e+01 1.006778316369424538e-24
9.791665450724114805e+01 1.004940660356168897e-24
9.867972141718647094e+01 1.003126911468019345e-24
9.944873492643085910e+01 1.001336870412101515e-24
1.002237413769696843e+02 9.995703507869519369e-25
1.010047874719425067e+02 9.978271800998869053e-25
1.017919202784478472e+02 9.961072009959315005e-25
1.025851872303792192e+02 9.944102727744466234e-25
1.033846361312837132e+02 9.927362732348975715e-25
1.041903151572423241e+02 9.910851009577114627e-25
1.050022728597737967e+02 9.894566781237845563e-25
1.058205581687600016e+02 9.878509540123341207e-25
1.066452203953943325e+02 9.862679093787049840e-25
1.074763092351537921e+02 9.847075619543013388e-25
1.083138747707935323e+02 9.831699734156535909e-25
1.091579674753644582e+02 9.816552582721851279e-25
1.100086382152555871e+02 9.801635953117188773e-25
1.108659382532589319e+02 9.786952424607420583e-25
1.117299192516584156e+02 9.772505562802461288e-25
1.126006332753437249e+02 9.758300178341219944e-25
1.134781327949475127e+02 9.744342674123260417e-25
1.143624706900070578e+02 9.730641517745081528e-25
1.152537002521514893e+02 9.717207893598276022e-25
1.161518751883129568e+02 9.704056617623065822e-25
1.170570496239626834e+02 9.691207443237722927e-25
1.179692781063733946e+02 9.678686963177104216e-25
1.188886156079060470e+02 9.666531440835522573e-25
1.198151175293222082e+02 9.654791131664473660e-25
1.207488397031233518e+02 9.643537067475262341e-25
1.216898383969149506e+02 9.632872057031272182e-25
1.226381703167970159e+02 9.622949201119704286e-25
1.235938926107819071e+02 9.614004445249520051e-25
1.245570628722379070e+02 9.606416851663907851e-25
1.255277391433594403e+02 9.600827379485758557e-25
1.265059799186655596e+02 9.598391670514227582e-25
1.274918441485245921e+02 9.601372974824654741e-25
1.284853912427061289e+02 9.614722096746412377e-25
1.294866810739619325e+02 9.651097081022497382e-25
1.304957739816336186e+02 9.751587605357784010e-25
1.315127307752884178e+02 1.011948760386888226e-24
1.325376127383843823e+02 1.360740576899141062e-24
1.335704816319631050e+02 1.472829566486625484e-24
1.346113996983710308e+02 1.008885093848537208e-24
1.356604296650112076e+02 9.673534360136357331e-25
1.367176347481229470e+02 9.553878682629760914e-25
1.377830786565907033e+02 9.499930904910701366e-25
1.388568255957844144e+02 9.468438520547333924e-25
1.399389402714279811e+02 9.446669700602790408e-25
1.410294878934981853e+02 9.429815392449996738e-25
1.421285341801552420e+02 9.415740677363908708e-25
1.432361453617025404e+02 9.403383331978039461e-25
1.443523881845774781e+02 9.392167906124332696e-25
1.454773299153745256e+02 9.381761352968765402e-25
1.466110383448984180e+02 9.371960448589695711e-25
1.477535817922487809e+02 9.362635696318704237e-25
1.489050291089381517e+02 9.353701542880355203e-25
1.500654496830406970e+02 9.345099711069683321e-25
1.512349134433729603e+02 9.336789450289695867e-25
1.524134908637090291e+02 9.328741613768407212e-25
1.536012529670268520e+02 9.320934940860515374e-25
1.547982713297877240e+02 9.313353655820419135e-25
1.560046180862505310e+02 9.305985877305458624e-25
1.572203659328182255e+02 9.298822541073105540e-25
1.584455881324181519e+02 9.291856655520666354e-25
1.596803585189179557e+02 9.285082777904053610e-25
1.609247515015744341e+02 9.278496639755850767e-25
1.621788420695170316e+02 9.272094875027150445e-25
1.634427057962678873e+02 9.265874820080125693e-25
1.647164188442954185e+02 9.259834364719028647e-25
1.660000579696035743e+02 9.253971839957411701e-25
1.672937005263582364e+02 9.248285932574288212e-25
1.685974244715482087e+02 9.242775619419494611e-25
1.699113083696825299e+02 9.237440116451701373e-25
1.712354313975259004e+02 9.232278838874956752e-25
1.725698733488695211e+02 9.227291369697428985e-25
1.739147146393390528e+02 9.222477434771660859e-25
1.752700363112416539e+02 9.217836882828658581e-25
1.766359200384491714e+02 9.213369669414041480e-25
1.780124481313194451e+02 9.209075843885057777e-25
1.793997035416574590e+02 9.204955538829098522e-25
1.807977698677136971e+02 9.201008961408295750e-25
1.822067313592213509e+02 9.197236386252052007e-25
1.836266729224743983e+02 9.193638149589754994e-25
1.850576801254436248e+02 9.190214644400500529e-25
1.864998392029326340e+02 9.186966316386780109e-25
1.879532370617755248e+02 9.183893660625760162e-25
1.894179612860732789e+02 9.180997218789913810e-25
1.908941001424721833e+02 9.178277576828690709e-25
1.923817425854821010e+02 9.175735363057762002e-25
1.938809782628381413e+02 9.173371246577574503e-25
1.953918975209024325e+02 9.171185935986601319e-25
1.969145914101080166e+02 9.169180178352462864e-25
1.984491516904466835e+02 9.167354758410634610e-25
1.999956708369982152e+02 9.165710497972018134e-25
2.015542420455023489e+02 9.164248255531128647e-25
2.031249592379760713e+02 9.162968926065182809e-25
2.047079170683730354e+02 9.161873441028404924e-25
2.063032109282868873e+02 9.160962768554542580e-25
2.079109369527008937e+02 9.160237913878040761e-25
2.095311920257806548e+02 9.159699920008004191e-25
2.111640737867118389e+02 9.159349868699208926e-25
2.128096806355852948e+02 9.159188881770713148e-25
2.144681117393262753e+02 9.159218122861371651e-25
2.161394670376696752e+02 9.159438799720600657e-25
2.178238472491838138e+02 9.159852167200989911e-25
2.195213538773393793e+02 9.160459531138534225e-25
2.212320892166253827e+02 9.161262253422494694e-25
2.229561563587150204e+02 9.162261758648349586e-25
2.246936591986774658e+02 9.163459542910231274e-25
2.264447024412380358e+02 9.164857185551608574e-25
2.282093916070892590e+02 9.166456365042538334e-25
2.299878330392489829e+02 9.168258880719235915e-25
2.317801339094681907e+02 9.170266683010055512e-25
2.335864022246906018e+02 9.172481916164652867e-25
2.354067468335608453e+02 9.174906979814572991e-25
2.372412774329828551e+02 9.177544619572073005e-25
2.390901045747320666e+02 9.180398063588863912e-25
2.409533396721166127e+02 9.183471234057677374e-25
2.428310950066905889e+02 9.186769085107964409e-25
2.447234837350216878e+02 9.190298162292239694e-25
2.466306198955096249e+02 9.194067568470517043e-25
2.485526184152573421e+02 9.198090715596920528e-25
2.504895951169983448e+02 9.202388695819336607e-25
2.524416667260755673e+02 9.206997257408995351e-25
2.544089508774746662e+02 9.211982620322844265e-25
2.563915661229143552e+02 9.217481852705738065e-25
2.583896319379898614e+02 9.223824051667090429e-25
2.604032687293719732e+02 9.231991127670152032e-25
2.624325978420643537e+02 9.246208304799048141e-25
2.644777415667152241e+02 9.308200244537731553e-25
2.665388231469862035e+02 1.060550860834745092e-24
2.686159667869804935e+02 9.278171983188963354e-25
2.707092976587269959e+02 9.262392923157039508e-25
2.728189419097225255e+02 9.264348731827531107e-25
2.749450266705351851e+02 9.269529123757607063e-25
2.770876800624648695e+02 9.275848722125095752e-25
2.792470312052630561e+02 9.282767965638131416e-25
2.814232102249154082e+02 9.290099885893094401e-25
2.836163482614826989e+02 9.297767322876386792e-25
2.858265774770025587e+02 9.305734719547821326e-25
2.880540310634554544e+02 9.313984589786450228e-25
2.902988432507903553e+02 9.322508137264571566e-25
2.925611493150125284e+02 9.331301089348060098e-25
2.948410855863375559e+02 9.340361684738421141e-25
2.971387894574056077e+02 9.349689633615467220e-25
2.994543993915602869e+02 9.359285549694663936e-25
3.017880549311942673e+02 9.369150625328280879e-25
3.041398967061576855e+02 9.379286438184409868e-25
3.065100664422314480e+02 9.389694832273260507e-25
3.088987069696701724e+02 9.400377842564726007e-25
3.113059622318079391e+02 9.411337646001889558e-25
3.137319772937320295e+02 9.422576528964439049e-25
3.161768983510263524e+02 9.434096865254974978e-25
3.186408727385806401e+02 9.445901100986783441e-25
3.211240489394681958e+02 9.457991744090963975e-25
3.236265765938954928e+02 9.470371357005762030e-25
3.261486065082187338e+02 9.483042551605477151e-25
3.286902906640310107e+02 9.496007985770609243e-25
3.312517822273226216e+02 9.509270361204785557e-25
3.338332355577101112e+02 9.522832422266460735e-25
3.364348062177374459e+02 9.536696955699724928e-25
3.390566509822522789e+02 9.550866791229050678e-25
3.416989278478527012e+02 9.565344803110337503e-25
3.443617960424069793e+02 9.580133912805460935e-25
3.470454160346512253e+02 9.595237093122738308e-25
3.497499495438582926e+02 9.610657374364819318e-25
3.524755595495823854e+02 9.626397853357856493e-25
3.552224103014823982e+02 9.642461706788282064e-25
3.579906673292189225e+02 9.658852211164391812e-25
3.607804974524281647e+02 9.675572773341756863e-25
3.635920687907769207e+02 9.692626978464789161e-25
3.664255507740929261e+02 9.710018667744682523e-25
3.692811141525733660e+02 9.727752069632336843e-25
3.721589310070772285e+02 9.745832031535810391e-25
3.750591747594938852e+02 9.764264452636252456e-25
3.779820201831925033e+02 9.783057149528755644e-25
3.809276434135567797e+02 9.802221742269244478e-25
3.838962219585976641e+02 9.821778244110032021e-25
3.868879347096493007e+02 9.841768026083227602e-25
3.899029619521515997e+02 9.862299183567594401e-25
3.929414853765134694e+02 9.883770051540171848e-25
3.960036880890602902e+02 9.909050988908495358e-25
3.990897546230708599e+02 1.216118559494417659e-24
4.021998709498963649e+02 9.950442831728180392e-25
4.053342244901661502e+02 9.968420683957528664e-25
4.084930041250843828e+02 9.990208455806154381e-25
4.116764002078110138e+02 1.001281244075345068e-24
4.148846045749318137e+02 1.003591379628519222e-24
4.181178105580209490e+02 1.005944415711934719e-24
4.213762129952903024e+02 1.008338469242920619e-24
4.246600082433295711e+02 1.010773050893435717e-24
4.279693941889414077e+02 1.013248157258922356e-24
4.313045702610652938e+02 1.015763981345212081e-24
4.346657374427940113e+02 1.018320804951247503e-24
4.380530982834878273e+02 1.020918953926993325e-24
4.414668569109793452e+02 1.023558777923035363e-24
4.449072190438729422e+02 1.026240640603092246e-24
4.483743920039445356e+02 1.028964914672618739e-24
4.518685847286337207e+02 1.031731979265487853e-24
4.553900077836335072e+02 1.034542218553506836e-24
4.589388733755817498e+02 1.037396021027512934e-24
4.625153953648480751e+02 1.040293779177653987e-24
4.661197892784197165e+02 1.043235889440494120e-24
4.697522723228924519e+02 1.046222752359064284e-24
4.734130633975585738e+02 1.049254772956825940e-24
4.771023831075963244e+02 1.052332361374582373e-24
4.808204537773672200e+02 1.055455933880477762e-24
4.845674994638119415e+02 1.058625914460036593e-24
4.883437459699508736e+02 1.061842737365078612e-24
4.921494208584945795e+02 1.065106851332471436e-24
4.959847534655552863e+02 1.068418726869882928e-24
4.998499749144658608e+02 1.071778869521141458e-24
5.037453181297104834e+02 1.075187845651766289e-24
5.076710178509595153e+02 1.078646336867246670e-24
5.116273106472139034e+02 1.082155267731227448e-24
5.156144349310642383e+02 1.085716151667017468e-24
5.196326309730563935e+02 1.089332241304445018e-24
5.236821409161686915e+02 1.093013830704288419e-24
5.277632087904075888e+02 1.096824696117662654e-24
5.318760805275113626e+02 1.113761047897992749e-24
5.360210039757685081e+02 1.104286857428204958e-24
5.401982289149573262e+02 1.108079117537875905e-24
5.444080070713953319e+02 1.111988317022945035e-24
5.486505921331101945e+02 1.115956100652570925e-24
5.529262397651248193e+02 1.119978194928122582e-24
5.572352076248678259e+02 1.124054303863693032e-24
5.615777553776983950e+02 1.128184749179966567e-24
5.659541447125526474e+02 1.132369980141814211e-24
5.703646393577165554e+02 1.136610474274631002e-24
5.748095050967175439e+02 1.140906714239794933e-24
5.792890097843385320e+02 1.145259182698291125e-24
5.838034233627633967e+02 1.149668361821540138e-24
5.883530178778419213e+02 1.154134733990058734e-24
5.929380674954823007e+02 1.158658782755647000e-24
5.975588485181762053e+02 1.163240993864073209e-24
6.022156394016473087e+02 1.167881856369851318e-24
6.069087207716299872e+02 1.172581863982596544e-24
6.116383754407836477e+02 1.177341516897351250e-24
6.164048884257337022e+02 1.182161324553123600e-24
6.212085469642455564e+02 1.187041810166672659e-24
6.260496405325370688e+02 1.191983518778326048e-24
6.309284608627218631e+02 1.196987032693562466e-24
6.358453019603869052e+02 1.202053003903104925e-24
6.408004601223141208e+02 1.207182230252512598e-24
6.457942339543335493e+02 1.212375863657852233e-24
6.508269243893156499e+02 1.217636120046675075e-24
6.558988347053104917e+02 1.222969767669513659e-24
6.610102705438212070e+02 1.228426207837171412e-24
6.661615399282209182e+02 1.234632859623307622e-24
6.713529532823184809e+02 1.239251594449140448e-24
6.765848234490631512e+02 1.244833413529408298e-24
6.818574657093947735e+02 1.250482496268150019e-24
6.871711978012478994e+02 1.256197412734151158e-24
6.925263399386961964e+02 1.261979163952586652e-24
6.979232148312477193e+02 1.267828592233649229e-24
7.033621477032955909e+02 1.273746407010761222e-24
7.088434663137147709e+02 1.279733248206690767e-24
7.143675009756112786e+02 1.285789720232318153e-24
7.199345845762311455e+02 1.291916409553662926e-24
7.255450525970192075e+02 1.298113894360130602e-24
7.311992431338331926e+02 1.304382750499488134e-24
7.368974969173224281e+02 1.310723555812442761e-24
7.426401573334585464e+02 1.317136894209697227e-24
7.484275704442266033e+02 1.323623360762345964e-24
7.542600850084832018e+02 1.330183569729064287e-24
7.601380525029715045e+02 1.336818169509293949e-24
7.660618271434990447e+02 1.343527874493993772e-24
7.720317659062886833e+02 1.350313543097070362e-24
7.780482285494875896e+02 1.357176406747709034e-24
7.841115776348444797e+02 1.364118951729158075e-24
7.902221785495635231e+02 1.371150502264771379e-24
7.963803995283201402e+02 1.378470154563967514e-24
8.025866116754493760e+02 1.385336944437234438e-24
8.088411889873140126e+02 1.392598834135712441e-24
8.151445083748395746e+02 1.399932364611820832e-24
8.214969496862253209e+02 1.407342793589083463e-24
8.278988957298396372e+02 1.414832526903062269e-24
8.343507322972856173e+02 1.422402825340149356e-24
8.408528481866477478e+02 1.430054592554525830e-24
8.474056352259257210e+02 1.437788597380092393e-24
8.540094882966449177e+02 1.445605551702848325e-24
8.606648053576492430e+02 1.453506143125540440e-24
8.673719874690885945e+02 1.461491051374937548e-24
8.741314388165844775e+02 1.469560958920432020e-24
8.809435667355842270e+02 1.477716561031571111e-24
8.878087817359131577e+02 1.485958580174339943e-24
8.947274975265096373e+02 1.494287793923412990e-24
9.017001310403536536e+02 1.502705101883755152e-24
9.087271024595964946e+02 1.511211723323776342e-24
9.158088352408796027e+02 1.519809977793655995e-24
9.229457561408497668e+02 1.528508583465525227e-24
9.301382952418814511e+02 1.537718100968847310e-24
9.373868859779920513e+02 1.546078778428472908e-24
9.446919651609578068e+02 1.555049663947588168e-24
9.520539730066429911e+02 1.564102450495465926e-24
9.594733531615247557e+02 1.573245490946459381e-24
9.669505527294256808e+02 1.582481124380339664e-24
9.744860222984621032e+02 1.591810617159820188e-24
9.820802159681948069e+02 1.601234930157702218e-24
9.897335913769907165e+02 1.610754915512628725e-24
9.974466097296069620e+02 1.620371384738893704e-24
1.005219735824979466e+03 1.630085139545589974e-24
1.013053438084235040e+03 1.639896992474653119e-24
1.020948188578914824e+03 1.649807791256051078e-24
1.028904463059428053e+03 1.659818466076297375e-24
1.036922740983718768e+03 1.669930156342039078e-24
1.045003505546155566e+03 1.680144668268239474e-24
1.053147243706655672e+03 1.690467103769126323e-24
1.061354446220027512e+03 1.700966603660202024e-24
1.069625607665539974e+03 1.711340665631303039e-24
1.077961226476733827e+03 1.721984247261717048e-24
1.086361804971455058e+03 1.732717544394225653e-24
1.094827849382121485e+03 1.743553488354156749e-24
1.103359869886236311e+03 1.754494861665392097e-24
1.111958380637128130e+03 1.765543094647901047e-24
1.120623899794932186e+03 1.776699274834581569e-24
1.129356949557821736e+03 1.787964379312404868e-24
1.138158056193473385e+03 1.799339353420283261e-24
1.147027750070777074e+03 1.810825152216071540e-24
1.155966565691804135e+03 1.822422784760459820e-24
1.164975041724014091e+03 1.834133407698012693e-24
1.174053721032711564e+03 1.845958631038571639e-24
1.183203150713767400e+03 1.857902083075177294e-24
1.192423882126584203e+03 1.869992177324989278e-24
1.201716470927318369e+03 1.882061304080374692e-24
1.211081477102371991e+03 1.894373106817902053e-24
1.220519465002135348e+03 1.906781452454029734e-24
1.230031003374991315e+03 1.919305152562460618e-24
1.239616665401596720e+03 1.931947390292037904e-24
1.249277028729419499e+03 1.944709756854053700e-24
1.259012675507545055e+03 1.957593478468448964e-24
1.268824192421763883e+03 1.970599677676071042e-24
1.278712170729924765e+03 1.983729466387059588e-24
1.288677206297558541e+03 1.996984016614657555e-24
1.298719899633795194e+03 2.010364699381016625e-24
1.308840855927546954e+03 2.023873595503210959e-24
1.319040685083974950e+03 2.037517012868456906e-24
1.329320001761249159e+03 2.052565766549526362e-24
1.339679425407587132e+03 2.065126484821544024e-24
1.350119580298576466e+03 2.079158693340371810e-24
1.360641095574804922e+03 2.093315398329794978e-24
1.371244605279767711e+03 2.107603064364799533e-24
1.381930748398072865e+03 2.122023865552032387e-24
1.392700168893955606e+03 2.136579283533476820e-24
1.403553515750080123e+03 2.151270631794649785e-24
1.414491443006643976e+03 2.166099212748099160e-24
1.425514609800801281e+03 2.181066442690507055e-24
1.436623680406377389e+03 2.196174168143581854e-24
1.447819324273896427e+03 2.211426385340977036e-24
1.459102216070931036e+03 2.226868873077122447e-24
1.470473035722754730e+03 2.242302901870908691e-24
1.481932468453311458e+03 2.257992037733987462e-24
1.493481204826516205e+03 2.273815445725331524e-24
1.505119940787866653e+03 2.289783185392783744e-24
1.516849377706375208e+03 2.305897877863288107e-24
1.528670222416845718e+03 2.322161225054131322e-24
1.540583187262463071e+03 2.338574739018043762e-24
1.552588990137714973e+03 2.355139960060347423e-24
1.564688354531663890e+03 2.371858710796875258e-24
1.576882009571540493e+03 2.388734158138161381e-24
1.589170690066676798e+03 2.405785441827461320e-24
1.601555136552796966e+03 2.422899708887756734e-24
1.614036095336638937e+03 2.440260811835569324e-24
1.626614318540922113e+03 2.457765199355236700e-24
1.639290564149681586e+03 2.475427913179743191e-24
1.652065596053941363e+03 2.493252006134096010e-24
1.664940184097741849e+03 2.511239404803701439e-24
1.677915104124541813e+03 2.529391845177838676e-24
1.690991138023968006e+03 2.547711181224340992e-24
1.704169073778926304e+03 2.566199993655758806e-24
1.717449705513098706e+03 2.584866591866261835e-24
1.730833833538792760e+03 2.603610342091347064e-24
1.744322264405163878e+03 2.622657553205508401e-24
1.757915810946830561e+03 2.641834923952280205e-24
1.771615292332851595e+03 2.661184389587212513e-24
1.785421534116085240e+03 2.680709937155791698e-24
1.799335368282948593e+03 2.700413803064192023e-24
1.813357633303549846e+03 2.720297980985714911e-24
1.827489174182209808e+03 2.740364691170644226e-24
1.841730842508394517e+03 2.760617700416098999e-24
1.856083496508025974e+03 2.781090996870396027e-24
1.870548001095203745e+03 2.801640694616359281e-24
1.885125227924318551e+03 2.822460334655041576e-24
1.899816055442591278e+03 2.843462044594016470e-24
1.914621368943003745e+03 2.864654210474988301e-24
1.929542060617641937e+03 2.886039704011332840e-24
1.944579029611473061e+03 2.907620817077994434e-24
1.959733182076522326e+03 2.929400034479159459e-24
1.975005431226475366e+03 2.951381696963421107e-24
1.990396697391719727e+03 2.973641051451627982e-24
2.005907908074800844e+03 2.995913284814069965e-24
2.021539998006308224e+03 3.018506402443339444e-24
2.037293909201216138e+03 3.041300786038098363e-24
2.053170591015644732e+03 3.064302788118866109e-24
2.069171000204064057e+03 3.087515302222158866e-24
2.085296100976960588e+03 3.110940945016960785e-24
2.101546865058938693e+03 3.134583211935630036e-24
2.117924271747268904e+03 3.158458227974423843e-24
2.134429307970916398e+03 3.182484549330227251e-24
2.151062968350008305e+03 3.206793162397711001e-24
2.167826255255764409e+03 3.231314884328835851e-24
2.184720178870914424e+03 3.256060477433148246e-24
2.201745757250567294e+03 3.281033372963510154e-24
2.218904016383554790e+03 3.306236536009127504e-24
2.236195990254269873e+03 3.331674168164677569e-24
2.253622720904973448e+03 3.357384857052831085e-24
2.271185258498579060e+03 3.383223730458938581e-24
2.288884661381954174e+03 3.409375034097925882e-24
2.306721996149688039e+03 3.435762335071689593e-24
2.324698337708362033e+03 3.462392547391971018e-24
2.342814769341337978e+03 3.489269125262914309e-24
2.361072382774031212e+03 3.516395747254856732e-24
2.379472278239693878e+03 3.543782972524681765e-24
2.398015564545729376e+03 3.571371230373305229e-24
2.416703359140505199e+03 3.599272262637228409e-24
2.435536788180683743e+03 3.627419919084840921e-24
2.454516986599102438e+03 3.655827903827835197e-24
2.473645098173158203e+03 3.684500308979581965e-24
2.492922275593724407e+03 3.713441165032300555e-24
2.512349680534632625e+03 3.742662408440001214e-24
2.531928483722665987e+03 3.772105607683662214e-24
2.551659865008103225e+03 3.801874465273392456e-24
2.571545013435832971e+03 3.831912346371758599e-24
2.591585127317000570e+03 3.862230608208099235e-24
2.611781414301211498e+03 3.892833594888879169e-24
2.632135091449321862e+03 3.923726528793004130e-24
2.652647385306774140e+03 3.955026510619602493e-24
2.673319531977500901e+03 3.986361445553072431e-24
2.694152777198432432e+03 4.018136520032062218e-24
2.715148376414555969e+03 4.050208540794310275e-24
2.736307594854566105e+03 4.082583614937477303e-24
2.757631707607123190e+03 4.115266662010637053e-24
2.779121999697685624e+03 4.148275947282230379e-24
2.800779766165938327e+03 4.181541966683891184e-24
2.822606312143850573e+03 4.215169912821527599e-24
2.844602952934317727e+03 4.249112879352596290e-24
2.866771014090414610e+03 4.283379228365966266e-24
2.889111831495292336e+03 4.317974348507061892e-24
2.911626751442673140e+03 4.352918297482709144e-24
2.934317130717970031e+03 4.388139201945779276e-24
2.957184336680067190e+03 4.423742877485341928e-24
2.980229747343711097e+03 4.459684469211487989e-24
3.003454751462540571e+03 4.495972151327297446e-24
3.026860748612797124e+03 4.532612331056618621e-24
3.050449149277652850e+03 4.567350248512617548e-24
3.074221374932201797e+03 4.606937398246594421e-24
3.098178858129137552e+03 4.644652844430858771e-24
3.122323042585072017e+03 4.682732929147212646e-24
3.146655383267527668e+03 4.721184526829083691e-24
3.171177346482633311e+03 4.760019827458183372e-24
3.195890409963478305e+03 4.799196036542423348e-24
3.220796062959153005e+03 4.838792928689875823e-24
3.245895806324512705e+03 4.878772244288967903e-24
3.271191152610610516e+03 4.919144622852066949e-24
3.296683626155838283e+03 4.959918867070147971e-24
3.322374763177804653e+03 5.001059057947912750e-24
3.348266111865900257e+03 5.042654000073494033e-24
3.374359232474582768e+03 5.084647482508903533e-24
3.400655697417423198e+03 5.127057719382223561e-24
3.427157091361845232e+03 5.169893746716598140e-24
3.453865011324629904e+03 5.213120938174015351e-24
3.480781066768138317e+03 5.256829460190312372e-24
3.507906879697322438e+03 5.300960989812288366e-24
3.535244084757458495e+03 5.345535446799063044e-24
3.562794329332642974e+03 5.390563836216312847e-24
3.590559273645089434e+03 5.436015205259285342e-24
3.618540590855162463e+03 5.481960439455928275e-24
3.646739967162196990e+03 5.528364103574831165e-24
3.675159101906131582e+03 5.575239680024976186e-24
3.703799707669903000e+03 5.622612001459712998e-24
3.732663510382638378e+03 5.670412375768023605e-24
3.761752249423684134e+03 5.718740370988448546e-24
3.791067677727412502e+03 5.767561814022592446e-24
3.820611561888846154e+03 5.816888063843356180e-24
3.850385682270137295e+03 5.866691114211558937e-24
3.880391833107845287e+03 5.917051398517305998e-24
3.910631822621046013e+03 5.967920465772083959e-24
3.941107473120324357e+03 6.019318322001456530e-24
3.971820621117577048e+03 6.071329917607993253e-24
4.002773117436670418e+03 6.123710514410144157e-24
4.033966827324999485e+03 6.176735317917101873e-24
4.065403630565878302e+03 6.230315587634920923e-24
4.097085421591806153e+03 6.284472530279456280e-24
4.129014109598654613e+03 6.339159134758258460e-24
4.161191618660706808e+03 6.394454649423856012e-24
4.193619887846588426e+03 6.450334453152429591e-24
4.226300871336150522e+03 6.506817216353987473e-24
4.259236538538216337e+03 6.563868851616694429e-24
4.292428874209245805e+03 6.621557094396084232e-24
4.325879878572969574e+03 6.679861212658759633e-24
4.359591567440910694e+03 6.738803014752959917e-24
4.393565972333847640e+03 6.798342818817792075e-24
4.427805140604265034e+03 6.858553759159143555e-24
4.462311135559713875e+03 6.919415488013566746e-24
4.497086036587142189e+03 6.980976360637795603e-24
4.532131939278221580e+03 7.043117459271824944e-24
4.567450955555624205e+03 7.105990599578642097e-24
4.603045213800271085e+03 7.169552762080304495e-24
4.638916858979625431e+03 7.233780508293091490e-24
4.675068052776933655e+03 7.298765885069015773e-24
4.711500973721477749e+03 7.364451088415493239e-24
4.748217817319889036e+03 7.430868726474655677e-24
4.785220796188435088e+03 7.497999695719391704e-24
4.822512140186340730e+03 7.565901223743323662e-24
4.860094096550195900e+03 7.634559310314430691e-24
4.897968930029359399e+03 7.703913158919357734e-24
4.936138923022424024e+03 7.774180645940274852e-24
4.974606375714784917e+03 7.845179424352130593e-24
5.013373606217240194e+03 7.916986558747108463e-24
5.052442950705666590e+03 7.989581665085908206e-24
5.091816763561832886e+03 8.063023898026814473e-24
5.131497417515263805e+03 8.137303125089394327e-24
5.171487303786206212e+03 8.212409937643125800e-24
5.211788832229764921e+03 8.288405810964664528e-24
5.252404431481100801e+03 8.365268998269753192e-24
5.293336549101775745e+03 8.442959191517933771e-24
5.334587651727275443e+03 8.521654868853447313e-24
5.376160225215634455e+03 8.601216553178858653e-24
5.418056774797226353e+03 8.681737811209794574e-24
5.460279825225763489e+03 8.763118031982934268e-24
5.502831920930424531e+03 8.845498092855803694e-24
5.545715626169172538e+03 8.928859212921264383e-24
5.588933525183312668e+03 9.013160361442686236e-24
5.632488222353206766e+03 9.098484615401422413e-24
5.676382342355199398e+03 9.184831218253348017e-24
5.720618530319820820e+03 9.272165866849238416e-24
5.765199451991168644e+03 9.360566506973894333e-24
5.810127793887530970e+03 9.450041194396052197e-24
5.855406263463321011e+03 9.540538375967251114e-24
5.901037589272206787e+03 9.632154503241908903e-24
5.947024521131527763e+03 9.725021397514973600e-24
5.993369830288033882e+03 9.818702580118163198e-24
6.040076309584871524e+03 9.913680791963790872e-24
6.087146773629861855e+03 1.000978621758126709e-23
6.134584058965156146e+03 1.010710526060003506e-23
6.182391024238146201e+03 1.020560038318636254e-23
6.230570550373715378e+03 1.030528583475257986e-23
6.279125540747884770e+03 1.040621655129648246e-23
6.328058921362751789e+03 1.050839440535455018e-23
6.377373641022825723e+03 1.061181206601955272e-23
6.427072671512701163e+03 1.071653125570800419e-23
6.477159007776187536e+03 1.082249852560538749e-23
6.527635668096761037e+03 1.092988351799819056e-23
6.578505694279438103e+03 1.103857081128722244e-23
6.629772151834115903e+03 1.114860470584855141e-23
6.681438130160286164e+03 1.126003977275083151e-23
6.733506742733188730e+03 1.137291996054608679e-23
6.785981127291471239e+03 1.148713235276805376e-23
6.838864446026256701e+03 1.160284850629830764e-23
6.892159885771680820e+03 1.172002018595979381e-23
6.945870658196978184e+03 1.183870318325939752e-23
7.000000000000001819e+03 1.195849618669312531e-23
