5.0000000e+00 1.9995147e-20
5.0115300e+00 1.9460001e-20
5.0230867e+00 1.8940037e-20
5.0346699e+00 1.8434798e-20
5.0462799e+00 1.7943839e-20
5.0579167e+00 1.7466729e-20
5.0695803e+00 1.7003054e-20
5.0812708e+00 1.6552409e-20
5.0929882e+00 1.6114407e-20
5.1047327e+00 1.5688669e-20
5.1165042e+00 1.5274831e-20
5.1283029e+00 1.4872540e-20
5.1401288e+00 1.4481452e-20
5.1519820e+00 1.4101237e-20
5.1638625e+00 1.3731575e-20
5.1757704e+00 1.3372153e-20
5.1877058e+00 1.3022673e-20
5.1996687e+00 1.2682841e-20
5.2116592e+00 1.2352376e-20
5.2236773e+00 1.2031004e-20
5.2357231e+00 1.1718461e-20
5.2477968e+00 1.1414489e-20
5.2598982e+00 1.1118840e-20
5.2720276e+00 1.0831273e-20
5.2841849e+00 1.0551553e-20
5.2963703e+00 1.0279456e-20
5.3085838e+00 1.0014761e-20
5.3208254e+00 9.7572548e-21
5.3330953e+00 9.5067323e-21
5.3453934e+00 9.2629931e-21
5.3577199e+00 9.0258433e-21
5.3700749e+00 8.7950951e-21
5.3824583e+00 8.5705661e-21
5.3948703e+00 8.3520797e-21
5.4073109e+00 8.1394644e-21
5.4197802e+00 7.9325540e-21
5.4322783e+00 7.7311872e-21
5.4448051e+00 7.5352076e-21
5.4573609e+00 7.3444635e-21
5.4699456e+00 7.1588077e-21
5.4825594e+00 6.9780973e-21
5.4952022e+00 6.8021939e-21
5.5078742e+00 6.6309630e-21
5.5205754e+00 6.4642741e-21
5.5333058e+00 6.3020006e-21
5.5460657e+00 6.1440196e-21
5.5588550e+00 5.9902119e-21
5.5716737e+00 5.8404617e-21
5.5845220e+00 5.6946567e-21
5.5974000e+00 5.5526879e-21
5.6103076e+00 5.4144493e-21
5.6232451e+00 5.2798382e-21
5.6362123e+00 5.1487549e-21
5.6492094e+00 5.0211023e-21
5.6622366e+00 4.8967864e-21
5.6752937e+00 4.7757160e-21
5.6883810e+00 4.6578022e-21
5.7014985e+00 4.5429589e-21
5.7146461e+00 4.4311024e-21
5.7278242e+00 4.3221516e-21
5.7410326e+00 4.2160274e-21
5.7542714e+00 4.1126532e-21
5.7675408e+00 4.0119545e-21
5.7808408e+00 3.9138590e-21
5.7941715e+00 3.8182964e-21
5.8075329e+00 3.7251984e-21
5.8209251e+00 3.6344986e-21
5.8343482e+00 3.5461327e-21
5.8478023e+00 3.4600379e-21
5.8612873e+00 3.3761533e-21
5.8748035e+00 3.2944200e-21
5.8883508e+00 3.2147803e-21
5.9019294e+00 3.1371784e-21
5.9155393e+00 3.0615600e-21
5.9291806e+00 2.9878724e-21
5.9428533e+00 2.9160642e-21
5.9565576e+00 2.8460857e-21
5.9702935e+00 2.7778882e-21
5.9840610e+00 2.7114248e-21
5.9978603e+00 2.6466497e-21
6.0116914e+00 2.5835182e-21
6.0255544e+00 2.5219871e-21
6.0394494e+00 2.4620143e-21
6.0533764e+00 2.4035589e-21
6.0673355e+00 2.3465811e-21
6.0813269e+00 2.2910422e-21
6.0953505e+00 2.2369045e-21
6.1094064e+00 2.1841315e-21
6.1234947e+00 2.1326875e-21
6.1376155e+00 2.0825380e-21
6.1517689e+00 2.0336493e-21
6.1659550e+00 1.9859886e-21
6.1801737e+00 1.9395241e-21
6.1944252e+00 1.8942248e-21
6.2087096e+00 1.8500606e-21
6.2230269e+00 1.8070021e-21
6.2373773e+00 1.7650209e-21
6.2517607e+00 1.7240892e-21
6.2661773e+00 1.6841799e-21
6.2806272e+00 1.6452669e-21
6.2951104e+00 1.6073245e-21
6.3096269e+00 1.5703279e-21
6.3241770e+00 1.5342530e-21
6.3387606e+00 1.4990761e-21
6.3533778e+00 1.4647744e-21
6.3680288e+00 1.4313256e-21
6.3827135e+00 1.3987079e-21
6.3974321e+00 1.3669002e-21
6.4121846e+00 1.3358821e-21
6.4269711e+00 1.3056335e-21
6.4417918e+00 1.2761349e-21
6.4566466e+00 1.2473673e-21
6.4715357e+00 1.2193124e-21
6.4864591e+00 1.1919522e-21
6.5014169e+00 1.1652692e-21
6.5164092e+00 1.1392464e-21
6.5314361e+00 1.1138672e-21
6.5464977e+00 1.0891155e-21
6.5615939e+00 1.0649756e-21
6.5767250e+00 1.0414322e-21
6.5918910e+00 1.0184704e-21
6.6070920e+00 9.9607582e-22
6.6223280e+00 9.7423421e-22
6.6375991e+00 9.5293188e-22
6.6529055e+00 9.3215545e-22
6.6682471e+00 9.1189190e-22
6.6836241e+00 8.9212853e-22
6.6990366e+00 8.7285297e-22
6.7144846e+00 8.5405321e-22
6.7299683e+00 8.3571751e-22
6.7454877e+00 8.1783445e-22
6.7610428e+00 8.0039292e-22
6.7766338e+00 7.8338208e-22
6.7922608e+00 7.6679138e-22
6.8079238e+00 7.5061053e-22
6.8236229e+00 7.3482953e-22
6.8393582e+00 7.1943862e-22
6.8551299e+00 7.0442829e-22
6.8709378e+00 6.8978928e-22
6.8867823e+00 6.7551258e-22
6.9026632e+00 6.6158939e-22
6.9185808e+00 6.4801114e-22
6.9345351e+00 6.3476948e-22
6.9505262e+00 6.2185629e-22
6.9665542e+00 6.0926364e-22
6.9826191e+00 5.9698380e-22
6.9987211e+00 5.8500924e-22
7.0148602e+00 5.7333263e-22
7.0310365e+00 5.6194681e-22
7.0472502e+00 5.5084482e-22
7.0635012e+00 5.4001985e-22
7.0797897e+00 5.2946529e-22
7.0961157e+00 5.1917468e-22
7.1124794e+00 5.0914172e-22
7.1288808e+00 4.9936028e-22
7.1453201e+00 4.8982438e-22
7.1617972e+00 4.8052818e-22
7.1783124e+00 4.7146599e-22
7.1948656e+00 4.6263227e-22
7.2114571e+00 4.5402162e-22
7.2280867e+00 4.4562875e-22
7.2447548e+00 4.3744853e-22
7.2614612e+00 4.2947595e-22
7.2782062e+00 4.2170611e-22
7.2949898e+00 4.1413424e-22
7.3118121e+00 4.0675570e-22
7.3286732e+00 3.9956595e-22
7.3455732e+00 3.9256056e-22
7.3625121e+00 3.8573522e-22
7.3794901e+00 3.7908573e-22
7.3965073e+00 3.7260797e-22
7.4135637e+00 3.6629795e-22
7.4306594e+00 3.6015177e-22
7.4477946e+00 3.5416561e-22
7.4649693e+00 3.4833576e-22
7.4821835e+00 3.4265860e-22
7.4994375e+00 3.3713061e-22
7.5167313e+00 3.3174833e-22
7.5340649e+00 3.2650842e-22
7.5514385e+00 3.2140759e-22
7.5688522e+00 3.1644267e-22
7.5863060e+00 3.1161053e-22
7.6038001e+00 3.0690816e-22
7.6213345e+00 3.0233259e-22
7.6389094e+00 2.9788095e-22
7.6565248e+00 2.9355043e-22
7.6741808e+00 2.8933832e-22
7.6918775e+00 2.8524194e-22
7.7096150e+00 2.8125873e-22
7.7273934e+00 2.7738615e-22
7.7452129e+00 2.7362176e-22
7.7630734e+00 2.6996319e-22
7.7809751e+00 2.6640812e-22
7.7989181e+00 2.6295430e-22
7.8169025e+00 2.5959956e-22
7.8349283e+00 2.5634178e-22
7.8529957e+00 2.5317891e-22
7.8711048e+00 2.5010897e-22
7.8892556e+00 2.4713002e-22
7.9074483e+00 2.4424022e-22
7.9256829e+00 2.4143776e-22
7.9439596e+00 2.3872091e-22
7.9622784e+00 2.3608800e-22
7.9806395e+00 2.3353743e-22
7.9990429e+00 2.3106765e-22
8.0174888e+00 2.2867719e-22
8.0359772e+00 2.2636462e-22
8.0545082e+00 2.2412859e-22
8.0730819e+00 2.2196783e-22
8.0916985e+00 2.1988111e-22
8.1103581e+00 2.1786727e-22
8.1290606e+00 2.1592524e-22
8.1478063e+00 2.1405400e-22
8.1665952e+00 2.1225260e-22
8.1854274e+00 2.1052017e-22
8.2043031e+00 2.0885592e-22
8.2232223e+00 2.0725913e-22
8.2421851e+00 2.0572914e-22
8.2611916e+00 2.0426539e-22
8.2802420e+00 2.0286742e-22
8.2993363e+00 2.0153482e-22
8.3184746e+00 2.0026729e-22
8.3376571e+00 1.9906462e-22
8.3568838e+00 1.9792671e-22
8.3761548e+00 1.9685355e-22
8.3954703e+00 1.9584523e-22
8.4148303e+00 1.9490197e-22
8.4342350e+00 1.9402411e-22
8.4536844e+00 1.9321210e-22
8.4731786e+00 1.9246655e-22
8.4927179e+00 1.9178818e-22
8.5123021e+00 1.9117789e-22
8.5319316e+00 1.9063674e-22
8.5516063e+00 1.9016596e-22
8.5713263e+00 1.8976695e-22
8.5910919e+00 1.8944136e-22
8.6109030e+00 1.8919101e-22
8.6307598e+00 1.8901798e-22
8.6506624e+00 1.8892462e-22
8.6706109e+00 1.8891353e-22
8.6906054e+00 1.8898766e-22
8.7106460e+00 1.8915025e-22
8.7307328e+00 1.8940494e-22
8.7508660e+00 1.8975578e-22
8.7710455e+00 1.9020724e-22
8.7912716e+00 1.9076432e-22
8.8115444e+00 1.9143256e-22
8.8318638e+00 1.9221810e-22
8.8522302e+00 1.9312779e-22
8.8726435e+00 1.9416925e-22
8.8931039e+00 1.9535096e-22
8.9136114e+00 1.9668236e-22
8.9341663e+00 1.9817402e-22
8.9547686e+00 1.9983775e-22
8.9754183e+00 2.0168681e-22
8.9961157e+00 2.0373607e-22
9.0168608e+00 2.0600230e-22
9.0376538e+00 2.0850444e-22
9.0584947e+00 2.1126394e-22
9.0793836e+00 2.1430518e-22
9.1003208e+00 2.1765596e-22
9.1213062e+00 2.2134814e-22
9.1423400e+00 2.2541831e-22
9.1634223e+00 2.2990877e-22
9.1845532e+00 2.3486863e-22
9.2057328e+00 2.4035519e-22
9.2269613e+00 2.4643574e-22
9.2482388e+00 2.5318978e-22
9.2695653e+00 2.6071195e-22
9.2909410e+00 2.6911573e-22
9.3123660e+00 2.7853837e-22
9.3338403e+00 2.8914747e-22
9.3553642e+00 3.0114977e-22
9.3769378e+00 3.1480333e-22
9.3985611e+00 3.3043440e-22
9.4202342e+00 3.4846161e-22
9.4419574e+00 3.6943108e-22
9.4637306e+00 3.9406892e-22
9.4855540e+00 4.2336209e-22
9.5074278e+00 4.5868701e-22
9.5293520e+00 5.0202280e-22
9.5513267e+00 5.5632161e-22
9.5733522e+00 6.2619061e-22
9.5954284e+00 7.1924074e-22
9.6175555e+00 8.4901179e-22
9.6397337e+00 1.0421419e-21
9.6619630e+00 1.3592601e-21
9.6842435e+00 1.9746017e-21
9.7065755e+00 3.6766125e-21
9.7289589e+00 3.0667958e-20
9.7513940e+00 4.7290282e-21
9.7738808e+00 2.1742244e-21
9.7964194e+00 1.4034623e-21
9.8190100e+00 1.0320760e-21
9.8416527e+00 8.1379823e-22
9.8643477e+00 6.7030976e-22
9.8870949e+00 5.6892292e-22
9.9098946e+00 4.9357354e-22
9.9327469e+00 4.3544532e-22
9.9556519e+00 3.8929649e-22
9.9786097e+00 3.5181482e-22
1.0001620e+01 3.2080459e-22
1.0024684e+01 2.9475284e-22
1.0047801e+01 2.7258292e-22
1.0070972e+01 2.5350772e-22
1.0094195e+01 2.3693851e-22
1.0117473e+01 2.2242615e-22
1.0140804e+01 2.0962205e-22
1.0164188e+01 1.9825148e-22
1.0187627e+01 1.8809505e-22
1.0211120e+01 1.7897542e-22
1.0234667e+01 1.7074770e-22
1.0258268e+01 1.6329235e-22
1.0281924e+01 1.5650990e-22
1.0305634e+01 1.5031689e-22
1.0329399e+01 1.4464282e-22
1.0353218e+01 1.3942770e-22
1.0377093e+01 1.3462018e-22
1.0401023e+01 1.3017607e-22
1.0425007e+01 1.2605715e-22
1.0449048e+01 1.2223017e-22
1.0473143e+01 1.1866611e-22
1.0497294e+01 1.1533952e-22
1.0521501e+01 1.1222799e-22
1.0545764e+01 1.0931173e-22
1.0570082e+01 1.0657319e-22
1.0594457e+01 1.0399678e-22
1.0618888e+01 1.0156857e-22
1.0643375e+01 9.9276126e-23
1.0667919e+01 9.7108289e-23
1.0692519e+01 9.5055030e-23
1.0717176e+01 9.3107312e-23
1.0741890e+01 9.1256977e-23
1.0766661e+01 8.9496642e-23
1.0791489e+01 8.7819616e-23
1.0816374e+01 8.6219819e-23
1.0841317e+01 8.4691723e-23
1.0866317e+01 8.3230284e-23
1.0891375e+01 8.1830903e-23
1.0916491e+01 8.0489371e-23
1.0941664e+01 7.9201836e-23
1.0966896e+01 7.7964765e-23
1.0992185e+01 7.6774915e-23
1.1017533e+01 7.5629304e-23
1.1042940e+01 7.4525187e-23
1.1068405e+01 7.3460033e-23
1.1093929e+01 7.2431509e-23
1.1119512e+01 7.1437456e-23
1.1145153e+01 7.0475882e-23
1.1170854e+01 6.9544939e-23
1.1196614e+01 6.8642917e-23
1.1222434e+01 6.7768228e-23
1.1248313e+01 6.6919399e-23
1.1274251e+01 6.6095060e-23
1.1300250e+01 6.5293936e-23
1.1326308e+01 6.4514842e-23
1.1352427e+01 6.3756671e-23
1.1378606e+01 6.3018392e-23
1.1404845e+01 6.2299043e-23
1.1431144e+01 6.1597723e-23
1.1457505e+01 6.0913591e-23
1.1483926e+01 6.0245861e-23
1.1510408e+01 5.9593795e-23
1.1536951e+01 5.8956701e-23
1.1563555e+01 5.8333932e-23
1.1590221e+01 5.7724879e-23
1.1616948e+01 5.7128970e-23
1.1643737e+01 5.6545667e-23
1.1670587e+01 5.5974464e-23
1.1697500e+01 5.5414886e-23
1.1724474e+01 5.4866483e-23
1.1751511e+01 5.4328832e-23
1.1778610e+01 5.3801534e-23
1.1805772e+01 5.3284210e-23
1.1832996e+01 5.2776505e-23
1.1860283e+01 5.2278082e-23
1.1887633e+01 5.1788620e-23
1.1915046e+01 5.1307819e-23
1.1942522e+01 5.0835390e-23
1.1970061e+01 5.0371063e-23
1.1997664e+01 4.9914580e-23
1.2025331e+01 4.9465694e-23
1.2053062e+01 4.9024175e-23
1.2080856e+01 4.8589798e-23
1.2108715e+01 4.8162355e-23
1.2136637e+01 4.7741643e-23
1.2164625e+01 4.7327471e-23
1.2192676e+01 4.6919657e-23
1.2220793e+01 4.6518025e-23
1.2248974e+01 4.6122410e-23
1.2277220e+01 4.5732651e-23
1.2305532e+01 4.5348597e-23
1.2333908e+01 4.4970100e-23
1.2362350e+01 4.4597023e-23
1.2390858e+01 4.4229229e-23
1.2419431e+01 4.3866592e-23
1.2448071e+01 4.3508987e-23
1.2476776e+01 4.3156296e-23
1.2505548e+01 4.2808404e-23
1.2534386e+01 4.2465203e-23
1.2563290e+01 4.2126587e-23
1.2592261e+01 4.1792453e-23
1.2621299e+01 4.1462705e-23
1.2650404e+01 4.1137247e-23
1.2679576e+01 4.0815989e-23
1.2708815e+01 4.0498842e-23
1.2738121e+01 4.0185722e-23
1.2767496e+01 3.9876547e-23
1.2796938e+01 3.9571236e-23
1.2826447e+01 3.9269714e-23
1.2856025e+01 3.8971905e-23
1.2885671e+01 3.8677738e-23
1.2915386e+01 3.8387143e-23
1.2945169e+01 3.8100051e-23
1.2975020e+01 3.7816398e-23
1.3004941e+01 3.7536120e-23
1.3034930e+01 3.7259154e-23
1.3064989e+01 3.6985440e-23
1.3095117e+01 3.6714920e-23
1.3125314e+01 3.6447537e-23
1.3155582e+01 3.6183235e-23
1.3185918e+01 3.5921961e-23
1.3216325e+01 3.5663662e-23
1.3246802e+01 3.5408288e-23
1.3277349e+01 3.5155787e-23
1.3307967e+01 3.4906113e-23
1.3338655e+01 3.4659217e-23
1.3369414e+01 3.4415054e-23
1.3400244e+01 3.4173578e-23
1.3431145e+01 3.3934745e-23
1.3462118e+01 3.3698513e-23
1.3493162e+01 3.3464840e-23
1.3524277e+01 3.3233685e-23
1.3555464e+01 3.3005008e-23
1.3586723e+01 3.2778769e-23
1.3618054e+01 3.2554932e-23
1.3649457e+01 3.2333457e-23
1.3680933e+01 3.2114310e-23
1.3712481e+01 3.1897453e-23
1.3744103e+01 3.1682853e-23
1.3775797e+01 3.1470475e-23
1.3807564e+01 3.1260285e-23
1.3839404e+01 3.1052251e-23
1.3871318e+01 3.0846340e-23
1.3903305e+01 3.0642522e-23
1.3935366e+01 3.0440765e-23
1.3967501e+01 3.0241039e-23
1.3999710e+01 3.0043315e-23
1.4031994e+01 2.9847563e-23
1.4064352e+01 2.9653756e-23
1.4096784e+01 2.9461866e-23
1.4129292e+01 2.9271864e-23
1.4161874e+01 2.9083725e-23
1.4194531e+01 2.8897422e-23
1.4227264e+01 2.8712929e-23
1.4260072e+01 2.8530221e-23
1.4292956e+01 2.8349274e-23
1.4325916e+01 2.8170063e-23
1.4358951e+01 2.7992564e-23
1.4392063e+01 2.7816754e-23
1.4425251e+01 2.7642609e-23
1.4458516e+01 2.7470108e-23
1.4491858e+01 2.7299227e-23
1.4525276e+01 2.7129947e-23
1.4558771e+01 2.6962244e-23
1.4592344e+01 2.6796098e-23
1.4625994e+01 2.6631488e-23
1.4659722e+01 2.6468395e-23
1.4693527e+01 2.6306798e-23
1.4727410e+01 2.6146678e-23
1.4761372e+01 2.5988015e-23
1.4795412e+01 2.5830792e-23
1.4829530e+01 2.5674989e-23
1.4863727e+01 2.5520588e-23
1.4898003e+01 2.5367571e-23
1.4932358e+01 2.5215921e-23
1.4966792e+01 2.5065621e-23
1.5001306e+01 2.4916653e-23
1.5035899e+01 2.4769001e-23
1.5070572e+01 2.4622649e-23
1.5105324e+01 2.4477580e-23
1.5140157e+01 2.4333779e-23
1.5175071e+01 2.4191230e-23
1.5210065e+01 2.4049918e-23
1.5245139e+01 2.3909827e-23
1.5280295e+01 2.3770943e-23
1.5315531e+01 2.3633251e-23
1.5350849e+01 2.3496738e-23
1.5386248e+01 2.3361388e-23
1.5421729e+01 2.3227189e-23
1.5457291e+01 2.3094125e-23
1.5492936e+01 2.2962185e-23
1.5528663e+01 2.2831355e-23
1.5564472e+01 2.2701622e-23
1.5600364e+01 2.2572973e-23
1.5636338e+01 2.2445395e-23
1.5672396e+01 2.2318877e-23
1.5708537e+01 2.2193406e-23
1.5744761e+01 2.2068969e-23
1.5781068e+01 2.1945556e-23
1.5817459e+01 2.1823155e-23
1.5853935e+01 2.1701754e-23
1.5890494e+01 2.1581342e-23
1.5927137e+01 2.1461908e-23
1.5963866e+01 2.1343440e-23
1.6000678e+01 2.1225930e-23
1.6037576e+01 2.1109365e-23
1.6074559e+01 2.0993735e-23
1.6111627e+01 2.0879030e-23
1.6148780e+01 2.0765241e-23
1.6186020e+01 2.0652356e-23
1.6223345e+01 2.0540367e-23
1.6260756e+01 2.0429264e-23
1.6298253e+01 2.0319036e-23
1.6335837e+01 2.0209676e-23
1.6373508e+01 2.0101173e-23
1.6411265e+01 1.9993518e-23
1.6449110e+01 1.9886703e-23
1.6487041e+01 1.9780719e-23
1.6525061e+01 1.9675557e-23
1.6563168e+01 1.9571208e-23
1.6601362e+01 1.9467664e-23
1.6639645e+01 1.9364917e-23
1.6678016e+01 1.9262958e-23
1.6716476e+01 1.9161780e-23
1.6755024e+01 1.9061374e-23
1.6793662e+01 1.8961733e-23
1.6832388e+01 1.8862849e-23
1.6871203e+01 1.8764713e-23
1.6910109e+01 1.8667320e-23
1.6949103e+01 1.8570660e-23
1.6988188e+01 1.8474728e-23
1.7027363e+01 1.8379515e-23
1.7066628e+01 1.8285015e-23
1.7105984e+01 1.8191220e-23
1.7145431e+01 1.8098124e-23
1.7184968e+01 1.8005719e-23
1.7224597e+01 1.7914000e-23
1.7264317e+01 1.7822959e-23
1.7304128e+01 1.7732590e-23
1.7344032e+01 1.7642885e-23
1.7384027e+01 1.7553840e-23
1.7424115e+01 1.7465448e-23
1.7464295e+01 1.7377701e-23
1.7504568e+01 1.7290595e-23
1.7544934e+01 1.7204123e-23
1.7585392e+01 1.7118280e-23
1.7625945e+01 1.7033058e-23
1.7666590e+01 1.6948453e-23
1.7707329e+01 1.6864458e-23
1.7748163e+01 1.6781069e-23
1.7789090e+01 1.6698278e-23
1.7830112e+01 1.6616082e-23
1.7871228e+01 1.6534474e-23
1.7912439e+01 1.6453449e-23
1.7953746e+01 1.6373001e-23
1.7995147e+01 1.6293126e-23
1.8036644e+01 1.6213817e-23
1.8078237e+01 1.6135071e-23
1.8119925e+01 1.6056882e-23
1.8161710e+01 1.5979244e-23
1.8203591e+01 1.5902153e-23
1.8245569e+01 1.5825605e-23
1.8287643e+01 1.5749593e-23
1.8329814e+01 1.5674114e-23
1.8372083e+01 1.5599162e-23
1.8414449e+01 1.5524734e-23
1.8456913e+01 1.5450824e-23
1.8499475e+01 1.5377427e-23
1.8542135e+01 1.5304540e-23
1.8584893e+01 1.5232158e-23
1.8627750e+01 1.5160277e-23
1.8670706e+01 1.5088891e-23
1.8713761e+01 1.5017997e-23
1.8756915e+01 1.4947591e-23
1.8800168e+01 1.4877668e-23
1.8843522e+01 1.4808225e-23
1.8886975e+01 1.4739257e-23
1.8930528e+01 1.4670759e-23
1.8974182e+01 1.4602729e-23
1.9017937e+01 1.4535162e-23
1.9061792e+01 1.4468054e-23
1.9105749e+01 1.4401401e-23
1.9149807e+01 1.4335200e-23
1.9193967e+01 1.4269446e-23
1.9238228e+01 1.4204136e-23
1.9282592e+01 1.4139267e-23
1.9327057e+01 1.4074834e-23
1.9371626e+01 1.4010834e-23
1.9416297e+01 1.3947263e-23
1.9461071e+01 1.3884118e-23
1.9505948e+01 1.3821395e-23
1.9550929e+01 1.3759092e-23
1.9596014e+01 1.3697203e-23
1.9641202e+01 1.3635726e-23
1.9686495e+01 1.3574658e-23
1.9731892e+01 1.3513995e-23
1.9777394e+01 1.3453735e-23
1.9823001e+01 1.3393873e-23
1.9868713e+01 1.3334406e-23
1.9914530e+01 1.3275332e-23
1.9960454e+01 1.3216646e-23
2.0006482e+01 1.3158347e-23
2.0052618e+01 1.3100431e-23
2.0098859e+01 1.3042894e-23
2.0145207e+01 1.2985735e-23
2.0191662e+01 1.2928949e-23
2.0238224e+01 1.2872534e-23
2.0284894e+01 1.2816487e-23
2.0331671e+01 1.2760805e-23
2.0378556e+01 1.2705485e-23
2.0425549e+01 1.2650525e-23
2.0472650e+01 1.2595921e-23
2.0519861e+01 1.2541670e-23
2.0567180e+01 1.2487771e-23
2.0614608e+01 1.2434219e-23
2.0662145e+01 1.2381014e-23
2.0709792e+01 1.2328150e-23
2.0757549e+01 1.2275628e-23
2.0805416e+01 1.2223442e-23
2.0853394e+01 1.2171592e-23
2.0901482e+01 1.2120073e-23
2.0949681e+01 1.2068885e-23
2.0997991e+01 1.2018024e-23
2.1046412e+01 1.1967487e-23
2.1094945e+01 1.1917273e-23
2.1143591e+01 1.1867379e-23
2.1192348e+01 1.1817802e-23
2.1241218e+01 1.1768539e-23
2.1290200e+01 1.1719590e-23
2.1339295e+01 1.1670950e-23
2.1388504e+01 1.1622619e-23
2.1437826e+01 1.1574593e-23
2.1487262e+01 1.1526870e-23
2.1536812e+01 1.1479448e-23
2.1586476e+01 1.1432325e-23
2.1636254e+01 1.1385499e-23
2.1686148e+01 1.1338966e-23
2.1736156e+01 1.1292726e-23
2.1786280e+01 1.1246775e-23
2.1836519e+01 1.1201113e-23
2.1886874e+01 1.1155736e-23
2.1937346e+01 1.1110642e-23
2.1987933e+01 1.1065830e-23
2.2038638e+01 1.1021297e-23
2.2089459e+01 1.0977041e-23
2.2140397e+01 1.0933061e-23
2.2191453e+01 1.0889354e-23
2.2242627e+01 1.0845918e-23
2.2293919e+01 1.0802751e-23
2.2345328e+01 1.0759852e-23
2.2396857e+01 1.0717217e-23
2.2448504e+01 1.0674847e-23
2.2500271e+01 1.0632737e-23
2.2552157e+01 1.0590888e-23
2.2604162e+01 1.0549296e-23
2.2656287e+01 1.0507959e-23
2.2708533e+01 1.0466877e-23
2.2760899e+01 1.0426047e-23
2.2813386e+01 1.0385467e-23
2.2865994e+01 1.0345136e-23
2.2918723e+01 1.0305052e-23
2.2971574e+01 1.0265212e-23
2.3024546e+01 1.0225616e-23
2.3077641e+01 1.0186261e-23
2.3130858e+01 1.0147146e-23
2.3184198e+01 1.0108270e-23
2.3237661e+01 1.0069629e-23
2.3291247e+01 1.0031223e-23
2.3344957e+01 9.9930507e-24
2.3398791e+01 9.9551094e-24
2.3452748e+01 9.9173978e-24
2.3506831e+01 9.8799144e-24
2.3561038e+01 9.8426575e-24
2.3615370e+01 9.8056256e-24
2.3669827e+01 9.7688170e-24
2.3724410e+01 9.7322302e-24
2.3779118e+01 9.6958636e-24
2.3833953e+01 9.6597157e-24
2.3888914e+01 9.6237849e-24
2.3944002e+01 9.5880699e-24
2.3999217e+01 9.5525689e-24
2.4054560e+01 9.5172806e-24
2.4110030e+01 9.4822035e-24
2.4165628e+01 9.4473361e-24
2.4221354e+01 9.4126769e-24
2.4277208e+01 9.3782245e-24
2.4333192e+01 9.3439776e-24
2.4389304e+01 9.3099345e-24
2.4445546e+01 9.2760941e-24
2.4501918e+01 9.2424547e-24
2.4558420e+01 9.2090152e-24
2.4615051e+01 9.1757740e-24
2.4671814e+01 9.1427299e-24
2.4728707e+01 9.1098814e-24
2.4785732e+01 9.0772273e-24
2.4842888e+01 9.0447662e-24
2.4900176e+01 9.0124968e-24
2.4957596e+01 8.9804177e-24
2.5015148e+01 8.9485277e-24
2.5072833e+01 8.9168256e-24
2.5130652e+01 8.8853099e-24
2.5188603e+01 8.8539795e-24
2.5246688e+01 8.8228330e-24
2.5304907e+01 8.7918693e-24
2.5363261e+01 8.7610871e-24
2.5421748e+01 8.7304852e-24
2.5480371e+01 8.7000623e-24
2.5539129e+01 8.6698172e-24
2.5598023e+01 8.6397488e-24
2.5657052e+01 8.6098558e-24
2.5716217e+01 8.5801371e-24
2.5775519e+01 8.5505914e-24
2.5834957e+01 8.5212177e-24
2.5894533e+01 8.4920148e-24
2.5954246e+01 8.4629815e-24
2.6014097e+01 8.4341166e-24
2.6074085e+01 8.4054191e-24
2.6134212e+01 8.3768879e-24
2.6194478e+01 8.3485218e-24
2.6254883e+01 8.3203197e-24
2.6315427e+01 8.2922805e-24
2.6376110e+01 8.2644031e-24
2.6436934e+01 8.2366865e-24
2.6497898e+01 8.2091296e-24
2.6559002e+01 8.1817314e-24
2.6620247e+01 8.1544907e-24
2.6681634e+01 8.1274065e-24
2.6743162e+01 8.1004778e-24
2.6804832e+01 8.0737035e-24
2.6866644e+01 8.0470827e-24
2.6928599e+01 8.0206143e-24
2.6990696e+01 7.9942972e-24
2.7052937e+01 7.9681306e-24
2.7115321e+01 7.9421134e-24
2.7177849e+01 7.9162446e-24
2.7240522e+01 7.8905233e-24
2.7303338e+01 7.8649484e-24
2.7366300e+01 7.8395190e-24
2.7429407e+01 7.8142341e-24
2.7492659e+01 7.7890929e-24
2.7556058e+01 7.7640943e-24
2.7619602e+01 7.7392374e-24
2.7683293e+01 7.7145213e-24
2.7747131e+01 7.6899450e-24
2.7811116e+01 7.6655077e-24
2.7875249e+01 7.6412084e-24
2.7939529e+01 7.6170462e-24
2.8003958e+01 7.5930203e-24
2.8068536e+01 7.5691297e-24
2.8133262e+01 7.5453735e-24
2.8198137e+01 7.5217509e-24
2.8263162e+01 7.4982610e-24
2.8328338e+01 7.4749029e-24
2.8393663e+01 7.4516758e-24
2.8459139e+01 7.4285788e-24
2.8524766e+01 7.4056111e-24
2.8590544e+01 7.3827718e-24
2.8656474e+01 7.3600601e-24
2.8722556e+01 7.3374752e-24
2.8788791e+01 7.3150161e-24
2.8855178e+01 7.2926822e-24
2.8921718e+01 7.2704726e-24
2.8988412e+01 7.2483865e-24
2.9055259e+01 7.2264231e-24
2.9122261e+01 7.2045816e-24
2.9189417e+01 7.1828612e-24
2.9256728e+01 7.1612611e-24
2.9324194e+01 7.1397805e-24
2.9391816e+01 7.1184187e-24
2.9459594e+01 7.0971749e-24
2.9527528e+01 7.0760484e-24
2.9595619e+01 7.0550383e-24
2.9663866e+01 7.0341439e-24
2.9732272e+01 7.0133645e-24
2.9800834e+01 6.9926993e-24
2.9869555e+01 6.9721477e-24
2.9938435e+01 6.9517087e-24
3.0007473e+01 6.9313818e-24
3.0076670e+01 6.9111663e-24
3.0146028e+01 6.8910613e-24
3.0215544e+01 6.8710661e-24
3.0285222e+01 6.8511802e-24
3.0355060e+01 6.8314027e-24
3.0425059e+01 6.8117330e-24
3.0495219e+01 6.7921703e-24
3.0565541e+01 6.7727141e-24
3.0636026e+01 6.7533635e-24
3.0706673e+01 6.7341179e-24
3.0777482e+01 6.7149767e-24
3.0848456e+01 6.6959392e-24
3.0919592e+01 6.6770046e-24
3.0990893e+01 6.6581724e-24
3.1062358e+01 6.6394419e-24
3.1133988e+01 6.6208124e-24
3.1205784e+01 6.6022833e-24
3.1277744e+01 6.5838539e-24
3.1349871e+01 6.5655236e-24
3.1422164e+01 6.5472918e-24
3.1494624e+01 6.5291578e-24
3.1567251e+01 6.5111210e-24
3.1640045e+01 6.4931808e-24
3.1713007e+01 6.4753366e-24
3.1786138e+01 6.4575877e-24
3.1859437e+01 6.4399335e-24
3.1932905e+01 6.4223734e-24
3.2006542e+01 6.4049069e-24
3.2080350e+01 6.3875333e-24
3.2154327e+01 6.3702520e-24
3.2228475e+01 6.3530625e-24
3.2302794e+01 6.3359641e-24
3.2377285e+01 6.3189563e-24
3.2451947e+01 6.3020384e-24
3.2526782e+01 6.2852100e-24
3.2601789e+01 6.2684704e-24
3.2676969e+01 6.2518191e-24
3.2752322e+01 6.2352554e-24
3.2827849e+01 6.2187790e-24
3.2903550e+01 6.2023891e-24
3.2979426e+01 6.1860852e-24
3.3055477e+01 6.1698669e-24
3.3131703e+01 6.1537334e-24
3.3208105e+01 6.1376844e-24
3.3284683e+01 6.1217192e-24
3.3361438e+01 6.1058373e-24
3.3438370e+01 6.0900383e-24
3.3515479e+01 6.0743215e-24
3.3592766e+01 6.0586864e-24
3.3670231e+01 6.0431325e-24
3.3747875e+01 6.0276593e-24
3.3825698e+01 6.0122663e-24
3.3903700e+01 5.9969530e-24
3.3981882e+01 5.9817188e-24
3.4060245e+01 5.9665633e-24
3.4138788e+01 5.9514859e-24
3.4217512e+01 5.9364862e-24
3.4296418e+01 5.9215636e-24
3.4375506e+01 5.9067177e-24
3.4454776e+01 5.8919480e-24
3.4534229e+01 5.8772540e-24
3.4613865e+01 5.8626352e-24
3.4693685e+01 5.8480911e-24
3.4773689e+01 5.8336212e-24
3.4853877e+01 5.8192252e-24
3.4934251e+01 5.8049024e-24
3.5014809e+01 5.7906525e-24
3.5095554e+01 5.7764749e-24
3.5176484e+01 5.7623693e-24
3.5257602e+01 5.7483352e-24
3.5338906e+01 5.7343720e-24
3.5420398e+01 5.7204794e-24
3.5502077e+01 5.7066569e-24
3.5583945e+01 5.6929040e-24
3.5666002e+01 5.6792203e-24
3.5748248e+01 5.6656055e-24
3.5830684e+01 5.6520589e-24
3.5913310e+01 5.6385802e-24
3.5996126e+01 5.6251691e-24
3.6079134e+01 5.6118249e-24
3.6162332e+01 5.5985473e-24
3.6245723e+01 5.5853360e-24
3.6329306e+01 5.5721904e-24
3.6413082e+01 5.5591101e-24
3.6497050e+01 5.5460948e-24
3.6581213e+01 5.5331440e-24
3.6665569e+01 5.5202573e-24
3.6750120e+01 5.5074343e-24
3.6834867e+01 5.4946745e-24
3.6919808e+01 5.4819777e-24
3.7004945e+01 5.4693434e-24
3.7090279e+01 5.4567711e-24
3.7175810e+01 5.4442606e-24
3.7261537e+01 5.4318113e-24
3.7347463e+01 5.4194230e-24
3.7433586e+01 5.4070952e-24
3.7519908e+01 5.3948275e-24
3.7606429e+01 5.3826197e-24
3.7693150e+01 5.3704711e-24
3.7780071e+01 5.3583816e-24
3.7867192e+01 5.3463508e-24
3.7954514e+01 5.3343782e-24
3.8042037e+01 5.3224634e-24
3.8129763e+01 5.3106062e-24
3.8217690e+01 5.2988062e-24
3.8305821e+01 5.2870629e-24
3.8394154e+01 5.2753761e-24
3.8482691e+01 5.2637453e-24
3.8571433e+01 5.2521703e-24
3.8660379e+01 5.2406506e-24
3.8749530e+01 5.2291860e-24
3.8838886e+01 5.2177760e-24
3.8928449e+01 5.2064203e-24
3.9018219e+01 5.1951186e-24
3.9108195e+01 5.1838706e-24
3.9198379e+01 5.1726758e-24
3.9288770e+01 5.1615340e-24
3.9379371e+01 5.1504448e-24
3.9470180e+01 5.1394079e-24
3.9561198e+01 5.1284229e-24
3.9652427e+01 5.1174896e-24
3.9743865e+01 5.1066075e-24
3.9835515e+01 5.0957765e-24
3.9927376e+01 5.0849961e-24
4.0019449e+01 5.0742660e-24
4.0111734e+01 5.0635859e-24
4.0204232e+01 5.0529556e-24
4.0296943e+01 5.0423746e-24
4.0389868e+01 5.0318427e-24
4.0483008e+01 5.0213595e-24
4.0576362e+01 5.0109248e-24
4.0669931e+01 5.0005382e-24
4.0763716e+01 4.9901995e-24
4.0857718e+01 4.9799084e-24
4.0951936e+01 4.9696644e-24
4.1046372e+01 4.9594674e-24
4.1141025e+01 4.9493171e-24
4.1235896e+01 4.9392131e-24
4.1330987e+01 4.9291552e-24
4.1426296e+01 4.9191430e-24
4.1521826e+01 4.9091763e-24
4.1617575e+01 4.8992548e-24
4.1713546e+01 4.8893782e-24
4.1809737e+01 4.8795463e-24
4.1906151e+01 4.8697587e-24
4.2002787e+01 4.8600151e-24
4.2099646e+01 4.8503154e-24
4.2196728e+01 4.8406591e-24
4.2294034e+01 4.8310461e-24
4.2391564e+01 4.8214761e-24
4.2489319e+01 4.8119488e-24
4.2587300e+01 4.8024639e-24
4.2685507e+01 4.7930212e-24
4.2783940e+01 4.7836203e-24
4.2882600e+01 4.7742611e-24
4.2981488e+01 4.7649433e-24
4.3080603e+01 4.7556666e-24
4.3179947e+01 4.7464308e-24
4.3279521e+01 4.7372355e-24
4.3379324e+01 4.7280807e-24
4.3479357e+01 4.7189659e-24
4.3579620e+01 4.7098909e-24
4.3680115e+01 4.7008556e-24
4.3780842e+01 4.6918596e-24
4.3881801e+01 4.6829027e-24
4.3982993e+01 4.6739847e-24
4.4084418e+01 4.6651053e-24
4.4186077e+01 4.6562642e-24
4.4287970e+01 4.6474613e-24
4.4390099e+01 4.6386963e-24
4.4492463e+01 4.6299690e-24
4.4595062e+01 4.6212791e-24
4.4697899e+01 4.6126264e-24
4.4800973e+01 4.6040106e-24
4.4904284e+01 4.5954316e-24
4.5007834e+01 4.5868891e-24
4.5111622e+01 4.5783829e-24
4.5215650e+01 4.5699127e-24
4.5319918e+01 4.5614784e-24
4.5424426e+01 4.5530797e-24
4.5529175e+01 4.5447163e-24
4.5634165e+01 4.5363882e-24
4.5739398e+01 4.5280950e-24
4.5844873e+01 4.5198365e-24
4.5950592e+01 4.5116125e-24
4.6056554e+01 4.5034229e-24
4.6162761e+01 4.4952673e-24
4.6269213e+01 4.4871457e-24
4.6375910e+01 4.4790577e-24
4.6482853e+01 4.4710032e-24
4.6590043e+01 4.4629819e-24
4.6697480e+01 4.4549937e-24
4.6805165e+01 4.4470384e-24
4.6913098e+01 4.4391157e-24
4.7021280e+01 4.4312255e-24
4.7129711e+01 4.4233675e-24
4.7238393e+01 4.4155416e-24
4.7347325e+01 4.4077475e-24
4.7456508e+01 4.3999851e-24
4.7565943e+01 4.3922542e-24
4.7675631e+01 4.3845545e-24
4.7785571e+01 4.3768860e-24
4.7895765e+01 4.3692483e-24
4.8006213e+01 4.3616414e-24
4.8116916e+01 4.3540649e-24
4.8227874e+01 4.3465188e-24
4.8339087e+01 4.3390029e-24
4.8450558e+01 4.3315169e-24
4.8562285e+01 4.3240607e-24
4.8674270e+01 4.3166342e-24
4.8786513e+01 4.3092370e-24
4.8899015e+01 4.3018691e-24
4.9011777e+01 4.2945303e-24
4.9124798e+01 4.2872203e-24
4.9238081e+01 4.2799391e-24
4.9351624e+01 4.2726864e-24
4.9465429e+01 4.2654621e-24
4.9579497e+01 4.2582660e-24
4.9693828e+01 4.2510979e-24
4.9808422e+01 4.2439577e-24
4.9923280e+01 4.2368452e-24
5.0038404e+01 4.2297603e-24
5.0153793e+01 4.2227026e-24
5.0269448e+01 4.2156722e-24
5.0385370e+01 4.2086689e-24
5.0501559e+01 4.2016924e-24
5.0618016e+01 4.1947426e-24
5.0734741e+01 4.1878193e-24
5.0851736e+01 4.1809225e-24
5.0969000e+01 4.1740519e-24
5.1086535e+01 4.1672074e-24
5.1204341e+01 4.1603888e-24
5.1322419e+01 4.1535960e-24
5.1440769e+01 4.1468289e-24
5.1559392e+01 4.1400871e-24
5.1678288e+01 4.1333707e-24
5.1797458e+01 4.1266795e-24
5.1916904e+01 4.1200133e-24
5.2036625e+01 4.1133720e-24
5.2156621e+01 4.1067554e-24
5.2276895e+01 4.1001633e-24
5.2397446e+01 4.0935957e-24
5.2518275e+01 4.0870524e-24
5.2639382e+01 4.0805333e-24
5.2760769e+01 4.0740381e-24
5.2882436e+01 4.0675668e-24
5.3004383e+01 4.0611193e-24
5.3126612e+01 4.0546953e-24
5.3249122e+01 4.0482948e-24
5.3371915e+01 4.0419176e-24
5.3494991e+01 4.0355636e-24
5.3618351e+01 4.0292326e-24
5.3741995e+01 4.0229245e-24
5.3865925e+01 4.0166392e-24
5.3990140e+01 4.0103765e-24
5.4114642e+01 4.0041364e-24
5.4239430e+01 3.9979186e-24
5.4364507e+01 3.9917231e-24
5.4489872e+01 3.9855497e-24
5.4615526e+01 3.9793983e-24
5.4741470e+01 3.9732687e-24
5.4867704e+01 3.9671609e-24
5.4994229e+01 3.9610748e-24
5.5121046e+01 3.9550101e-24
5.5248156e+01 3.9489668e-24
5.5375559e+01 3.9429447e-24
5.5503255e+01 3.9369438e-24
5.5631246e+01 3.9309639e-24
5.5759532e+01 3.9250049e-24
5.5888114e+01 3.9190666e-24
5.6016992e+01 3.9131490e-24
5.6146168e+01 3.9072519e-24
5.6275642e+01 3.9013753e-24
5.6405414e+01 3.8955189e-24
5.6535485e+01 3.8896827e-24
5.6665856e+01 3.8838666e-24
5.6796528e+01 3.8780705e-24
5.6927501e+01 3.8722942e-24
5.7058777e+01 3.8665376e-24
5.7190355e+01 3.8608007e-24
5.7322236e+01 3.8550833e-24
5.7454421e+01 3.8493853e-24
5.7586912e+01 3.8437065e-24
5.7719708e+01 3.8380470e-24
5.7852810e+01 3.8324066e-24
5.7986219e+01 3.8267851e-24
5.8119935e+01 3.8211825e-24
5.8253960e+01 3.8155986e-24
5.8388294e+01 3.8100334e-24
5.8522938e+01 3.8044868e-24
5.8657893e+01 3.7989587e-24
5.8793158e+01 3.7934488e-24
5.8928736e+01 3.7879573e-24
5.9064626e+01 3.7824839e-24
5.9200829e+01 3.7770285e-24
5.9337347e+01 3.7715911e-24
5.9474179e+01 3.7661715e-24
5.9611327e+01 3.7607697e-24
5.9748791e+01 3.7553856e-24
5.9886572e+01 3.7500190e-24
6.0024671e+01 3.7446699e-24
6.0163089e+01 3.7393381e-24
6.0301825e+01 3.7340237e-24
6.0440882e+01 3.7287264e-24
6.0580259e+01 3.7234462e-24
6.0719957e+01 3.7181830e-24
6.0859978e+01 3.7129367e-24
6.1000322e+01 3.7077072e-24
6.1140989e+01 3.7024945e-24
6.1281980e+01 3.6972983e-24
6.1423297e+01 3.6921188e-24
6.1564940e+01 3.6869556e-24
6.1706909e+01 3.6818089e-24
6.1849206e+01 3.6766784e-24
6.1991830e+01 3.6715641e-24
6.2134784e+01 3.6664659e-24
6.2278067e+01 3.6613838e-24
6.2421681e+01 3.6563176e-24
6.2565626e+01 3.6512672e-24
6.2709903e+01 3.6462326e-24
6.2854512e+01 3.6412137e-24
6.2999455e+01 3.6362103e-24
6.3144732e+01 3.6312225e-24
6.3290345e+01 3.6262502e-24
6.3436293e+01 3.6212931e-24
6.3582577e+01 3.6163514e-24
6.3729199e+01 3.6114248e-24
6.3876159e+01 3.6065134e-24
6.4023458e+01 3.6016170e-24
6.4171097e+01 3.5967356e-24
6.4319076e+01 3.5918690e-24
6.4467396e+01 3.5870172e-24
6.4616058e+01 3.5821802e-24
6.4765063e+01 3.5773578e-24
6.4914412e+01 3.5725500e-24
6.5064105e+01 3.5677567e-24
6.5214144e+01 3.5629778e-24
6.5364528e+01 3.5582132e-24
6.5515259e+01 3.5534629e-24
6.5666338e+01 3.5487269e-24
6.5817765e+01 3.5440049e-24
6.5969541e+01 3.5392970e-24
6.6121667e+01 3.5346031e-24
6.6274144e+01 3.5299231e-24
6.6426973e+01 3.5252569e-24
6.6580154e+01 3.5206045e-24
6.6733688e+01 3.5159658e-24
6.6887577e+01 3.5113407e-24
6.7041820e+01 3.5067292e-24
6.7196419e+01 3.5021312e-24
6.7351374e+01 3.4975466e-24
6.7506687e+01 3.4929754e-24
6.7662358e+01 3.4884174e-24
6.7818388e+01 3.4838727e-24
6.7974778e+01 3.4793411e-24
6.8131528e+01 3.4748226e-24
6.8288640e+01 3.4703172e-24
6.8446114e+01 3.4658247e-24
6.8603951e+01 3.4613451e-24
6.8762153e+01 3.4568783e-24
6.8920719e+01 3.4524243e-24
6.9079650e+01 3.4479829e-24
6.9238949e+01 3.4435543e-24
6.9398614e+01 3.4391382e-24
6.9558648e+01 3.4347346e-24
6.9719051e+01 3.4303434e-24
6.9879823e+01 3.4259647e-24
7.0040967e+01 3.4215983e-24
7.0202482e+01 3.4172441e-24
7.0364369e+01 3.4129022e-24
7.0526630e+01 3.4085724e-24
7.0689265e+01 3.4042547e-24
7.0852275e+01 3.3999490e-24
7.1015661e+01 3.3956553e-24
7.1179423e+01 3.3913735e-24
7.1343564e+01 3.3871036e-24
7.1508083e+01 3.3828454e-24
7.1672981e+01 3.3785990e-24
7.1838259e+01 3.3743643e-24
7.2003919e+01 3.3701412e-24
7.2169960e+01 3.3659297e-24
7.2336385e+01 3.3617297e-24
7.2503193e+01 3.3575412e-24
7.2670386e+01 3.3533640e-24
7.2837964e+01 3.3491983e-24
7.3005929e+01 3.3450438e-24
7.3174282e+01 3.3409005e-24
7.3343022e+01 3.3367685e-24
7.3512152e+01 3.3326475e-24
7.3681671e+01 3.3285377e-24
7.3851582e+01 3.3244389e-24
7.4021884e+01 3.3203510e-24
7.4192579e+01 3.3162741e-24
7.4363668e+01 3.3122080e-24
7.4535151e+01 3.3081528e-24
7.4707029e+01 3.3041084e-24
7.4879304e+01 3.3000746e-24
7.5051977e+01 3.2960516e-24
7.5225047e+01 3.2920391e-24
7.5398517e+01 3.2880372e-24
7.5572386e+01 3.2840459e-24
7.5746657e+01 3.2800650e-24
7.5921329e+01 3.2760945e-24
7.6096404e+01 3.2721345e-24
7.6271883e+01 3.2681847e-24
7.6447767e+01 3.2642452e-24
7.6624056e+01 3.2603160e-24
7.6800751e+01 3.2563969e-24
7.6977855e+01 3.2524880e-24
7.7155366e+01 3.2485891e-24
7.7333287e+01 3.2447003e-24
7.7511618e+01 3.2408215e-24
7.7690361e+01 3.2369527e-24
7.7869515e+01 3.2330937e-24
7.8049083e+01 3.2292446e-24
7.8229065e+01 3.2254054e-24
7.8409461e+01 3.2215759e-24
7.8590274e+01 3.2177561e-24
7.8771504e+01 3.2139460e-24
7.8953152e+01 3.2101456e-24
7.9135218e+01 3.2063547e-24
7.9317705e+01 3.2025734e-24
7.9500612e+01 3.1988017e-24
7.9683941e+01 3.1950393e-24
7.9867693e+01 3.1912864e-24
8.0051868e+01 3.1875429e-24
8.0236468e+01 3.1838088e-24
8.0421494e+01 3.1800839e-24
8.0606947e+01 3.1763683e-24
8.0792827e+01 3.1726619e-24
8.0979136e+01 3.1689647e-24
8.1165874e+01 3.1652766e-24
8.1353044e+01 3.1615976e-24
8.1540644e+01 3.1579277e-24
8.1728678e+01 3.1542667e-24
8.1917145e+01 3.1506148e-24
8.2106046e+01 3.1469718e-24
8.2295383e+01 3.1433377e-24
8.2485157e+01 3.1397125e-24
8.2675369e+01 3.1360960e-24
8.2866019e+01 3.1324884e-24
8.3057108e+01 3.1288895e-24
8.3248639e+01 3.1252993e-24
8.3440611e+01 3.1217178e-24
8.3633025e+01 3.1181449e-24
8.3825884e+01 3.1145806e-24
8.4019187e+01 3.1110249e-24
8.4212936e+01 3.1074776e-24
8.4407131e+01 3.1039389e-24
8.4601775e+01 3.1004086e-24
8.4796867e+01 3.0968868e-24
8.4992409e+01 3.0933733e-24
8.5188403e+01 3.0898681e-24
8.5384848e+01 3.0863713e-24
8.5581746e+01 3.0828827e-24
8.5779098e+01 3.0794024e-24
8.5976905e+01 3.0759303e-24
8.6175169e+01 3.0724663e-24
8.6373889e+01 3.0690105e-24
8.6573068e+01 3.0655628e-24
8.6772706e+01 3.0621231e-24
8.6972805e+01 3.0586915e-24
8.7173365e+01 3.0552679e-24
8.7374387e+01 3.0518522e-24
8.7575873e+01 3.0484445e-24
8.7777824e+01 3.0450447e-24
8.7980240e+01 3.0416527e-24
8.8183123e+01 3.0382686e-24
8.8386474e+01 3.0348923e-24
8.8590294e+01 3.0315238e-24
8.8794584e+01 3.0281630e-24
8.8999345e+01 3.0248100e-24
8.9204578e+01 3.0214646e-24
8.9410285e+01 3.0181268e-24
8.9616465e+01 3.0147967e-24
8.9823122e+01 3.0114742e-24
9.0030254e+01 3.0081592e-24
9.0237865e+01 3.0048518e-24
9.0445954e+01 3.0015518e-24
9.0654523e+01 2.9982594e-24
9.0863573e+01 2.9949743e-24
9.1073105e+01 2.9916967e-24
9.1283120e+01 2.9884265e-24
9.1493620e+01 2.9851636e-24
9.1704605e+01 2.9819080e-24
9.1916077e+01 2.9786598e-24
9.2128036e+01 2.9754188e-24
9.2340484e+01 2.9721850e-24
9.2553422e+01 2.9689585e-24
9.2766850e+01 2.9657391e-24
9.2980771e+01 2.9625269e-24
9.3195186e+01 2.9593219e-24
9.3410095e+01 2.9561239e-24
9.3625499e+01 2.9529330e-24
9.3841400e+01 2.9497492e-24
9.4057799e+01 2.9465724e-24
9.4274697e+01 2.9434025e-24
9.4492095e+01 2.9402397e-24
9.4709995e+01 2.9370838e-24
9.4928397e+01 2.9339348e-24
9.5147302e+01 2.9307927e-24
9.5366713e+01 2.9276575e-24
9.5586629e+01 2.9245291e-24
9.5807053e+01 2.9214075e-24
9.6027984e+01 2.9182928e-24
9.6249426e+01 2.9151848e-24
9.6471378e+01 2.9120835e-24
9.6693841e+01 2.9089889e-24
9.6916818e+01 2.9059011e-24
9.7140309e+01 2.9028199e-24
9.7364315e+01 2.8997454e-24
9.7588838e+01 2.8966775e-24
9.7813879e+01 2.8936162e-24
9.8039438e+01 2.8905614e-24
9.8265518e+01 2.8875132e-24
9.8492119e+01 2.8844716e-24
9.8719243e+01 2.8814364e-24
9.8946890e+01 2.8784078e-24
9.9175062e+01 2.8753856e-24
9.9403761e+01 2.8723698e-24
9.9632987e+01 2.8693605e-24
9.9862741e+01 2.8663575e-24
1.0009303e+02 2.8633609e-24
1.0032384e+02 2.8603707e-24
1.0055519e+02 2.8573868e-24
1.0078707e+02 2.8544092e-24
1.0101948e+02 2.8514379e-24
1.0125244e+02 2.8484729e-24
1.0148593e+02 2.8455141e-24
1.0171995e+02 2.8425615e-24
1.0195452e+02 2.8396151e-24
1.0218963e+02 2.8366750e-24
1.0242528e+02 2.8337409e-24
1.0266147e+02 2.8308131e-24
1.0289821e+02 2.8278913e-24
1.0313549e+02 2.8249757e-24
1.0337332e+02 2.8220661e-24
1.0361170e+02 2.8191626e-24
1.0385063e+02 2.8162651e-24
1.0409011e+02 2.8133737e-24
1.0433015e+02 2.8104883e-24
1.0457073e+02 2.8076088e-24
1.0481187e+02 2.8047353e-24
1.0505357e+02 2.8018678e-24
1.0529582e+02 2.7990062e-24
1.0553864e+02 2.7961505e-24
1.0578201e+02 2.7933007e-24
1.0602594e+02 2.7904568e-24
1.0627044e+02 2.7876187e-24
1.0651550e+02 2.7847865e-24
1.0676113e+02 2.7819601e-24
1.0700732e+02 2.7791395e-24
1.0725408e+02 2.7763247e-24
1.0750141e+02 2.7735157e-24
1.0774931e+02 2.7707124e-24
1.0799778e+02 2.7679148e-24
1.0824682e+02 2.7651230e-24
1.0849644e+02 2.7623369e-24
1.0874663e+02 2.7595564e-24
1.0899740e+02 2.7567816e-24
1.0924875e+02 2.7540125e-24
1.0950068e+02 2.7512490e-24
1.0975319e+02 2.7484911e-24
1.1000628e+02 2.7457389e-24
1.1025996e+02 2.7429922e-24
1.1051422e+02 2.7402511e-24
1.1076906e+02 2.7375155e-24
1.1102450e+02 2.7347855e-24
1.1128052e+02 2.7320610e-24
1.1153714e+02 2.7293420e-24
1.1179434e+02 2.7266285e-24
1.1205214e+02 2.7239205e-24
1.1231053e+02 2.7212180e-24
1.1256952e+02 2.7185209e-24
1.1282911e+02 2.7158292e-24
1.1308929e+02 2.7131430e-24
1.1335008e+02 2.7104621e-24
1.1361146e+02 2.7077867e-24
1.1387345e+02 2.7051166e-24
1.1413605e+02 2.7024519e-24
1.1439924e+02 2.6997926e-24
1.1466305e+02 2.6971385e-24
1.1492746e+02 2.6944899e-24
1.1519249e+02 2.6918465e-24
1.1545812e+02 2.6892084e-24
1.1572437e+02 2.6865756e-24
1.1599123e+02 2.6839480e-24
1.1625871e+02 2.6813257e-24
1.1652680e+02 2.6787087e-24
1.1679551e+02 2.6760969e-24
1.1706484e+02 2.6734903e-24
1.1733480e+02 2.6708889e-24
1.1760537e+02 2.6682927e-24
1.1787657e+02 2.6657017e-24
1.1814839e+02 2.6631158e-24
1.1842085e+02 2.6605351e-24
1.1869392e+02 2.6579595e-24
1.1896763e+02 2.6553891e-24
1.1924197e+02 2.6528238e-24
1.1951695e+02 2.6502636e-24
1.1979255e+02 2.6477085e-24
1.2006880e+02 2.6451584e-24
1.2034568e+02 2.6426135e-24
1.2062319e+02 2.6400736e-24
1.2090135e+02 2.6375387e-24
1.2118015e+02 2.6350089e-24
1.2145959e+02 2.6324841e-24
1.2173968e+02 2.6299643e-24
1.2202041e+02 2.6274496e-24
1.2230179e+02 2.6249398e-24
1.2258382e+02 2.6224350e-24
1.2286650e+02 2.6199352e-24
1.2314983e+02 2.6174403e-24
1.2343382e+02 2.6149504e-24
1.2371846e+02 2.6124654e-24
1.2400375e+02 2.6099854e-24
1.2428971e+02 2.6075102e-24
1.2457632e+02 2.6050400e-24
1.2486359e+02 2.6025747e-24
1.2515153e+02 2.6001143e-24
1.2544013e+02 2.5976587e-24
1.2572940e+02 2.5952081e-24
1.2601933e+02 2.5927622e-24
1.2630993e+02 2.5903213e-24
1.2660120e+02 2.5878852e-24
1.2689314e+02 2.5854539e-24
1.2718576e+02 2.5830274e-24
1.2747905e+02 2.5806058e-24
1.2777302e+02 2.5781889e-24
1.2806767e+02 2.5757769e-24
1.2836299e+02 2.5733696e-24
1.2865900e+02 2.5709671e-24
1.2895569e+02 2.5685694e-24
1.2925306e+02 2.5661764e-24
1.2955112e+02 2.5637882e-24
1.2984986e+02 2.5614048e-24
1.3014930e+02 2.5590261e-24
1.3044942e+02 2.5566521e-24
1.3075024e+02 2.5542828e-24
1.3105175e+02 2.5519182e-24
1.3135396e+02 2.5495584e-24
1.3165686e+02 2.5472032e-24
1.3196046e+02 2.5448527e-24
1.3226476e+02 2.5425069e-24
1.3256977e+02 2.5401658e-24
1.3287547e+02 2.5378293e-24
1.3318189e+02 2.5354975e-24
1.3348901e+02 2.5331703e-24
1.3379683e+02 2.5308478e-24
1.3410537e+02 2.5285300e-24
1.3441462e+02 2.5262167e-24
1.3472458e+02 2.5239081e-24
1.3503525e+02 2.5216040e-24
1.3534665e+02 2.5193046e-24
1.3565876e+02 2.5170098e-24
1.3597159e+02 2.5147196e-24
1.3628514e+02 2.5124339e-24
1.3659941e+02 2.5101529e-24
1.3691441e+02 2.5078764e-24
1.3723014e+02 2.5056045e-24
1.3754659e+02 2.5033371e-24
1.3786377e+02 2.5010743e-24
1.3818169e+02 2.4988160e-24
1.3850034e+02 2.4965623e-24
1.3881972e+02 2.4943131e-24
1.3913984e+02 2.4920685e-24
1.3946070e+02 2.4898283e-24
1.3978229e+02 2.4875927e-24
1.4010463e+02 2.4853616e-24
1.4042772e+02 2.4831350e-24
1.4075154e+02 2.4809129e-24
1.4107612e+02 2.4786953e-24
1.4140144e+02 2.4764822e-24
1.4172751e+02 2.4742735e-24
1.4205434e+02 2.4720694e-24
1.4238192e+02 2.4698697e-24
1.4271025e+02 2.4676744e-24
1.4303934e+02 2.4654837e-24
1.4336919e+02 2.4632974e-24
1.4369980e+02 2.4611155e-24
1.4403117e+02 2.4589381e-24
1.4436331e+02 2.4567651e-24
1.4469621e+02 2.4545966e-24
1.4502988e+02 2.4524325e-24
1.4536432e+02 2.4502728e-24
1.4569954e+02 2.4481176e-24
1.4603552e+02 2.4459667e-24
1.4637228e+02 2.4438203e-24
1.4670981e+02 2.4416783e-24
1.4704813e+02 2.4395407e-24
1.4738722e+02 2.4374075e-24
1.4772710e+02 2.4352787e-24
1.4806776e+02 2.4331542e-24
1.4840920e+02 2.4310342e-24
1.4875144e+02 2.4289185e-24
1.4909446e+02 2.4268073e-24
1.4943827e+02 2.4247004e-24
1.4978288e+02 2.4225978e-24
1.5012828e+02 2.4204997e-24
1.5047447e+02 2.4184059e-24
1.5082147e+02 2.4163164e-24
1.5116927e+02 2.4142314e-24
1.5151786e+02 2.4121506e-24
1.5186726e+02 2.4100743e-24
1.5221747e+02 2.4080022e-24
1.5256849e+02 2.4059345e-24
1.5292031e+02 2.4038712e-24
1.5327295e+02 2.4018122e-24
1.5362639e+02 2.3997575e-24
1.5398066e+02 2.3977071e-24
1.5433574e+02 2.3956611e-24
1.5469164e+02 2.3936194e-24
1.5504836e+02 2.3915820e-24
1.5540590e+02 2.3895490e-24
1.5576427e+02 2.3875202e-24
1.5612346e+02 2.3854958e-24
1.5648348e+02 2.3834757e-24
1.5684434e+02 2.3814599e-24
1.5720602e+02 2.3794484e-24
1.5756854e+02 2.3774411e-24
1.5793189e+02 2.3754382e-24
1.5829608e+02 2.3734396e-24
1.5866112e+02 2.3714453e-24
1.5902699e+02 2.3694553e-24
1.5939371e+02 2.3674696e-24
1.5976127e+02 2.3654881e-24
1.6012968e+02 2.3635109e-24
1.6049894e+02 2.3615381e-24
1.6086905e+02 2.3595695e-24
1.6124002e+02 2.3576052e-24
1.6161184e+02 2.3556451e-24
1.6198452e+02 2.3536894e-24
1.6235805e+02 2.3517379e-24
1.6273245e+02 2.3497907e-24
1.6310772e+02 2.3478477e-24
1.6348384e+02 2.3459091e-24
1.6386084e+02 2.3439747e-24
1.6423870e+02 2.3420445e-24
1.6461744e+02 2.3401187e-24
1.6499705e+02 2.3381971e-24
1.6537753e+02 2.3362797e-24
1.6575889e+02 2.3343666e-24
1.6614114e+02 2.3324578e-24
1.6652426e+02 2.3305533e-24
1.6690826e+02 2.3286530e-24
1.6729316e+02 2.3267569e-24
1.6767894e+02 2.3248651e-24
1.6806560e+02 2.3229776e-24
1.6845316e+02 2.3210943e-24
1.6884162e+02 2.3192153e-24
1.6923097e+02 2.3173405e-24
1.6962122e+02 2.3154700e-24
1.7001236e+02 2.3136037e-24
1.7040441e+02 2.3117417e-24
1.7079737e+02 2.3098840e-24
1.7119123e+02 2.3080304e-24
1.7158600e+02 2.3061812e-24
1.7198168e+02 2.3043362e-24
1.7237827e+02 2.3024954e-24
1.7277577e+02 2.3006589e-24
1.7317419e+02 2.2988266e-24
1.7357354e+02 2.2969986e-24
1.7397380e+02 2.2951748e-24
1.7437498e+02 2.2933553e-24
1.7477709e+02 2.2915400e-24
1.7518013e+02 2.2897290e-24
1.7558410e+02 2.2879222e-24
1.7598899e+02 2.2861197e-24
1.7639483e+02 2.2843214e-24
1.7680159e+02 2.2825274e-24
1.7720930e+02 2.2807376e-24
1.7761795e+02 2.2789520e-24
1.7802753e+02 2.2771708e-24
1.7843807e+02 2.2753937e-24
1.7884955e+02 2.2736209e-24
1.7926198e+02 2.2718524e-24
1.7967535e+02 2.2700881e-24
1.8008969e+02 2.2683281e-24
1.8050498e+02 2.2665723e-24
1.8092122e+02 2.2648208e-24
1.8133843e+02 2.2630736e-24
1.8175659e+02 2.2613306e-24
1.8217573e+02 2.2595918e-24
1.8259583e+02 2.2578573e-24
1.8301689e+02 2.2561271e-24
1.8343893e+02 2.2544011e-24
1.8386194e+02 2.2526794e-24
1.8428593e+02 2.2509620e-24
1.8471089e+02 2.2492488e-24
1.8513684e+02 2.2475399e-24
1.8556377e+02 2.2458353e-24
1.8599168e+02 2.2441349e-24
1.8642058e+02 2.2424388e-24
1.8685046e+02 2.2407470e-24
1.8728134e+02 2.2390594e-24
1.8771321e+02 2.2373761e-24
1.8814608e+02 2.2356971e-24
1.8857995e+02 2.2340224e-24
1.8901482e+02 2.2323519e-24
1.8945068e+02 2.2306858e-24
1.8988756e+02 2.2290239e-24
1.9032544e+02 2.2273663e-24
1.9076433e+02 2.2257130e-24
1.9120424e+02 2.2240639e-24
1.9164516e+02 2.2224192e-24
1.9208709e+02 2.2207788e-24
1.9253005e+02 2.2191426e-24
1.9297402e+02 2.2175108e-24
1.9341902e+02 2.2158832e-24
1.9386505e+02 2.2142600e-24
1.9431210e+02 2.2126411e-24
1.9476019e+02 2.2110265e-24
1.9520930e+02 2.2094161e-24
1.9565946e+02 2.2078101e-24
1.9611065e+02 2.2062085e-24
1.9656288e+02 2.2046111e-24
1.9701616e+02 2.2030180e-24
1.9747048e+02 2.2014293e-24
1.9792585e+02 2.1998449e-24
1.9838227e+02 2.1982649e-24
1.9883974e+02 2.1966891e-24
1.9929826e+02 2.1951177e-24
1.9975785e+02 2.1935507e-24
2.0021849e+02 2.1919879e-24
2.0068020e+02 2.1904296e-24
2.0114297e+02 2.1888755e-24
2.0160680e+02 2.1873259e-24
2.0207171e+02 2.1857805e-24
2.0253769e+02 2.1842396e-24
2.0300474e+02 2.1827030e-24
2.0347287e+02 2.1811707e-24
2.0394208e+02 2.1796429e-24
2.0441237e+02 2.1781194e-24
2.0488375e+02 2.1766002e-24
2.0535621e+02 2.1750855e-24
2.0582977e+02 2.1735751e-24
2.0630441e+02 2.1720691e-24
2.0678015e+02 2.1705675e-24
2.0725699e+02 2.1690704e-24
2.0773492e+02 2.1675776e-24
2.0821396e+02 2.1660892e-24
2.0869411e+02 2.1646052e-24
2.0917536e+02 2.1631256e-24
2.0965772e+02 2.1616504e-24
2.1014119e+02 2.1601796e-24
2.1062578e+02 2.1587133e-24
2.1111148e+02 2.1572514e-24
2.1159831e+02 2.1557939e-24
2.1208625e+02 2.1543409e-24
2.1257533e+02 2.1528923e-24
2.1306553e+02 2.1514481e-24
2.1355686e+02 2.1500084e-24
2.1404932e+02 2.1485732e-24
2.1454292e+02 2.1471424e-24
2.1503766e+02 2.1457160e-24
2.1553354e+02 2.1442941e-24
2.1603056e+02 2.1428767e-24
2.1652873e+02 2.1414638e-24
2.1702804e+02 2.1400554e-24
2.1752851e+02 2.1386514e-24
2.1803013e+02 2.1372519e-24
2.1853291e+02 2.1358569e-24
2.1903685e+02 2.1344665e-24
2.1954195e+02 2.1330805e-24
2.2004822e+02 2.1316990e-24
2.2055565e+02 2.1303221e-24
2.2106425e+02 2.1289497e-24
2.2157403e+02 2.1275818e-24
2.2208498e+02 2.1262184e-24
2.2259711e+02 2.1248596e-24
2.2311042e+02 2.1235053e-24
2.2362491e+02 2.1221555e-24
2.2414060e+02 2.1208104e-24
2.2465747e+02 2.1194697e-24
2.2517553e+02 2.1181337e-24
2.2569478e+02 2.1168022e-24
2.2621524e+02 2.1154753e-24
2.2673689e+02 2.1141529e-24
2.2725975e+02 2.1128352e-24
2.2778381e+02 2.1115221e-24
2.2830908e+02 2.1102135e-24
2.2883556e+02 2.1089096e-24
2.2936326e+02 2.1076102e-24
2.2989217e+02 2.1063155e-24
2.3042231e+02 2.1050254e-24
2.3095366e+02 2.1037400e-24
2.3148624e+02 2.1024592e-24
2.3202005e+02 2.1011830e-24
2.3255509e+02 2.0999115e-24
2.3309137e+02 2.0986446e-24
2.3362888e+02 2.0973824e-24
2.3416763e+02 2.0961248e-24
2.3470762e+02 2.0948720e-24
2.3524886e+02 2.0936238e-24
2.3579134e+02 2.0923803e-24
2.3633508e+02 2.0911415e-24
2.3688007e+02 2.0899074e-24
2.3742632e+02 2.0886780e-24
2.3797382e+02 2.0874533e-24
2.3852259e+02 2.0862334e-24
2.3907263e+02 2.0850182e-24
2.3962393e+02 2.0838077e-24
2.4017651e+02 2.0826020e-24
2.4073036e+02 2.0814010e-24
2.4128548e+02 2.0802048e-24
2.4184189e+02 2.0790133e-24
2.4239958e+02 2.0778266e-24
2.4295855e+02 2.0766447e-24
2.4351882e+02 2.0754676e-24
2.4408037e+02 2.0742953e-24
2.4464322e+02 2.0731278e-24
2.4520737e+02 2.0719651e-24
2.4577282e+02 2.0708072e-24
2.4633958e+02 2.0696541e-24
2.4690764e+02 2.0685059e-24
2.4747701e+02 2.0673625e-24
2.4804769e+02 2.0662240e-24
2.4861969e+02 2.0650903e-24
2.4919301e+02 2.0639615e-24
2.4976765e+02 2.0628375e-24
2.5034362e+02 2.0617185e-24
2.5092091e+02 2.0606043e-24
2.5149954e+02 2.0594950e-24
2.5207950e+02 2.0583907e-24
2.5266080e+02 2.0572912e-24
2.5324343e+02 2.0561967e-24
2.5382742e+02 2.0551071e-24
2.5441274e+02 2.0540224e-24
2.5499942e+02 2.0529427e-24
2.5558745e+02 2.0518680e-24
2.5617684e+02 2.0507982e-24
2.5676758e+02 2.0497334e-24
2.5735969e+02 2.0486735e-24
2.5795317e+02 2.0476187e-24
2.5854801e+02 2.0465688e-24
2.5914422e+02 2.0455240e-24
2.5974181e+02 2.0444842e-24
2.6034078e+02 2.0434494e-24
2.6094112e+02 2.0424196e-24
2.6154286e+02 2.0413949e-24
2.6214598e+02 2.0403752e-24
2.6275049e+02 2.0393606e-24
2.6335639e+02 2.0383511e-24
2.6396369e+02 2.0373467e-24
2.6457240e+02 2.0363473e-24
2.6518250e+02 2.0353530e-24
2.6579401e+02 2.0343639e-24
2.6640694e+02 2.0333799e-24
2.6702127e+02 2.0324010e-24
2.6763703e+02 2.0314272e-24
2.6825420e+02 2.0304586e-24
2.6887280e+02 2.0294951e-24
2.6949282e+02 2.0285368e-24
2.7011427e+02 2.0275837e-24
2.7073716e+02 2.0266358e-24
2.7136148e+02 2.0256930e-24
2.7198724e+02 2.0247555e-24
2.7261444e+02 2.0238232e-24
2.7324310e+02 2.0228961e-24
2.7387320e+02 2.0219743e-24
2.7450475e+02 2.0210577e-24
2.7513776e+02 2.0201463e-24
2.7577223e+02 2.0192402e-24
2.7640816e+02 2.0183394e-24
2.7704556e+02 2.0174439e-24
2.7768443e+02 2.0165537e-24
2.7832477e+02 2.0156688e-24
2.7896659e+02 2.0147892e-24
2.7960989e+02 2.0139149e-24
2.8025467e+02 2.0130460e-24
2.8090094e+02 2.0121824e-24
2.8154870e+02 2.0113242e-24
2.8219796e+02 2.0104714e-24
2.8284871e+02 2.0096239e-24
2.8350096e+02 2.0087819e-24
2.8415471e+02 2.0079452e-24
2.8480998e+02 2.0071140e-24
2.8546675e+02 2.0062882e-24
2.8612504e+02 2.0054678e-24
2.8678485e+02 2.0046529e-24
2.8744617e+02 2.0038434e-24
2.8810903e+02 2.0030394e-24
2.8877341e+02 2.0022409e-24
2.8943932e+02 2.0014479e-24
2.9010677e+02 2.0006604e-24
2.9077576e+02 1.9998784e-24
2.9144629e+02 1.9991019e-24
2.9211837e+02 1.9983310e-24
2.9279200e+02 1.9975657e-24
2.9346718e+02 1.9968059e-24
2.9414391e+02 1.9960516e-24
2.9482221e+02 1.9953030e-24
2.9550207e+02 1.9945599e-24
2.9618350e+02 1.9938225e-24
2.9686651e+02 1.9930907e-24
2.9755108e+02 1.9923645e-24
2.9823724e+02 1.9916440e-24
2.9892498e+02 1.9909291e-24
2.9961430e+02 1.9902199e-24
3.0030521e+02 1.9895164e-24
3.0099772e+02 1.9888186e-24
3.0169182e+02 1.9881265e-24
3.0238752e+02 1.9874401e-24
3.0308483e+02 1.9867595e-24
3.0378375e+02 1.9860846e-24
3.0448428e+02 1.9854154e-24
3.0518642e+02 1.9847520e-24
3.0589018e+02 1.9840944e-24
3.0659557e+02 1.9834426e-24
3.0730258e+02 1.9827966e-24
3.0801122e+02 1.9821564e-24
3.0872150e+02 1.9815221e-24
3.0943341e+02 1.9808936e-24
3.1014697e+02 1.9802710e-24
3.1086217e+02 1.9796542e-24
3.1157902e+02 1.9790433e-24
3.1229752e+02 1.9784384e-24
3.1301768e+02 1.9778393e-24
3.1373950e+02 1.9772462e-24
3.1446299e+02 1.9766590e-24
3.1518814e+02 1.9760777e-24
3.1591497e+02 1.9755024e-24
3.1664347e+02 1.9749331e-24
3.1737365e+02 1.9743698e-24
3.1810552e+02 1.9738125e-24
3.1883907e+02 1.9732612e-24
3.1957432e+02 1.9727160e-24
3.2031126e+02 1.9721767e-24
3.2104990e+02 1.9716436e-24
3.2179024e+02 1.9711165e-24
3.2253229e+02 1.9705955e-24
3.2327606e+02 1.9700806e-24
3.2402153e+02 1.9695719e-24
3.2476873e+02 1.9690692e-24
3.2551765e+02 1.9685727e-24
3.2626829e+02 1.9680824e-24
3.2702067e+02 1.9675982e-24
3.2777478e+02 1.9671202e-24
3.2853063e+02 1.9666484e-24
3.2928823e+02 1.9661828e-24
3.3004757e+02 1.9657235e-24
3.3080866e+02 1.9652703e-24
3.3157151e+02 1.9648235e-24
3.3233612e+02 1.9643829e-24
3.3310249e+02 1.9639486e-24
3.3387062e+02 1.9635206e-24
3.3464053e+02 1.9630989e-24
3.3541221e+02 1.9626836e-24
3.3618568e+02 1.9622746e-24
3.3696092e+02 1.9618719e-24
3.3773796e+02 1.9614756e-24
3.3851679e+02 1.9610857e-24
3.3929741e+02 1.9607022e-24
3.4007983e+02 1.9603252e-24
3.4086406e+02 1.9599545e-24
3.4165009e+02 1.9595903e-24
3.4243794e+02 1.9592326e-24
3.4322760e+02 1.9588813e-24
3.4401909e+02 1.9585366e-24
3.4481240e+02 1.9581983e-24
3.4560754e+02 1.9578666e-24
3.4640451e+02 1.9575414e-24
3.4720333e+02 1.9572228e-24
3.4800398e+02 1.9569107e-24
3.4880648e+02 1.9566052e-24
3.4961083e+02 1.9563063e-24
3.5041703e+02 1.9560141e-24
3.5122510e+02 1.9557284e-24
3.5203503e+02 1.9554494e-24
3.5284682e+02 1.9551771e-24
3.5366049e+02 1.9549114e-24
3.5447603e+02 1.9546525e-24
3.5529346e+02 1.9544002e-24
3.5611277e+02 1.9541547e-24
3.5693397e+02 1.9539159e-24
3.5775706e+02 1.9536839e-24
3.5858205e+02 1.9534586e-24
3.5940894e+02 1.9532402e-24
3.6023774e+02 1.9530285e-24
3.6106845e+02 1.9528237e-24
3.6190108e+02 1.9526257e-24
3.6273563e+02 1.9524345e-24
3.6357210e+02 1.9522503e-24
3.6441050e+02 1.9520729e-24
3.6525083e+02 1.9519024e-24
3.6609310e+02 1.9517388e-24
3.6693731e+02 1.9515822e-24
3.6778347e+02 1.9514325e-24
3.6863159e+02 1.9512898e-24
3.6948165e+02 1.9511540e-24
3.7033368e+02 1.9510253e-24
3.7118767e+02 1.9509036e-24
3.7204364e+02 1.9507889e-24
3.7290157e+02 1.9506813e-24
3.7376148e+02 1.9505807e-24
3.7462338e+02 1.9504872e-24
3.7548727e+02 1.9504009e-24
3.7635314e+02 1.9503216e-24
3.7722102e+02 1.9502495e-24
3.7809089e+02 1.9501845e-24
3.7896277e+02 1.9501267e-24
3.7983666e+02 1.9500761e-24
3.8071257e+02 1.9500327e-24
3.8159049e+02 1.9499965e-24
3.8247044e+02 1.9499676e-24
3.8335242e+02 1.9499459e-24
3.8423644e+02 1.9499315e-24
3.8512249e+02 1.9499243e-24
3.8601059e+02 1.9499245e-24
3.8690073e+02 1.9499320e-24
3.8779292e+02 1.9499468e-24
3.8868718e+02 1.9499690e-24
3.8958349e+02 1.9499986e-24
3.9048188e+02 1.9500356e-24
3.9138233e+02 1.9500800e-24
3.9228486e+02 1.9501318e-24
3.9318947e+02 1.9501910e-24
3.9409617e+02 1.9502578e-24
3.9500496e+02 1.9503320e-24
3.9591584e+02 1.9504137e-24
3.9682883e+02 1.9505029e-24
3.9774392e+02 1.9505997e-24
3.9866112e+02 1.9507040e-24
3.9958044e+02 1.9508159e-24
4.0050187e+02 1.9509354e-24
4.0142543e+02 1.9510625e-24
4.0235112e+02 1.9511973e-24
4.0327895e+02 1.9513396e-24
4.0420891e+02 1.9514897e-24
4.0514102e+02 1.9516474e-24
4.0607528e+02 1.9518128e-24
4.0701169e+02 1.9519860e-24
4.0795026e+02 1.9521669e-24
4.0889100e+02 1.9523555e-24
4.0983390e+02 1.9525520e-24
4.1077898e+02 1.9527562e-24
4.1172624e+02 1.9529682e-24
4.1267569e+02 1.9531881e-24
4.1362732e+02 1.9534158e-24
4.1458115e+02 1.9536514e-24
4.1553718e+02 1.9538949e-24
4.1649541e+02 1.9541463e-24
4.1745585e+02 1.9544056e-24
4.1841851e+02 1.9546729e-24
4.1938338e+02 1.9549482e-24
4.2035048e+02 1.9552314e-24
4.2131982e+02 1.9555226e-24
4.2229138e+02 1.9558219e-24
4.2326519e+02 1.9561292e-24
4.2424124e+02 1.9564446e-24
4.2521955e+02 1.9567681e-24
4.2620010e+02 1.9570997e-24
4.2718293e+02 1.9574395e-24
4.2816801e+02 1.9577874e-24
4.2915537e+02 1.9581434e-24
4.3014501e+02 1.9585077e-24
4.3113692e+02 1.9588802e-24
4.3213113e+02 1.9592609e-24
4.3312763e+02 1.9596499e-24
4.3412642e+02 1.9600471e-24
4.3512752e+02 1.9604527e-24
4.3613093e+02 1.9608666e-24
4.3713665e+02 1.9612889e-24
4.3814469e+02 1.9617196e-24
4.3915506e+02 1.9621586e-24
4.4016775e+02 1.9626061e-24
4.4118278e+02 1.9630621e-24
4.4220015e+02 1.9635265e-24
4.4321987e+02 1.9639995e-24
4.4424194e+02 1.9644809e-24
4.4526636e+02 1.9649710e-24
4.4629315e+02 1.9654697e-24
4.4732231e+02 1.9659770e-24
4.4835383e+02 1.9664930e-24
4.4938774e+02 1.9670177e-24
4.5042403e+02 1.9675511e-24
4.5146271e+02 1.9680933e-24
4.5250379e+02 1.9686443e-24
4.5354727e+02 1.9692043e-24
4.5459315e+02 1.9697731e-24
4.5564145e+02 1.9703509e-24
4.5669216e+02 1.9709377e-24
4.5774529e+02 1.9715337e-24
4.5880086e+02 1.9721388e-24
4.5985886e+02 1.9727531e-24
4.6091930e+02 1.9733768e-24
4.6198218e+02 1.9740099e-24
4.6304751e+02 1.9746525e-24
4.6411530e+02 1.9753048e-24
4.6518556e+02 1.9759669e-24
4.6625828e+02 1.9766390e-24
4.6733347e+02 1.9773212e-24
4.6841115e+02 1.9780139e-24
4.6949131e+02 1.9787172e-24
4.7057396e+02 1.9794315e-24
4.7165911e+02 1.9801572e-24
4.7274676e+02 1.9808948e-24
4.7383691e+02 1.9816449e-24
4.7492958e+02 1.9824083e-24
4.7602478e+02 1.9831859e-24
4.7712249e+02 1.9839790e-24
4.7822274e+02 1.9847892e-24
4.7932553e+02 1.9856187e-24
4.8043085e+02 1.9864705e-24
4.8153873e+02 1.9873486e-24
4.8264916e+02 1.9882590e-24
4.8376216e+02 1.9892101e-24
4.8487772e+02 1.9902146e-24
4.8599585e+02 1.9912928e-24
4.8711656e+02 1.9924773e-24
4.8823985e+02 1.9938250e-24
4.8936574e+02 1.9954417e-24
4.9049422e+02 1.9975420e-24
4.9162530e+02 2.0006208e-24
4.9275899e+02 2.0060400e-24
4.9389530e+02 2.0187843e-24
4.9503423e+02 2.0704886e-24
4.9617578e+02 3.5426601e-24
4.9731996e+02 2.1776619e-24
4.9846679e+02 2.0343270e-24
4.9961626e+02 2.0146008e-24
5.0076837e+02 2.0089695e-24
5.0192315e+02 2.0070339e-24
5.0308059e+02 2.0064800e-24
5.0424070e+02 2.0065599e-24
5.0540348e+02 2.0069735e-24
5.0656894e+02 2.0075812e-24
5.0773710e+02 2.0083112e-24
5.0890794e+02 2.0091233e-24
5.1008149e+02 2.0099940e-24
5.1125774e+02 2.0109084e-24
5.1243670e+02 2.0118568e-24
5.1361839e+02 2.0128329e-24
5.1480279e+02 2.0138323e-24
5.1598993e+02 2.0148517e-24
5.1717981e+02 2.0158889e-24
5.1837243e+02 2.0169422e-24
5.1956780e+02 2.0180103e-24
5.2076593e+02 2.0190924e-24
5.2196682e+02 2.0201876e-24
5.2317048e+02 2.0212954e-24
5.2437691e+02 2.0224154e-24
5.2558613e+02 2.0235471e-24
5.2679814e+02 2.0246904e-24
5.2801294e+02 2.0258449e-24
5.2923054e+02 2.0270106e-24
5.3045095e+02 2.0281872e-24
5.3167417e+02 2.0293746e-24
5.3290022e+02 2.0305728e-24
5.3412909e+02 2.0317816e-24
5.3536079e+02 2.0330010e-24
5.3659534e+02 2.0342310e-24
5.3783273e+02 2.0354715e-24
5.3907298e+02 2.0367224e-24
5.4031609e+02 2.0379838e-24
5.4156206e+02 2.0392557e-24
5.4281090e+02 2.0405379e-24
5.4406263e+02 2.0418305e-24
5.4531724e+02 2.0431336e-24
5.4657475e+02 2.0444470e-24
5.4783515e+02 2.0457709e-24
5.4909847e+02 2.0471051e-24
5.5036469e+02 2.0484497e-24
5.5163384e+02 2.0498048e-24
5.5290591e+02 2.0511702e-24
5.5418091e+02 2.0525461e-24
5.5545886e+02 2.0539324e-24
5.5673975e+02 2.0553292e-24
5.5802360e+02 2.0567364e-24
5.5931040e+02 2.0581541e-24
5.6060018e+02 2.0595822e-24
5.6189293e+02 2.0610209e-24
5.6318866e+02 2.0624701e-24
5.6448737e+02 2.0639298e-24
5.6578909e+02 2.0654000e-24
5.6709380e+02 2.0668808e-24
5.6840152e+02 2.0683722e-24
5.6971226e+02 2.0698742e-24
5.7102602e+02 2.0713868e-24
5.7234281e+02 2.0729100e-24
5.7366264e+02 2.0744438e-24
5.7498551e+02 2.0759884e-24
5.7631143e+02 2.0775435e-24
5.7764041e+02 2.0791094e-24
5.7897245e+02 2.0806860e-24
5.8030757e+02 2.0822734e-24
5.8164576e+02 2.0838715e-24
5.8298704e+02 2.0854804e-24
5.8433141e+02 2.0871000e-24
5.8567889e+02 2.0887305e-24
5.8702947e+02 2.0903718e-24
5.8838316e+02 2.0920239e-24
5.8973998e+02 2.0936869e-24
5.9109992e+02 2.0953608e-24
5.9246300e+02 2.0970456e-24
5.9382923e+02 2.0987413e-24
5.9519860e+02 2.1004480e-24
5.9657113e+02 2.1021656e-24
5.9794683e+02 2.1038943e-24
5.9932570e+02 2.1056339e-24
6.0070775e+02 2.1073845e-24
6.0209299e+02 2.1091462e-24
6.0348142e+02 2.1109189e-24
6.0487305e+02 2.1127027e-24
6.0626789e+02 2.1144977e-24
6.0766595e+02 2.1163037e-24
6.0906723e+02 2.1181209e-24
6.1047175e+02 2.1199492e-24
6.1187950e+02 2.1217888e-24
6.1329050e+02 2.1236395e-24
6.1470475e+02 2.1255014e-24
6.1612226e+02 2.1273746e-24
6.1754305e+02 2.1292590e-24
6.1896711e+02 2.1311548e-24
6.2039445e+02 2.1330618e-24
6.2182508e+02 2.1349801e-24
6.2325902e+02 2.1369098e-24
6.2469626e+02 2.1388508e-24
6.2613681e+02 2.1408033e-24
6.2758069e+02 2.1427671e-24
6.2902789e+02 2.1447423e-24
6.3047844e+02 2.1467290e-24
6.3193232e+02 2.1487271e-24
6.3338957e+02 2.1507367e-24
6.3485017e+02 2.1527578e-24
6.3631414e+02 2.1547905e-24
6.3778148e+02 2.1568346e-24
6.3925221e+02 2.1588904e-24
6.4072633e+02 2.1609577e-24
6.4220385e+02 2.1630366e-24
6.4368478e+02 2.1651271e-24
6.4516912e+02 2.1672293e-24
6.4665688e+02 2.1693432e-24
6.4814808e+02 2.1714687e-24
6.4964271e+02 2.1736059e-24
6.5114080e+02 2.1757548e-24
6.5264233e+02 2.1779155e-24
6.5414733e+02 2.1800880e-24
6.5565580e+02 2.1822722e-24
6.5716775e+02 2.1844682e-24
6.5868318e+02 2.1866761e-24
6.6020211e+02 2.1888958e-24
6.6172454e+02 2.1911273e-24
6.6325048e+02 2.1933707e-24
6.6477994e+02 2.1956261e-24
6.6631293e+02 2.1978934e-24
6.6784945e+02 2.2001726e-24
6.6938952e+02 2.2024637e-24
6.7093314e+02 2.2047669e-24
6.7248031e+02 2.2070821e-24
6.7403106e+02 2.2094092e-24
6.7558538e+02 2.2117485e-24
6.7714328e+02 2.2140998e-24
6.7870478e+02 2.2164632e-24
6.8026988e+02 2.2188386e-24
6.8183859e+02 2.2212263e-24
6.8341091e+02 2.2236260e-24
6.8498686e+02 2.2260380e-24
6.8656645e+02 2.2284621e-24
6.8814967e+02 2.2308984e-24
6.8973655e+02 2.2333470e-24
6.9132709e+02 2.2358078e-24
6.9292130e+02 2.2382808e-24
6.9451918e+02 2.2407662e-24
6.9612074e+02 2.2432639e-24
6.9772600e+02 2.2457739e-24
6.9933497e+02 2.2482962e-24
7.0094764e+02 2.2508309e-24
7.0256403e+02 2.2533780e-24
7.0418415e+02 2.2559376e-24
7.0580800e+02 2.2585095e-24
7.0743560e+02 2.2610939e-24
7.0906695e+02 2.2636908e-24
7.1070206e+02 2.2663002e-24
7.1234095e+02 2.2689221e-24
7.1398361e+02 2.2715565e-24
7.1563006e+02 2.2742035e-24
7.1728031e+02 2.2768631e-24
7.1893437e+02 2.2795352e-24
7.2059223e+02 2.2822200e-24
7.2225393e+02 2.2849174e-24
7.2391945e+02 2.2876274e-24
7.2558881e+02 2.2903502e-24
7.2726203e+02 2.2930856e-24
7.2893910e+02 2.2958338e-24
7.3062004e+02 2.2985947e-24
7.3230485e+02 2.3013683e-24
7.3399355e+02 2.3041548e-24
7.3568615e+02 2.3069540e-24
7.3738265e+02 2.3097661e-24
7.3908306e+02 2.3125910e-24
7.4078739e+02 2.3154288e-24
7.4249565e+02 2.3182795e-24
7.4420785e+02 2.3211430e-24
7.4592400e+02 2.3240195e-24
7.4764410e+02 2.3269089e-24
7.4936818e+02 2.3298113e-24
7.5109623e+02 2.3327267e-24
7.5282826e+02 2.3356551e-24
7.5456429e+02 2.3385966e-24
7.5630432e+02 2.3415511e-24
7.5804836e+02 2.3445186e-24
7.5979643e+02 2.3474993e-24
7.6154852e+02 2.3504930e-24
7.6330466e+02 2.3534999e-24
7.6506485e+02 2.3565200e-24
7.6682909e+02 2.3595532e-24
7.6859741e+02 2.3625996e-24
7.7036980e+02 2.3656593e-24
7.7214628e+02 2.3687321e-24
7.7392685e+02 2.3718183e-24
7.7571153e+02 2.3749177e-24
7.7750033e+02 2.3780304e-24
7.7929325e+02 2.3811565e-24
7.8109031e+02 2.3842959e-24
7.8289151e+02 2.3874486e-24
7.8469686e+02 2.3906147e-24
7.8650638e+02 2.3937943e-24
7.8832007e+02 2.3969873e-24
7.9013794e+02 2.4001937e-24
7.9196000e+02 2.4034136e-24
7.9378627e+02 2.4066470e-24
7.9561675e+02 2.4098939e-24
7.9745144e+02 2.4131543e-24
7.9929037e+02 2.4164283e-24
8.0113354e+02 2.4197159e-24
8.0298096e+02 2.4230170e-24
8.0483264e+02 2.4263318e-24
8.0668859e+02 2.4296602e-24
8.0854882e+02 2.4330023e-24
8.1041334e+02 2.4363581e-24
8.1228216e+02 2.4397276e-24
8.1415529e+02 2.4431108e-24
8.1603274e+02 2.4465077e-24
8.1791452e+02 2.4499185e-24
8.1980064e+02 2.4533430e-24
8.2169110e+02 2.4567813e-24
8.2358593e+02 2.4602335e-24
8.2548512e+02 2.4636995e-24
8.2738870e+02 2.4671794e-24
8.2929666e+02 2.4706732e-24
8.3120903e+02 2.4741809e-24
8.3312580e+02 2.4777025e-24
8.3504700e+02 2.4812381e-24
8.3697262e+02 2.4847878e-24
8.3890269e+02 2.4883514e-24
8.4083720e+02 2.4919290e-24
8.4277618e+02 2.4955207e-24
8.4471963e+02 2.4991265e-24
8.4666756e+02 2.5027463e-24
8.4861998e+02 2.5063803e-24
8.5057690e+02 2.5100285e-24
8.5253834e+02 2.5136907e-24
8.5450430e+02 2.5173672e-24
8.5647479e+02 2.5210579e-24
8.5844983e+02 2.5247628e-24
8.6042942e+02 2.5284820e-24
8.6241358e+02 2.5322154e-24
8.6440231e+02 2.5359631e-24
8.6639563e+02 2.5397251e-24
8.6839354e+02 2.5435015e-24
8.7039607e+02 2.5472923e-24
8.7240321e+02 2.5510974e-24
8.7441498e+02 2.5549169e-24
8.7643138e+02 2.5587509e-24
8.7845244e+02 2.5625993e-24
8.8047816e+02 2.5664622e-24
8.8250855e+02 2.5703396e-24
8.8454362e+02 2.5742315e-24
8.8658338e+02 2.5781379e-24
8.8862785e+02 2.5820590e-24
8.9067703e+02 2.5859946e-24
8.9273094e+02 2.5899448e-24
8.9478959e+02 2.5939096e-24
8.9685298e+02 2.5978892e-24
8.9892113e+02 2.6018834e-24
9.0099405e+02 2.6058922e-24
9.0307175e+02 2.6099159e-24
9.0515424e+02 2.6139543e-24
9.0724153e+02 2.6180074e-24
9.0933364e+02 2.6220754e-24
9.1143057e+02 2.6261581e-24
9.1353233e+02 2.6302557e-24
9.1563894e+02 2.6343682e-24
9.1775041e+02 2.6384956e-24
9.1986675e+02 2.6426379e-24
9.2198797e+02 2.6467952e-24
9.2411408e+02 2.6509674e-24
9.2624510e+02 2.6551546e-24
9.2838103e+02 2.6593569e-24
9.3052188e+02 2.6635741e-24
9.3266767e+02 2.6678065e-24
9.3481841e+02 2.6720540e-24
9.3697411e+02 2.6763165e-24
9.3913478e+02 2.6805943e-24
9.4130043e+02 2.6848872e-24
9.4347108e+02 2.6891954e-24
9.4564673e+02 2.6935188e-24
9.4782740e+02 2.6978575e-24
9.5001309e+02 2.7022116e-24
9.5220383e+02 2.7065810e-24
9.5439962e+02 2.7109659e-24
9.5660047e+02 2.7153662e-24
9.5880640e+02 2.7197821e-24
9.6101742e+02 2.7242137e-24
9.6323353e+02 2.7286611e-24
9.6545475e+02 2.7331244e-24
9.6768110e+02 2.7376038e-24
9.6991258e+02 2.7420998e-24
9.7214920e+02 2.7466127e-24
9.7439099e+02 2.7511433e-24
9.7663794e+02 2.7556931e-24
9.7889008e+02 2.7602645e-24
9.8114740e+02 2.7648627e-24
9.8340994e+02 2.7694995e-24
9.8567769e+02 2.7742085e-24
9.8795067e+02 2.7791162e-24
9.9022889e+02 2.7850962e-24
9.9251237e+02 2.8903795e-24
9.9480111e+02 2.7959792e-24
9.9709513e+02 2.7979063e-24
9.9939443e+02 2.8021800e-24
1.0016990e+03 2.8067530e-24
1.0040090e+03 2.8114181e-24
1.0063242e+03 2.8161278e-24
1.0086448e+03 2.8208667e-24
1.0109708e+03 2.8256284e-24
1.0133021e+03 2.8304100e-24
1.0156387e+03 2.8352099e-24
1.0179808e+03 2.8400274e-24
1.0203283e+03 2.8448620e-24
1.0226812e+03 2.8497133e-24
1.0250395e+03 2.8545812e-24
1.0274032e+03 2.8594656e-24
1.0297724e+03 2.8643664e-24
1.0321471e+03 2.8692835e-24
1.0345272e+03 2.8742170e-24
1.0369129e+03 2.8791668e-24
1.0393040e+03 2.8841330e-24
1.0417006e+03 2.8891154e-24
1.0441028e+03 2.8941142e-24
1.0465105e+03 2.8991293e-24
1.0489238e+03 2.9041608e-24
1.0513426e+03 2.9092087e-24
1.0537670e+03 2.9142730e-24
1.0561970e+03 2.9193537e-24
1.0586326e+03 2.9244509e-24
1.0610738e+03 2.9295645e-24
1.0635207e+03 2.9346946e-24
1.0659731e+03 2.9398412e-24
1.0684313e+03 2.9450044e-24
1.0708951e+03 2.9501842e-24
1.0733646e+03 2.9553805e-24
1.0758398e+03 2.9605935e-24
1.0783207e+03 2.9658231e-24
1.0808073e+03 2.9710693e-24
1.0832996e+03 2.9763323e-24
1.0857977e+03 2.9816120e-24
1.0883016e+03 2.9869084e-24
1.0908112e+03 2.9922216e-24
1.0933266e+03 2.9975516e-24
1.0958479e+03 3.0028985e-24
1.0983749e+03 3.0082622e-24
1.1009078e+03 3.0136428e-24
1.1034465e+03 3.0190403e-24
1.1059910e+03 3.0244547e-24
1.1085414e+03 3.0298861e-24
1.1110977e+03 3.0353345e-24
1.1136599e+03 3.0407999e-24
1.1162281e+03 3.0462824e-24
1.1188021e+03 3.0517820e-24
1.1213820e+03 3.0572986e-24
1.1239680e+03 3.0628324e-24
1.1265598e+03 3.0683834e-24
1.1291577e+03 3.0739515e-24
1.1317615e+03 3.0795369e-24
1.1343714e+03 3.0851395e-24
1.1369873e+03 3.0907594e-24
1.1396092e+03 3.0963966e-24
1.1422371e+03 3.1020512e-24
1.1448711e+03 3.1077231e-24
1.1475112e+03 3.1134124e-24
1.1501574e+03 3.1191191e-24
1.1528096e+03 3.1248433e-24
1.1554680e+03 3.1305849e-24
1.1581325e+03 3.1363441e-24
1.1608032e+03 3.1421208e-24
1.1634800e+03 3.1479150e-24
1.1661630e+03 3.1537269e-24
1.1688522e+03 3.1595564e-24
1.1715476e+03 3.1654035e-24
1.1742492e+03 3.1712683e-24
1.1769570e+03 3.1771509e-24
1.1796711e+03 3.1830512e-24
1.1823914e+03 3.1889693e-24
1.1851180e+03 3.1949051e-24
1.1878509e+03 3.2008589e-24
1.1905901e+03 3.2068304e-24
1.1933356e+03 3.2128199e-24
1.1960875e+03 3.2188273e-24
1.1988456e+03 3.2248527e-24
1.2016102e+03 3.2308961e-24
1.2043811e+03 3.2369574e-24
1.2071584e+03 3.2430369e-24
1.2099421e+03 3.2491344e-24
1.2127323e+03 3.2552500e-24
1.2155288e+03 3.2613837e-24
1.2183319e+03 3.2675357e-24
1.2211413e+03 3.2737058e-24
1.2239573e+03 3.2798942e-24
1.2267798e+03 3.2861008e-24
1.2296087e+03 3.2923258e-24
1.2324442e+03 3.2985691e-24
1.2352862e+03 3.3048307e-24
1.2381348e+03 3.3111107e-24
1.2409900e+03 3.3174092e-24
1.2438517e+03 3.3237261e-24
1.2467200e+03 3.3300615e-24
1.2495950e+03 3.3364155e-24
1.2524766e+03 3.3427879e-24
1.2553648e+03 3.3491790e-24
1.2582597e+03 3.3555887e-24
1.2611612e+03 3.3620171e-24
1.2640695e+03 3.3684641e-24
1.2669844e+03 3.3749298e-24
1.2699061e+03 3.3814143e-24
1.2728345e+03 3.3879176e-24
1.2757697e+03 3.3944397e-24
1.2787116e+03 3.4009806e-24
1.2816603e+03 3.4075404e-24
1.2846158e+03 3.4141192e-24
1.2875782e+03 3.4207168e-24
1.2905473e+03 3.4273335e-24
1.2935233e+03 3.4339692e-24
1.2965062e+03 3.4406239e-24
1.2994960e+03 3.4472977e-24
1.3024926e+03 3.4539906e-24
1.3054962e+03 3.4607027e-24
1.3085067e+03 3.4674339e-24
1.3115241e+03 3.4741844e-24
1.3145485e+03 3.4809541e-24
1.3175798e+03 3.4877431e-24
1.3206182e+03 3.4945514e-24
1.3236635e+03 3.5013791e-24
1.3267159e+03 3.5082261e-24
1.3297753e+03 3.5150926e-24
1.3328418e+03 3.5219786e-24
1.3359154e+03 3.5288840e-24
1.3389960e+03 3.5358089e-24
1.3420837e+03 3.5427535e-24
1.3451786e+03 3.5497176e-24
1.3482806e+03 3.5567013e-24
1.3513897e+03 3.5637048e-24
1.3545060e+03 3.5707279e-24
1.3576295e+03 3.5777707e-24
1.3607602e+03 3.5848334e-24
1.3638982e+03 3.5919158e-24
1.3670433e+03 3.5990181e-24
1.3701957e+03 3.6061403e-24
1.3733554e+03 3.6132824e-24
1.3765224e+03 3.6204444e-24
1.3796966e+03 3.6276264e-24
1.3828782e+03 3.6348285e-24
1.3860672e+03 3.6420506e-24
1.3892634e+03 3.6492929e-24
1.3924671e+03 3.6565552e-24
1.3956781e+03 3.6638377e-24
1.3988966e+03 3.6711405e-24
1.4021224e+03 3.6784635e-24
1.4053558e+03 3.6858068e-24
1.4085965e+03 3.6931704e-24
1.4118448e+03 3.7005543e-24
1.4151005e+03 3.7079587e-24
1.4183637e+03 3.7153835e-24
1.4216345e+03 3.7228288e-24
1.4249128e+03 3.7302945e-24
1.4281986e+03 3.7377809e-24
1.4314921e+03 3.7452878e-24
1.4347931e+03 3.7528154e-24
1.4381017e+03 3.7603637e-24
1.4414180e+03 3.7679326e-24
1.4447419e+03 3.7755224e-24
1.4480735e+03 3.7831330e-24
1.4514128e+03 3.7907644e-24
1.4547598e+03 3.7984168e-24
1.4581144e+03 3.8060902e-24
1.4614769e+03 3.8137848e-24
1.4648470e+03 3.8215007e-24
1.4682250e+03 3.8292381e-24
1.4716107e+03 3.8369976e-24
1.4750043e+03 3.8447804e-24
1.4784056e+03 3.8525894e-24
1.4818149e+03 3.8604363e-24
1.4852319e+03 3.8683980e-24
1.4886569e+03 3.8831475e-24
1.4920897e+03 3.8843246e-24
1.4955305e+03 3.8919488e-24
1.4989792e+03 3.8998340e-24
1.5024359e+03 3.9077687e-24
1.5059005e+03 3.9157322e-24
1.5093731e+03 3.9237200e-24
1.5128538e+03 3.9317306e-24
1.5163424e+03 3.9397634e-24
1.5198391e+03 3.9478182e-24
1.5233439e+03 3.9558949e-24
1.5268567e+03 3.9639935e-24
1.5303776e+03 3.9721138e-24
1.5339067e+03 3.9802560e-24
1.5374439e+03 3.9884200e-24
1.5409893e+03 3.9966060e-24
1.5445428e+03 4.0048138e-24
1.5481045e+03 4.0130436e-24
1.5516745e+03 4.0212954e-24
1.5552526e+03 4.0295693e-24
1.5588391e+03 4.0378652e-24
1.5624338e+03 4.0461832e-24
1.5660367e+03 4.0545233e-24
1.5696480e+03 4.0628857e-24
1.5732677e+03 4.0712703e-24
1.5768956e+03 4.0796771e-24
1.5805320e+03 4.0881063e-24
1.5841767e+03 4.0965578e-24
1.5878298e+03 4.1050318e-24
1.5914913e+03 4.1135282e-24
1.5951613e+03 4.1220470e-24
1.5988398e+03 4.1305884e-24
1.6025267e+03 4.1391524e-24
1.6062222e+03 4.1477390e-24
1.6099261e+03 4.1563482e-24
1.6136386e+03 4.1649801e-24
1.6173597e+03 4.1736348e-24
1.6210893e+03 4.1823123e-24
1.6248276e+03 4.1910126e-24
1.6285744e+03 4.1997358e-24
1.6323300e+03 4.2084820e-24
1.6360941e+03 4.2172511e-24
1.6398670e+03 4.2260432e-24
1.6436485e+03 4.2348583e-24
1.6474388e+03 4.2436966e-24
1.6512378e+03 4.2525580e-24
1.6550456e+03 4.2614426e-24
1.6588621e+03 4.2703504e-24
1.6626874e+03 4.2792815e-24
1.6665216e+03 4.2882360e-24
1.6703646e+03 4.2972138e-24
1.6742165e+03 4.3062151e-24
1.6780773e+03 4.3152398e-24
1.6819469e+03 4.3242880e-24
1.6858255e+03 4.3333597e-24
1.6897130e+03 4.3424551e-24
1.6936095e+03 4.3515742e-24
1.6975150e+03 4.3607169e-24
1.7014295e+03 4.3698833e-24
1.7053530e+03 4.3790736e-24
1.7092855e+03 4.3882877e-24
1.7132272e+03 4.3975257e-24
1.7171779e+03 4.4067876e-24
1.7211377e+03 4.4160735e-24
1.7251067e+03 4.4253834e-24
1.7290848e+03 4.4347174e-24
1.7330721e+03 4.4440755e-24
1.7370685e+03 4.4534577e-24
1.7410742e+03 4.4628642e-24
1.7450892e+03 4.4722950e-24
1.7491133e+03 4.4817500e-24
1.7531468e+03 4.4912295e-24
1.7571896e+03 4.5007333e-24
1.7612417e+03 4.5102616e-24
1.7653031e+03 4.5198144e-24
1.7693739e+03 4.5293917e-24
1.7734541e+03 4.5389937e-24
1.7775437e+03 4.5486203e-24
1.7816427e+03 4.5582716e-24
1.7857512e+03 4.5679477e-24
1.7898692e+03 4.5776486e-24
1.7939966e+03 4.5873743e-24
1.7981336e+03 4.5971249e-24
1.8022801e+03 4.6069005e-24
1.8064362e+03 4.6167010e-24
1.8106018e+03 4.6265266e-24
1.8147771e+03 4.6363774e-24
1.8189620e+03 4.6462532e-24
1.8231565e+03 4.6561543e-24
1.8273607e+03 4.6660806e-24
1.8315746e+03 4.6760323e-24
1.8357983e+03 4.6860093e-24
1.8400316e+03 4.6960117e-24
1.8442748e+03 4.7060395e-24
1.8485277e+03 4.7160929e-24
1.8527904e+03 4.7261718e-24
1.8570629e+03 4.7362763e-24
1.8613453e+03 4.7464065e-24
1.8656376e+03 4.7565624e-24
1.8699398e+03 4.7667441e-24
1.8742519e+03 4.7769516e-24
1.8785739e+03 4.7871850e-24
1.8829059e+03 4.7974443e-24
1.8872479e+03 4.8077296e-24
1.8915999e+03 4.8180409e-24
1.8959620e+03 4.8283783e-24
1.9003341e+03 4.8387418e-24
1.9047163e+03 4.8491315e-24
1.9091086e+03 4.8595475e-24
1.9135110e+03 4.8699898e-24
1.9179235e+03 4.8804584e-24
1.9223463e+03 4.8909534e-24
1.9267792e+03 4.9014749e-24
1.9312224e+03 4.9120230e-24
1.9356758e+03 4.9225976e-24
1.9401395e+03 4.9331988e-24
1.9446135e+03 4.9438267e-24
1.9490978e+03 4.9544814e-24
1.9535924e+03 4.9651630e-24
1.9580974e+03 4.9758715e-24
1.9626128e+03 4.9866071e-24
1.9671386e+03 4.9973701e-24
1.9716748e+03 5.0081611e-24
1.9762215e+03 5.0189828e-24
1.9807787e+03 5.0298535e-24
1.9853464e+03 5.0484603e-24
1.9899246e+03 5.0516335e-24
1.9945134e+03 5.0625200e-24
1.9991128e+03 5.0734658e-24
2.0037227e+03 5.0844432e-24
2.0083433e+03 5.0954493e-24
2.0129746e+03 5.1064834e-24
2.0176165e+03 5.1175453e-24
2.0222692e+03 5.1286349e-24
2.0269325e+03 5.1397522e-24
2.0316067e+03 5.1508973e-24
2.0362916e+03 5.1620703e-24
2.0409873e+03 5.1732711e-24
2.0456938e+03 5.1844998e-24
2.0504112e+03 5.1957565e-24
2.0551394e+03 5.2070413e-24
2.0598786e+03 5.2183542e-24
2.0646287e+03 5.2296951e-24
2.0693898e+03 5.2410643e-24
2.0741618e+03 5.2524618e-24
2.0789448e+03 5.2638876e-24
2.0837389e+03 5.2753418e-24
2.0885440e+03 5.2868244e-24
2.0933602e+03 5.2983355e-24
2.0981875e+03 5.3098752e-24
2.1030259e+03 5.3214435e-24
2.1078755e+03 5.3330404e-24
2.1127363e+03 5.3446661e-24
2.1176083e+03 5.3563206e-24
2.1224915e+03 5.3680040e-24
2.1273860e+03 5.3797163e-24
2.1322918e+03 5.3914575e-24
2.1372088e+03 5.4032278e-24
2.1421373e+03 5.4150272e-24
2.1470771e+03 5.4268558e-24
2.1520282e+03 5.4387136e-24
2.1569908e+03 5.4506006e-24
2.1619649e+03 5.4625170e-24
2.1669504e+03 5.4744629e-24
2.1719474e+03 5.4864381e-24
2.1769559e+03 5.4984430e-24
2.1819760e+03 5.5104774e-24
2.1870076e+03 5.5225414e-24
2.1920509e+03 5.5346352e-24
2.1971058e+03 5.5467588e-24
2.2021723e+03 5.5589122e-24
2.2072505e+03 5.5710955e-24
2.2123405e+03 5.5833088e-24
2.2174421e+03 5.5955521e-24
2.2225556e+03 5.6078256e-24
2.2276808e+03 5.6201291e-24
2.2328179e+03 5.6324629e-24
2.2379668e+03 5.6448270e-24
2.2431275e+03 5.6572215e-24
2.2483002e+03 5.6696463e-24
2.2534848e+03 5.6821017e-24
2.2586814e+03 5.6945875e-24
2.2638899e+03 5.7071040e-24
2.2691104e+03 5.7196512e-24
2.2743430e+03 5.7322291e-24
2.2795877e+03 5.7448378e-24
2.2848444e+03 5.7574774e-24
2.2901133e+03 5.7701479e-24
2.2953943e+03 5.7828495e-24
2.3006875e+03 5.7955821e-24
2.3059929e+03 5.8083458e-24
2.3113105e+03 5.8211407e-24
2.3166404e+03 5.8339669e-24
2.3219826e+03 5.8468245e-24
2.3273371e+03 5.8597134e-24
2.3327040e+03 5.8726338e-24
2.3380832e+03 5.8855857e-24
2.3434749e+03 5.8985693e-24
2.3488789e+03 5.9115845e-24
2.3542955e+03 5.9246314e-24
2.3597245e+03 5.9377102e-24
2.3651660e+03 5.9508208e-24
2.3706201e+03 5.9639634e-24
2.3760868e+03 5.9771379e-24
2.3815661e+03 5.9903446e-24
2.3870580e+03 6.0035834e-24
2.3925626e+03 6.0168544e-24
2.3980798e+03 6.0301577e-24
2.4036098e+03 6.0434934e-24
2.4091526e+03 6.0568615e-24
2.4147081e+03 6.0702621e-24
2.4202764e+03 6.0836952e-24
2.4258576e+03 6.0971610e-24
2.4314516e+03 6.1106595e-24
2.4370586e+03 6.1241908e-24
2.4426785e+03 6.1377549e-24
2.4483113e+03 6.1513520e-24
2.4539571e+03 6.1649822e-24
2.4596160e+03 6.1786455e-24
2.4652879e+03 6.1923422e-24
2.4709728e+03 6.2060733e-24
2.4766709e+03 6.2198458e-24
2.4823821e+03 6.2373377e-24
2.4881065e+03 6.2474684e-24
2.4938441e+03 6.2613238e-24
2.4995949e+03 6.2752188e-24
2.5053590e+03 6.2891483e-24
2.5111364e+03 6.3031119e-24
2.5169271e+03 6.3171093e-24
2.5227312e+03 6.3311406e-24
2.5285486e+03 6.3452059e-24
2.5343794e+03 6.3593052e-24
2.5402237e+03 6.3734386e-24
2.5460815e+03 6.3876061e-24
2.5519528e+03 6.4018078e-24
2.5578376e+03 6.4160438e-24
2.5637360e+03 6.4303142e-24
2.5696480e+03 6.4446191e-24
2.5755736e+03 6.4589584e-24
2.5815129e+03 6.4733324e-24
2.5874659e+03 6.4877410e-24
2.5934326e+03 6.5021844e-24
2.5994131e+03 6.5166625e-24
2.6054074e+03 6.5311756e-24
2.6114155e+03 6.5457236e-24
2.6174374e+03 6.5603067e-24
2.6234732e+03 6.5749249e-24
2.6295230e+03 6.5895783e-24
2.6355867e+03 6.6042669e-24
2.6416644e+03 6.6189910e-24
2.6477561e+03 6.6337504e-24
2.6538618e+03 6.6485453e-24
2.6599816e+03 6.6633758e-24
2.6661156e+03 6.6782420e-24
2.6722637e+03 6.6931439e-24
2.6784259e+03 6.7080817e-24
2.6846024e+03 6.7230553e-24
2.6907931e+03 6.7380649e-24
2.6969981e+03 6.7531105e-24
2.7032174e+03 6.7681923e-24
2.7094510e+03 6.7833102e-24
2.7156991e+03 6.7984645e-24
2.7219615e+03 6.8136551e-24
2.7282383e+03 6.8288821e-24
2.7345297e+03 6.8441457e-24
2.7408355e+03 6.8594459e-24
2.7471559e+03 6.8747828e-24
2.7534909e+03 6.8901564e-24
2.7598405e+03 6.9055669e-24
2.7662047e+03 6.9210143e-24
2.7725836e+03 6.9364987e-24
2.7789772e+03 6.9520202e-24
2.7853855e+03 6.9675789e-24
2.7918086e+03 6.9831748e-24
2.7982465e+03 6.9988080e-24
2.8046993e+03 7.0144787e-24
2.8111670e+03 7.0301868e-24
2.8176496e+03 7.0459325e-24
2.8241471e+03 7.0617159e-24
2.8306596e+03 7.0775370e-24
2.8371871e+03 7.0933960e-24
2.8437297e+03 7.1092929e-24
2.8502873e+03 7.1252277e-24
2.8568601e+03 7.1412006e-24
2.8634481e+03 7.1572117e-24
2.8700512e+03 7.1732610e-24
2.8766696e+03 7.1893487e-24
2.8833032e+03 7.2054748e-24
2.8899521e+03 7.2216393e-24
2.8966164e+03 7.2378425e-24
2.9032960e+03 7.2540843e-24
2.9099910e+03 7.2703649e-24
2.9167015e+03 7.2866843e-24
2.9234274e+03 7.3030426e-24
2.9301688e+03 7.3194399e-24
2.9369258e+03 7.3358764e-24
2.9436984e+03 7.3523520e-24
2.9504866e+03 7.3688669e-24
2.9572904e+03 7.3854213e-24
2.9641100e+03 7.4020155e-24
2.9709452e+03 7.4186510e-24
2.9777963e+03 7.4357863e-24
2.9846631e+03 7.4520376e-24
2.9915457e+03 7.4687863e-24
2.9984443e+03 7.4855779e-24
3.0053587e+03 7.5024098e-24
3.0122891e+03 7.5192819e-24
3.0192354e+03 7.5361942e-24
3.0261978e+03 7.5531467e-24
3.0331763e+03 7.5701395e-24
3.0401708e+03 7.5871728e-24
3.0471814e+03 7.6042466e-24
3.0542083e+03 7.6213609e-24
3.0612513e+03 7.6385159e-24
3.0683106e+03 7.6557117e-24
3.0753861e+03 7.6729484e-24
3.0824780e+03 7.6902260e-24
3.0895862e+03 7.7075447e-24
3.0967108e+03 7.7249044e-24
3.1038518e+03 7.7423054e-24
3.1110093e+03 7.7597478e-24
3.1181833e+03 7.7772315e-24
3.1253739e+03 7.7947567e-24
3.1325810e+03 7.8123235e-24
3.1398048e+03 7.8299320e-24
3.1470452e+03 7.8475822e-24
3.1543023e+03 7.8652743e-24
3.1615762e+03 7.8830084e-24
3.1688668e+03 7.9007846e-24
3.1761742e+03 7.9186028e-24
3.1834985e+03 7.9364634e-24
3.1908397e+03 7.9543662e-24
3.1981978e+03 7.9723115e-24
3.2055728e+03 7.9902993e-24
3.2129649e+03 8.0083297e-24
3.2203740e+03 8.0264028e-24
3.2278002e+03 8.0445188e-24
3.2352436e+03 8.0626776e-24
3.2427041e+03 8.0808794e-24
3.2501818e+03 8.0991243e-24
3.2576767e+03 8.1174124e-24
3.2651889e+03 8.1357438e-24
3.2727185e+03 8.1541186e-24
3.2802654e+03 8.1725369e-24
3.2878297e+03 8.1909987e-24
3.2954115e+03 8.2095042e-24
3.3030107e+03 8.2280535e-24
3.3106275e+03 8.2466466e-24
3.3182618e+03 8.2652837e-24
3.3259138e+03 8.2839648e-24
3.3335833e+03 8.3026902e-24
3.3412706e+03 8.3214597e-24
3.3489756e+03 8.3402737e-24
3.3566984e+03 8.3591321e-24
3.3644389e+03 8.3780350e-24
3.3721974e+03 8.3969826e-24
3.3799737e+03 8.4159750e-24
3.3877679e+03 8.4350122e-24
3.3955801e+03 8.4540944e-24
3.4034104e+03 8.4732216e-24
3.4112587e+03 8.4923940e-24
3.4191251e+03 8.5116116e-24
3.4270096e+03 8.5308747e-24
3.4349123e+03 8.5501831e-24
3.4428332e+03 8.5695372e-24
3.4507724e+03 8.5889370e-24
3.4587299e+03 8.6083826e-24
3.4667058e+03 8.6278751e-24
3.4747000e+03 8.7264735e-24
3.4827127e+03 8.6669957e-24
3.4907439e+03 8.6866241e-24
3.4987936e+03 8.7062997e-24
3.5068618e+03 8.7260219e-24
3.5149487e+03 8.7457905e-24
3.5230542e+03 8.7656058e-24
3.5311784e+03 8.7854678e-24
3.5393213e+03 8.8053765e-24
3.5474830e+03 8.8253322e-24
3.5556635e+03 8.8453349e-24
3.5638629e+03 8.8653847e-24
3.5720812e+03 8.8854818e-24
3.5803184e+03 8.9056261e-24
3.5885747e+03 8.9258179e-24
3.5968500e+03 8.9460573e-24
3.6051443e+03 8.9663443e-24
3.6134578e+03 8.9866790e-24
3.6217905e+03 9.0070616e-24
3.6301424e+03 9.0274922e-24
3.6385135e+03 9.0479708e-24
3.6469039e+03 9.0684977e-24
3.6553137e+03 9.0890728e-24
3.6637429e+03 9.1096963e-24
3.6721915e+03 9.1303684e-24
3.6806596e+03 9.1510890e-24
3.6891472e+03 9.1718584e-24
3.6976544e+03 9.1926766e-24
3.7061813e+03 9.2135438e-24
3.7147277e+03 9.2344600e-24
3.7232939e+03 9.2554254e-24
3.7318799e+03 9.2764401e-24
3.7404856e+03 9.2975041e-24
3.7491112e+03 9.3186177e-24
3.7577567e+03 9.3397809e-24
3.7664221e+03 9.3609938e-24
3.7751075e+03 9.3822565e-24
3.7838129e+03 9.4035692e-24
3.7925384e+03 9.4249319e-24
3.8012841e+03 9.4463448e-24
3.8100498e+03 9.4678080e-24
3.8188359e+03 9.4893216e-24
3.8276421e+03 9.5108857e-24
3.8364687e+03 9.5325004e-24
3.8453156e+03 9.5541659e-24
3.8541829e+03 9.5758822e-24
3.8630707e+03 9.5976495e-24
3.8719790e+03 9.6194679e-24
3.8809078e+03 9.6413375e-24
3.8898572e+03 9.6632584e-24
3.8988272e+03 9.6852307e-24
3.9078180e+03 9.7072545e-24
3.9168294e+03 9.7293301e-24
3.9258617e+03 9.7514574e-24
3.9349147e+03 9.7736366e-24
3.9439887e+03 9.7958678e-24
3.9530835e+03 9.8181513e-24
3.9621994e+03 9.8404874e-24
3.9713362e+03 9.8634190e-24
3.9804942e+03 9.8853157e-24
3.9896732e+03 9.9078083e-24
3.9988734e+03 9.9303539e-24
4.0080949e+03 9.9529525e-24
4.0173376e+03 9.9756040e-24
4.0266016e+03 9.9983087e-24
4.0358870e+03 1.0021066e-23
4.0451937e+03 1.0043878e-23
4.0545220e+03 1.0066742e-23
4.0638718e+03 1.0089660e-23
4.0732431e+03 1.0112632e-23
4.0826360e+03 1.0135658e-23
4.0920506e+03 1.0158737e-23
4.1014869e+03 1.0181871e-23
4.1109450e+03 1.0205059e-23
4.1204248e+03 1.0228301e-23
4.1299266e+03 1.0251597e-23
4.1394502e+03 1.0274948e-23
4.1489958e+03 1.0298354e-23
4.1585634e+03 1.0321814e-23
4.1681531e+03 1.0345330e-23
4.1777649e+03 1.0368900e-23
4.1873988e+03 1.0392526e-23
4.1970550e+03 1.0416206e-23
4.2067335e+03 1.0439943e-23
4.2164342e+03 1.0463734e-23
4.2261574e+03 1.0487582e-23
4.2359029e+03 1.0511485e-23
4.2456709e+03 1.0535444e-23
4.2554615e+03 1.0559459e-23
4.2652746e+03 1.0583530e-23
4.2751104e+03 1.0607658e-23
4.2849688e+03 1.0631842e-23
4.2948500e+03 1.0656083e-23
4.3047539e+03 1.0680380e-23
4.3146807e+03 1.0704734e-23
4.3246304e+03 1.0729145e-23
4.3346030e+03 1.0753613e-23
4.3445987e+03 1.0778138e-23
4.3546173e+03 1.0802720e-23
4.3646591e+03 1.0827360e-23
4.3747241e+03 1.0852058e-23
4.3848122e+03 1.0876813e-23
4.3949236e+03 1.0901626e-23
4.4050583e+03 1.0926497e-23
4.4152164e+03 1.0951426e-23
4.4253980e+03 1.0976414e-23
4.4356030e+03 1.1001460e-23
4.4458315e+03 1.1026564e-23
4.4560836e+03 1.1051727e-23
4.4663594e+03 1.1076992e-23
4.4766588e+03 1.1102229e-23
4.4869821e+03 1.1127569e-23
4.4973291e+03 1.1152967e-23
4.5076999e+03 1.1178425e-23
4.5180947e+03 1.1203943e-23
4.5285135e+03 1.1229520e-23
4.5389563e+03 1.1255156e-23
4.5494231e+03 1.1280853e-23
4.5599142e+03 1.1306610e-23
4.5704294e+03 1.1332426e-23
4.5809688e+03 1.1358303e-23
4.5915325e+03 1.1384240e-23
4.6021207e+03 1.1410238e-23
4.6127332e+03 1.1436297e-23
4.6233702e+03 1.1462416e-23
4.6340317e+03 1.1488596e-23
4.6447178e+03 1.1514837e-23
4.6554286e+03 1.1541140e-23
4.6661640e+03 1.1567504e-23
4.6769242e+03 1.1593929e-23
4.6877093e+03 1.1620416e-23
4.6985192e+03 1.1646965e-23
4.7093540e+03 1.1673575e-23
4.7202138e+03 1.1700248e-23
4.7310986e+03 1.1726983e-23
4.7420086e+03 1.1753780e-23
4.7529437e+03 1.1780640e-23
4.7639040e+03 1.1807562e-23
4.7748896e+03 1.1834547e-23
4.7859005e+03 1.1861595e-23
4.7969369e+03 1.1888706e-23
4.8079986e+03 1.1915880e-23
4.8190859e+03 1.1943118e-23
4.8301988e+03 1.1970419e-23
4.8413372e+03 1.1997783e-23
4.8525014e+03 1.2025212e-23
4.8636913e+03 1.2052704e-23
4.8749070e+03 1.2080260e-23
4.8861486e+03 1.2107881e-23
4.8974161e+03 1.2135566e-23
4.9087096e+03 1.2163315e-23
4.9200291e+03 1.2191129e-23
4.9313747e+03 1.2219008e-23
4.9427465e+03 1.2246952e-23
4.9541445e+03 1.2274961e-23
4.9655688e+03 1.2303040e-23
4.9770194e+03 1.2331175e-23
4.9884965e+03 1.2359379e-23
5.0000000e+03 1.2387650e-23
