5	1.1678e-22
5.0115	1.1354e-22
5.0231	1.1039e-22
5.0347	1.0734e-22
5.0463	1.0438e-22
5.0579	1.0152e-22
5.0696	9.8739e-23
5.0813	9.6045e-23
5.093	9.3431e-23
5.1047	9.0895e-23
5.1165	8.8436e-23
5.1283	8.6049e-23
5.1401	8.3733e-23
5.152	8.1485e-23
5.1639	7.9304e-23
5.1758	7.7186e-23
5.1877	7.5131e-23
5.1997	7.3135e-23
5.2117	7.1196e-23
5.2237	6.9314e-23
5.2357	6.7486e-23
5.2478	6.5711e-23
5.2599	6.3986e-23
5.272	6.231e-23
5.2842	6.0682e-23
5.2964	5.9101e-23
5.3086	5.7563e-23
5.3208	5.607e-23
5.3331	5.4618e-23
5.3454	5.3206e-23
5.3577	5.1834e-23
5.3701	5.0501e-23
5.3825	4.9204e-23
5.3949	4.7943e-23
5.4073	4.6717e-23
5.4198	4.5525e-23
5.4323	4.4365e-23
5.4448	4.3237e-23
5.4574	4.214e-23
5.4699	4.1073e-23
5.4826	4.0035e-23
5.4952	3.9025e-23
5.5079	3.8042e-23
5.5206	3.7086e-23
5.5333	3.6155e-23
5.5461	3.525e-23
5.5589	3.4369e-23
5.5717	3.3511e-23
5.5845	3.2676e-23
5.5974	3.1864e-23
5.6103	3.1073e-23
5.6232	3.0303e-23
5.6362	2.9553e-23
5.6492	2.8823e-23
5.6622	2.8112e-23
5.6753	2.742e-23
5.6884	2.6747e-23
5.7015	2.609e-23
5.7146	2.5451e-23
5.7278	2.4829e-23
5.741	2.4223e-23
5.7543	2.3632e-23
5.7675	2.3057e-23
5.7808	2.2497e-23
5.7942	2.1951e-23
5.8075	2.1419e-23
5.8209	2.0901e-23
5.8343	2.0397e-23
5.8478	1.9905e-23
5.8613	1.9426e-23
5.8748	1.8959e-23
5.8884	1.8504e-23
5.9019	1.8061e-23
5.9155	1.7629e-23
5.9292	1.7208e-23
5.9429	1.6797e-23
5.9566	1.6397e-23
5.9703	1.6007e-23
5.9841	1.5627e-23
5.9979	1.5257e-23
6.0117	1.4896e-23
6.0256	1.4544e-23
6.0394	1.4201e-23
6.0534	1.3866e-23
6.0673	1.354e-23
6.0813	1.3222e-23
6.0954	1.2912e-23
6.1094	1.261e-23
6.1235	1.2315e-23
6.1376	1.2027e-23
6.1518	1.1747e-23
6.166	1.1474e-23
6.1802	1.1207e-23
6.1944	1.0947e-23
6.2087	1.0694e-23
6.223	1.0447e-23
6.2374	1.0205e-23
6.2518	9.9703e-24
6.2662	9.741e-24
6.2806	9.5172e-24
6.2951	9.299e-24
6.3096	9.0862e-24
6.3242	8.8785e-24
6.3388	8.676e-24
6.3534	8.4784e-24
6.368	8.2857e-24
6.3827	8.0977e-24
6.3974	7.9143e-24
6.4122	7.7354e-24
6.427	7.5608e-24
6.4418	7.3905e-24
6.4566	7.2243e-24
6.4715	7.0622e-24
6.4865	6.904e-24
6.5014	6.7497e-24
6.5164	6.5992e-24
6.5314	6.4522e-24
6.5465	6.3089e-24
6.5616	6.169e-24
6.5767	6.0326e-24
6.5919	5.8994e-24
6.6071	5.7694e-24
6.6223	5.6426e-24
6.6376	5.5189e-24
6.6529	5.3982e-24
6.6682	5.2804e-24
6.6836	5.1654e-24
6.699	5.0532e-24
6.7145	4.9437e-24
6.73	4.8369e-24
6.7455	4.7326e-24
6.761	4.6309e-24
6.7766	4.5316e-24
6.7923	4.4347e-24
6.8079	4.3402e-24
6.8236	4.2479e-24
6.8394	4.1578e-24
6.8551	4.07e-24
6.8709	3.9842e-24
6.8868	3.9005e-24
6.9027	3.8188e-24
6.9186	3.7391e-24
6.9345	3.6614e-24
6.9505	3.5855e-24
6.9666	3.5114e-24
6.9826	3.4391e-24
6.9987	3.3686e-24
7.0149	3.2997e-24
7.031	3.2325e-24
7.0473	3.167e-24
7.0635	3.103e-24
7.0798	3.0406e-24
7.0961	2.9797e-24
7.1125	2.9202e-24
7.1289	2.8622e-24
7.1453	2.8056e-24
7.1618	2.7504e-24
7.1783	2.6965e-24
7.1949	2.6439e-24
7.2115	2.5926e-24
7.2281	2.5425e-24
7.2448	2.4937e-24
7.2615	2.446e-24
7.2782	2.3995e-24
7.295	2.3541e-24
7.3118	2.3099e-24
7.3287	2.2667e-24
7.3456	2.2245e-24
7.3625	2.1834e-24
7.3795	2.1433e-24
7.3965	2.1042e-24
7.4136	2.066e-24
7.4307	2.0288e-24
7.4478	1.9924e-24
7.465	1.957e-24
7.4822	1.9224e-24
7.4994	1.8887e-24
7.5167	1.8558e-24
7.5341	1.8237e-24
7.5514	1.7924e-24
7.5689	1.7618e-24
7.5863	1.7321e-24
7.6038	1.703e-24
7.6213	1.6747e-24
7.6389	1.647e-24
7.6565	1.6201e-24
7.6742	1.5938e-24
7.6919	1.5681e-24
7.7096	1.5431e-24
7.7274	1.5187e-24
7.7452	1.4949e-24
7.7631	1.4717e-24
7.781	1.449e-24
7.7989	1.4269e-24
7.8169	1.4054e-24
7.8349	1.3844e-24
7.853	1.3639e-24
7.8711	1.3439e-24
7.8893	1.3244e-24
7.9074	1.3054e-24
7.9257	1.2868e-24
7.944	1.2687e-24
7.9623	1.2511e-24
7.9806	1.2338e-24
7.999	1.217e-24
8.0175	1.2007e-24
8.036	1.1847e-24
8.0545	1.1691e-24
8.0731	1.1538e-24
8.0917	1.139e-24
8.1104	1.1245e-24
8.1291	1.1103e-24
8.1478	1.0965e-24
8.1666	1.083e-24
8.1854	1.0699e-24
8.2043	1.057e-24
8.2232	1.0445e-24
8.2422	1.0323e-24
8.2612	1.0203e-24
8.2802	1.0086e-24
8.2993	9.9724e-25
8.3185	9.861e-25
8.3377	9.7523e-25
8.3569	9.646e-25
8.3762	9.5422e-25
8.3955	9.4408e-25
8.4148	9.3417e-25
8.4342	9.2448e-25
8.4537	9.1501e-25
8.4732	9.0575e-25
8.4927	8.967e-25
8.5123	8.8784e-25
8.5319	8.7918e-25
8.5516	8.7071e-25
8.5713	8.6242e-25
8.5911	8.5431e-25
8.6109	8.4637e-25
8.6308	8.3859e-25
8.6507	8.3098e-25
8.6706	8.2353e-25
8.6906	8.1623e-25
8.7106	8.0908e-25
8.7307	8.0208e-25
8.7509	7.9521e-25
8.771	7.8848e-25
8.7913	7.8188e-25
8.8115	7.7541e-25
8.8319	7.6906e-25
8.8522	7.6284e-25
8.8726	7.5673e-25
8.8931	7.5074e-25
8.9136	7.4485e-25
8.9342	7.3907e-25
8.9548	7.334e-25
8.9754	7.2783e-25
8.9961	7.2235e-25
9.0169	7.1697e-25
9.0377	7.1168e-25
9.0585	7.0648e-25
9.0794	7.0137e-25
9.1003	6.9634e-25
9.1213	6.914e-25
9.1423	6.8653e-25
9.1634	6.8174e-25
9.1846	6.7702e-25
9.2057	6.7238e-25
9.227	6.6781e-25
9.2482	6.6331e-25
9.2696	6.5887e-25
9.2909	6.545e-25
9.3124	6.5019e-25
9.3338	6.4595e-25
9.3554	6.4176e-25
9.3769	6.3763e-25
9.3986	6.3355e-25
9.4202	6.2954e-25
9.442	6.2557e-25
9.4637	6.2166e-25
9.4856	6.1779e-25
9.5074	6.1398e-25
9.5294	6.1021e-25
9.5513	6.0649e-25
9.5734	6.0282e-25
9.5954	5.9919e-25
9.6176	5.956e-25
9.6397	5.9206e-25
9.662	5.8856e-25
9.6842	5.8509e-25
9.7066	5.8167e-25
9.729	5.7828e-25
9.7514	5.7494e-25
9.7739	5.7162e-25
9.7964	5.6835e-25
9.819	5.6511e-25
9.8417	5.619e-25
9.8643	5.5873e-25
9.8871	5.5558e-25
9.9099	5.5248e-25
9.9327	5.494e-25
9.9557	5.4635e-25
9.9786	5.4334e-25
10.002	5.4035e-25
10.025	5.3739e-25
10.048	5.3446e-25
10.071	5.3156e-25
10.094	5.2869e-25
10.117	5.2585e-25
10.141	5.2303e-25
10.164	5.2024e-25
10.188	5.1748e-25
10.211	5.1474e-25
10.235	5.1202e-25
10.258	5.0933e-25
10.282	5.0667e-25
10.306	5.0403e-25
10.329	5.0142e-25
10.353	4.9882e-25
10.377	4.9625e-25
10.401	4.9371e-25
10.425	4.9118e-25
10.449	4.8868e-25
10.473	4.862e-25
10.497	4.8375e-25
10.522	4.8131e-25
10.546	4.789e-25
10.57	4.765e-25
10.594	4.7413e-25
10.619	4.7178e-25
10.643	4.6945e-25
10.668	4.6714e-25
10.693	4.6485e-25
10.717	4.6258e-25
10.742	4.6033e-25
10.767	4.581e-25
10.791	4.5589e-25
10.816	4.537e-25
10.841	4.5153e-25
10.866	4.4938e-25
10.891	4.4725e-25
10.916	4.4513e-25
10.942	4.4304e-25
10.967	4.4096e-25
10.992	4.389e-25
11.018	4.3686e-25
11.043	4.3484e-25
11.068	4.3284e-25
11.094	4.3086e-25
11.12	4.2889e-25
11.145	4.2694e-25
11.171	4.2501e-25
11.197	4.231e-25
11.222	4.212e-25
11.248	4.1932e-25
11.274	4.1746e-25
11.3	4.1562e-25
11.326	4.1379e-25
11.352	4.1198e-25
11.379	4.1019e-25
11.405	4.0841e-25
11.431	4.0665e-25
11.458	4.0491e-25
11.484	4.0318e-25
11.51	4.0147e-25
11.537	3.9978e-25
11.564	3.981e-25
11.59	3.9644e-25
11.617	3.948e-25
11.644	3.9317e-25
11.671	3.9155e-25
11.697	3.8996e-25
11.724	3.8837e-25
11.752	3.8681e-25
11.779	3.8526e-25
11.806	3.8372e-25
11.833	3.822e-25
11.86	3.8069e-25
11.888	3.792e-25
11.915	3.7772e-25
11.943	3.7626e-25
11.97	3.7481e-25
11.998	3.7338e-25
12.025	3.7196e-25
12.053	3.7056e-25
12.081	3.6917e-25
12.109	3.6779e-25
12.137	3.6643e-25
12.165	3.6508e-25
12.193	3.6374e-25
12.221	3.6242e-25
12.249	3.6111e-25
12.277	3.5981e-25
12.306	3.5853e-25
12.334	3.5726e-25
12.362	3.5601e-25
12.391	3.5476e-25
12.419	3.5353e-25
12.448	3.5231e-25
12.477	3.511e-25
12.506	3.4991e-25
12.534	3.4873e-25
12.563	3.4756e-25
12.592	3.464e-25
12.621	3.4525e-25
12.65	3.4412e-25
12.68	3.4299e-25
12.709	3.4188e-25
12.738	3.4078e-25
12.767	3.3969e-25
12.797	3.3861e-25
12.826	3.3755e-25
12.856	3.3649e-25
12.886	3.3544e-25
12.915	3.3441e-25
12.945	3.3338e-25
12.975	3.3237e-25
13.005	3.3136e-25
13.035	3.3037e-25
13.065	3.2939e-25
13.095	3.2841e-25
13.125	3.2745e-25
13.156	3.2649e-25
13.186	3.2555e-25
13.216	3.2461e-25
13.247	3.2369e-25
13.277	3.2277e-25
13.308	3.2186e-25
13.339	3.2096e-25
13.369	3.2007e-25
13.4	3.1919e-25
13.431	3.1832e-25
13.462	3.1746e-25
13.493	3.166e-25
13.524	3.1576e-25
13.555	3.1492e-25
13.587	3.1409e-25
13.618	3.1327e-25
13.649	3.1246e-25
13.681	3.1165e-25
13.712	3.1085e-25
13.744	3.1006e-25
13.776	3.0928e-25
13.808	3.0851e-25
13.839	3.0774e-25
13.871	3.0698e-25
13.903	3.0623e-25
13.935	3.0549e-25
13.968	3.0475e-25
14	3.0402e-25
14.032	3.033e-25
14.064	3.0258e-25
14.097	3.0187e-25
14.129	3.0117e-25
14.162	3.0048e-25
14.195	2.9979e-25
14.227	2.9911e-25
14.26	2.9843e-25
14.293	2.9776e-25
14.326	2.971e-25
14.359	2.9644e-25
14.392	2.9579e-25
14.425	2.9515e-25
14.459	2.9451e-25
14.492	2.9388e-25
14.525	2.9325e-25
14.559	2.9263e-25
14.592	2.9202e-25
14.626	2.9141e-25
14.66	2.9081e-25
14.694	2.9021e-25
14.727	2.8962e-25
14.761	2.8903e-25
14.795	2.8845e-25
14.83	2.8788e-25
14.864	2.8731e-25
14.898	2.8675e-25
14.932	2.8619e-25
14.967	2.8563e-25
15.001	2.8508e-25
15.036	2.8454e-25
15.071	2.84e-25
15.105	2.8347e-25
15.14	2.8294e-25
15.175	2.8241e-25
15.21	2.8189e-25
15.245	2.8138e-25
15.28	2.8087e-25
15.316	2.8036e-25
15.351	2.7986e-25
15.386	2.7936e-25
15.422	2.7887e-25
15.457	2.7838e-25
15.493	2.779e-25
15.529	2.7742e-25
15.564	2.7695e-25
15.6	2.7648e-25
15.636	2.7601e-25
15.672	2.7555e-25
15.709	2.7509e-25
15.745	2.7463e-25
15.781	2.7418e-25
15.817	2.7374e-25
15.854	2.733e-25
15.89	2.7286e-25
15.927	2.7242e-25
15.964	2.7199e-25
16.001	2.7156e-25
16.038	2.7114e-25
16.075	2.7072e-25
16.112	2.7031e-25
16.149	2.6989e-25
16.186	2.6949e-25
16.223	2.6908e-25
16.261	2.6868e-25
16.298	2.6828e-25
16.336	2.6788e-25
16.374	2.6749e-25
16.411	2.6711e-25
16.449	2.6672e-25
16.487	2.6634e-25
16.525	2.6596e-25
16.563	2.6559e-25
16.601	2.6521e-25
16.64	2.6484e-25
16.678	2.6448e-25
16.716	2.6412e-25
16.755	2.6376e-25
16.794	2.634e-25
16.832	2.6305e-25
16.871	2.627e-25
16.91	2.6235e-25
16.949	2.62e-25
16.988	2.6166e-25
17.027	2.6132e-25
17.067	2.6099e-25
17.106	2.6065e-25
17.145	2.6032e-25
17.185	2.6e-25
17.225	2.5967e-25
17.264	2.5935e-25
17.304	2.5903e-25
17.344	2.5871e-25
17.384	2.584e-25
17.424	2.5808e-25
17.464	2.5777e-25
17.505	2.5747e-25
17.545	2.5716e-25
17.585	2.5686e-25
17.626	2.5656e-25
17.667	2.5626e-25
17.707	2.5597e-25
17.748	2.5568e-25
17.789	2.5539e-25
17.83	2.551e-25
17.871	2.5481e-25
17.912	2.5453e-25
17.954	2.5425e-25
17.995	2.5397e-25
18.037	2.5369e-25
18.078	2.5342e-25
18.12	2.5315e-25
18.162	2.5288e-25
18.204	2.5261e-25
18.246	2.5235e-25
18.288	2.5208e-25
18.33	2.5182e-25
18.372	2.5156e-25
18.414	2.513e-25
18.457	2.5105e-25
18.499	2.5079e-25
18.542	2.5054e-25
18.585	2.5029e-25
18.628	2.5005e-25
18.671	2.498e-25
18.714	2.4956e-25
18.757	2.4932e-25
18.8	2.4908e-25
18.844	2.4884e-25
18.887	2.486e-25
18.931	2.4837e-25
18.974	2.4813e-25
19.018	2.479e-25
19.062	2.4767e-25
19.106	2.4745e-25
19.15	2.4722e-25
19.194	2.47e-25
19.238	2.4678e-25
19.283	2.4655e-25
19.327	2.4634e-25
19.372	2.4612e-25
19.416	2.459e-25
19.461	2.4569e-25
19.506	2.4548e-25
19.551	2.4527e-25
19.596	2.4506e-25
19.641	2.4485e-25
19.686	2.4464e-25
19.732	2.4444e-25
19.777	2.4424e-25
19.823	2.4403e-25
19.869	2.4383e-25
19.915	2.4364e-25
19.96	2.4344e-25
20.006	2.4324e-25
20.053	2.4305e-25
20.099	2.4286e-25
20.145	2.4267e-25
20.192	2.4248e-25
20.238	2.4229e-25
20.285	2.421e-25
20.332	2.4191e-25
20.379	2.4173e-25
20.426	2.4155e-25
20.473	2.4137e-25
20.52	2.4118e-25
20.567	2.4101e-25
20.615	2.4083e-25
20.662	2.4065e-25
20.71	2.4048e-25
20.758	2.403e-25
20.805	2.4013e-25
20.853	2.3996e-25
20.901	2.3979e-25
20.95	2.3962e-25
20.998	2.3945e-25
21.046	2.3928e-25
21.095	2.3912e-25
21.144	2.3895e-25
21.192	2.3879e-25
21.241	2.3863e-25
21.29	2.3847e-25
21.339	2.3831e-25
21.389	2.3815e-25
21.438	2.3799e-25
21.487	2.3783e-25
21.537	2.3768e-25
21.586	2.3753e-25
21.636	2.3737e-25
21.686	2.3722e-25
21.736	2.3707e-25
21.786	2.3692e-25
21.837	2.3677e-25
21.887	2.3662e-25
21.937	2.3647e-25
21.988	2.3633e-25
22.039	2.3618e-25
22.089	2.3604e-25
22.14	2.359e-25
22.191	2.3575e-25
22.243	2.3561e-25
22.294	2.3547e-25
22.345	2.3533e-25
22.397	2.352e-25
22.449	2.3506e-25
22.5	2.3492e-25
22.552	2.3479e-25
22.604	2.3465e-25
22.656	2.3452e-25
22.709	2.3439e-25
22.761	2.3425e-25
22.813	2.3412e-25
22.866	2.3399e-25
22.919	2.3386e-25
22.972	2.3374e-25
23.025	2.3361e-25
23.078	2.3348e-25
23.131	2.3336e-25
23.184	2.3323e-25
23.238	2.3311e-25
23.291	2.3298e-25
23.345	2.3286e-25
23.399	2.3274e-25
23.453	2.3262e-25
23.507	2.325e-25
23.561	2.3238e-25
23.615	2.3226e-25
23.67	2.3214e-25
23.724	2.3203e-25
23.779	2.3191e-25
23.834	2.3179e-25
23.889	2.3168e-25
23.944	2.3157e-25
23.999	2.3145e-25
24.055	2.3134e-25
24.11	2.3123e-25
24.166	2.3112e-25
24.221	2.3101e-25
24.277	2.309e-25
24.333	2.3079e-25
24.389	2.3068e-25
24.446	2.3057e-25
24.502	2.3046e-25
24.558	2.3036e-25
24.615	2.3025e-25
24.672	2.3015e-25
24.729	2.3004e-25
24.786	2.2994e-25
24.843	2.2984e-25
24.9	2.2973e-25
24.958	2.2963e-25
25.015	2.2953e-25
25.073	2.2943e-25
25.131	2.2933e-25
25.189	2.2923e-25
25.247	2.2913e-25
25.305	2.2904e-25
25.363	2.2894e-25
25.422	2.2884e-25
25.48	2.2875e-25
25.539	2.2865e-25
25.598	2.2855e-25
25.657	2.2846e-25
25.716	2.2837e-25
25.776	2.2827e-25
25.835	2.2818e-25
25.895	2.2809e-25
25.954	2.28e-25
26.014	2.2791e-25
26.074	2.2782e-25
26.134	2.2773e-25
26.194	2.2764e-25
26.255	2.2755e-25
26.315	2.2746e-25
26.376	2.2737e-25
26.437	2.2728e-25
26.498	2.272e-25
26.559	2.2711e-25
26.62	2.2703e-25
26.682	2.2694e-25
26.743	2.2686e-25
26.805	2.2677e-25
26.867	2.2669e-25
26.929	2.2661e-25
26.991	2.2652e-25
27.053	2.2644e-25
27.115	2.2636e-25
27.178	2.2628e-25
27.241	2.262e-25
27.303	2.2612e-25
27.366	2.2604e-25
27.429	2.2596e-25
27.493	2.2588e-25
27.556	2.258e-25
27.62	2.2572e-25
27.683	2.2565e-25
27.747	2.2557e-25
27.811	2.2549e-25
27.875	2.2542e-25
27.94	2.2534e-25
28.004	2.2526e-25
28.069	2.2519e-25
28.133	2.2512e-25
28.198	2.2504e-25
28.263	2.2497e-25
28.328	2.2489e-25
28.394	2.2482e-25
28.459	2.2475e-25
28.525	2.2468e-25
28.591	2.2461e-25
28.656	2.2454e-25
28.723	2.2447e-25
28.789	2.2439e-25
28.855	2.2433e-25
28.922	2.2426e-25
28.988	2.2419e-25
29.055	2.2412e-25
29.122	2.2405e-25
29.189	2.2398e-25
29.257	2.2391e-25
29.324	2.2385e-25
29.392	2.2378e-25
29.46	2.2371e-25
29.528	2.2365e-25
29.596	2.2358e-25
29.664	2.2352e-25
29.732	2.2345e-25
29.801	2.2339e-25
29.87	2.2332e-25
29.938	2.2326e-25
30.007	2.232e-25
30.077	2.2313e-25
30.146	2.2307e-25
30.216	2.2301e-25
30.285	2.2295e-25
30.355	2.2288e-25
30.425	2.2282e-25
30.495	2.2276e-25
30.566	2.227e-25
30.636	2.2264e-25
30.707	2.2258e-25
30.777	2.2252e-25
30.848	2.2246e-25
30.92	2.224e-25
30.991	2.2234e-25
31.062	2.2228e-25
31.134	2.2223e-25
31.206	2.2217e-25
31.278	2.2211e-25
31.35	2.2205e-25
31.422	2.22e-25
31.495	2.2194e-25
31.567	2.2188e-25
31.64	2.2183e-25
31.713	2.2177e-25
31.786	2.2172e-25
31.859	2.2166e-25
31.933	2.2161e-25
32.007	2.2155e-25
32.08	2.215e-25
32.154	2.2144e-25
32.228	2.2139e-25
32.303	2.2134e-25
32.377	2.2128e-25
32.452	2.2123e-25
32.527	2.2118e-25
32.602	2.2113e-25
32.677	2.2107e-25
32.752	2.2102e-25
32.828	2.2097e-25
32.904	2.2092e-25
32.979	2.2087e-25
33.055	2.2082e-25
33.132	2.2077e-25
33.208	2.2072e-25
33.285	2.2067e-25
33.361	2.2062e-25
33.438	2.2057e-25
33.515	2.2052e-25
33.593	2.2047e-25
33.67	2.2042e-25
33.748	2.2037e-25
33.826	2.2033e-25
33.904	2.2028e-25
33.982	2.2023e-25
34.06	2.2018e-25
34.139	2.2014e-25
34.218	2.2009e-25
34.296	2.2004e-25
34.376	2.2e-25
34.455	2.1995e-25
34.534	2.199e-25
34.614	2.1986e-25
34.694	2.1981e-25
34.774	2.1977e-25
34.854	2.1972e-25
34.934	2.1968e-25
35.015	2.1963e-25
35.096	2.1959e-25
35.176	2.1955e-25
35.258	2.195e-25
35.339	2.1946e-25
35.42	2.1941e-25
35.502	2.1937e-25
35.584	2.1933e-25
35.666	2.1929e-25
35.748	2.1924e-25
35.831	2.192e-25
35.913	2.1916e-25
35.996	2.1912e-25
36.079	2.1908e-25
36.162	2.1903e-25
36.246	2.1899e-25
36.329	2.1895e-25
36.413	2.1891e-25
36.497	2.1887e-25
36.581	2.1883e-25
36.666	2.1879e-25
36.75	2.1875e-25
36.835	2.1871e-25
36.92	2.1867e-25
37.005	2.1863e-25
37.09	2.1859e-25
37.176	2.1855e-25
37.262	2.1851e-25
37.347	2.1847e-25
37.434	2.1844e-25
37.52	2.184e-25
37.606	2.1836e-25
37.693	2.1832e-25
37.78	2.1828e-25
37.867	2.1825e-25
37.955	2.1821e-25
38.042	2.1817e-25
38.13	2.1813e-25
38.218	2.181e-25
38.306	2.1806e-25
38.394	2.1802e-25
38.483	2.1799e-25
38.571	2.1795e-25
38.66	2.1792e-25
38.75	2.1788e-25
38.839	2.1784e-25
38.928	2.1781e-25
39.018	2.1777e-25
39.108	2.1774e-25
39.198	2.177e-25
39.289	2.1767e-25
39.379	2.1763e-25
39.47	2.176e-25
39.561	2.1756e-25
39.652	2.1753e-25
39.744	2.175e-25
39.836	2.1746e-25
39.927	2.1743e-25
40.019	2.174e-25
40.112	2.1736e-25
40.204	2.1733e-25
40.297	2.173e-25
40.39	2.1726e-25
40.483	2.1723e-25
40.576	2.172e-25
40.67	2.1717e-25
40.764	2.1713e-25
40.858	2.171e-25
40.952	2.1707e-25
41.046	2.1704e-25
41.141	2.1701e-25
41.236	2.1697e-25
41.331	2.1694e-25
41.426	2.1691e-25
41.522	2.1688e-25
41.618	2.1685e-25
41.714	2.1682e-25
41.81	2.1679e-25
41.906	2.1676e-25
42.003	2.1673e-25
42.1	2.167e-25
42.197	2.1667e-25
42.294	2.1664e-25
42.392	2.1661e-25
42.489	2.1658e-25
42.587	2.1655e-25
42.686	2.1652e-25
42.784	2.1649e-25
42.883	2.1646e-25
42.981	2.1643e-25
43.081	2.164e-25
43.18	2.1637e-25
43.28	2.1635e-25
43.379	2.1632e-25
43.479	2.1629e-25
43.58	2.1626e-25
43.68	2.1623e-25
43.781	2.1621e-25
43.882	2.1618e-25
43.983	2.1615e-25
44.084	2.1612e-25
44.186	2.1609e-25
44.288	2.1607e-25
44.39	2.1604e-25
44.492	2.1601e-25
44.595	2.1599e-25
44.698	2.1596e-25
44.801	2.1593e-25
44.904	2.1591e-25
45.008	2.1588e-25
45.112	2.1585e-25
45.216	2.1583e-25
45.32	2.158e-25
45.424	2.1578e-25
45.529	2.1575e-25
45.634	2.1572e-25
45.739	2.157e-25
45.845	2.1567e-25
45.951	2.1565e-25
46.057	2.1562e-25
46.163	2.156e-25
46.269	2.1557e-25
46.376	2.1555e-25
46.483	2.1552e-25
46.59	2.155e-25
46.697	2.1547e-25
46.805	2.1545e-25
46.913	2.1542e-25
47.021	2.154e-25
47.13	2.1538e-25
47.238	2.1535e-25
47.347	2.1533e-25
47.457	2.153e-25
47.566	2.1528e-25
47.676	2.1526e-25
47.786	2.1523e-25
47.896	2.1521e-25
48.006	2.1519e-25
48.117	2.1516e-25
48.228	2.1514e-25
48.339	2.1512e-25
48.451	2.151e-25
48.562	2.1507e-25
48.674	2.1505e-25
48.787	2.1503e-25
48.899	2.15e-25
49.012	2.1498e-25
49.125	2.1496e-25
49.238	2.1494e-25
49.352	2.1492e-25
49.465	2.1489e-25
49.579	2.1487e-25
49.694	2.1485e-25
49.808	2.1483e-25
49.923	2.1481e-25
50.038	2.1479e-25
50.154	2.1476e-25
50.269	2.1474e-25
50.385	2.1472e-25
50.502	2.147e-25
50.618	2.1468e-25
50.735	2.1466e-25
50.852	2.1464e-25
50.969	2.1462e-25
51.087	2.146e-25
51.204	2.1458e-25
51.322	2.1456e-25
51.441	2.1454e-25
51.559	2.1452e-25
51.678	2.1449e-25
51.797	2.1447e-25
51.917	2.1445e-25
52.037	2.1443e-25
52.157	2.1442e-25
52.277	2.144e-25
52.397	2.1438e-25
52.518	2.1436e-25
52.639	2.1434e-25
52.761	2.1432e-25
52.882	2.143e-25
53.004	2.1428e-25
53.127	2.1426e-25
53.249	2.1424e-25
53.372	2.1422e-25
53.495	2.142e-25
53.618	2.1418e-25
53.742	2.1417e-25
53.866	2.1415e-25
53.99	2.1413e-25
54.115	2.1411e-25
54.239	2.1409e-25
54.365	2.1407e-25
54.49	2.1405e-25
54.616	2.1404e-25
54.741	2.1402e-25
54.868	2.14e-25
54.994	2.1398e-25
55.121	2.1396e-25
55.248	2.1395e-25
55.376	2.1393e-25
55.503	2.1391e-25
55.631	2.1389e-25
55.76	2.1388e-25
55.888	2.1386e-25
56.017	2.1384e-25
56.146	2.1383e-25
56.276	2.1381e-25
56.405	2.1379e-25
56.535	2.1377e-25
56.666	2.1376e-25
56.797	2.1374e-25
56.928	2.1372e-25
57.059	2.1371e-25
57.19	2.1369e-25
57.322	2.1367e-25
57.454	2.1366e-25
57.587	2.1364e-25
57.72	2.1362e-25
57.853	2.1361e-25
57.986	2.1359e-25
58.12	2.1358e-25
58.254	2.1356e-25
58.388	2.1354e-25
58.523	2.1353e-25
58.658	2.1351e-25
58.793	2.135e-25
58.929	2.1348e-25
59.065	2.1346e-25
59.201	2.1345e-25
59.337	2.1343e-25
59.474	2.1342e-25
59.611	2.134e-25
59.749	2.1339e-25
59.887	2.1337e-25
60.025	2.1336e-25
60.163	2.1334e-25
60.302	2.1333e-25
60.441	2.1331e-25
60.58	2.133e-25
60.72	2.1328e-25
60.86	2.1327e-25
61	2.1325e-25
61.141	2.1324e-25
61.282	2.1322e-25
61.423	2.1321e-25
61.565	2.132e-25
61.707	2.1318e-25
61.849	2.1317e-25
61.992	2.1315e-25
62.135	2.1314e-25
62.278	2.1312e-25
62.422	2.1311e-25
62.566	2.131e-25
62.71	2.1308e-25
62.855	2.1307e-25
62.999	2.1305e-25
63.145	2.1304e-25
63.29	2.1303e-25
63.436	2.1301e-25
63.583	2.13e-25
63.729	2.1299e-25
63.876	2.1297e-25
64.023	2.1296e-25
64.171	2.1295e-25
64.319	2.1293e-25
64.467	2.1292e-25
64.616	2.1291e-25
64.765	2.1289e-25
64.914	2.1288e-25
65.064	2.1287e-25
65.214	2.1285e-25
65.365	2.1284e-25
65.515	2.1283e-25
65.666	2.1282e-25
65.818	2.128e-25
65.97	2.1279e-25
66.122	2.1278e-25
66.274	2.1277e-25
66.427	2.1275e-25
66.58	2.1274e-25
66.734	2.1273e-25
66.888	2.1272e-25
67.042	2.127e-25
67.196	2.1269e-25
67.351	2.1268e-25
67.507	2.1267e-25
67.662	2.1266e-25
67.818	2.1264e-25
67.975	2.1263e-25
68.132	2.1262e-25
68.289	2.1261e-25
68.446	2.126e-25
68.604	2.1259e-25
68.762	2.1257e-25
68.921	2.1256e-25
69.08	2.1255e-25
69.239	2.1254e-25
69.399	2.1253e-25
69.559	2.1252e-25
69.719	2.125e-25
69.88	2.1249e-25
70.041	2.1248e-25
70.202	2.1247e-25
70.364	2.1246e-25
70.527	2.1245e-25
70.689	2.1244e-25
70.852	2.1243e-25
71.016	2.1242e-25
71.179	2.1241e-25
71.344	2.1239e-25
71.508	2.1238e-25
71.673	2.1237e-25
71.838	2.1236e-25
72.004	2.1235e-25
72.17	2.1234e-25
72.336	2.1233e-25
72.503	2.1232e-25
72.67	2.1231e-25
72.838	2.123e-25
73.006	2.1229e-25
73.174	2.1228e-25
73.343	2.1227e-25
73.512	2.1226e-25
73.682	2.1225e-25
73.852	2.1224e-25
74.022	2.1223e-25
74.193	2.1222e-25
74.364	2.1221e-25
74.535	2.122e-25
74.707	2.1219e-25
74.879	2.1218e-25
75.052	2.1217e-25
75.225	2.1216e-25
75.399	2.1215e-25
75.572	2.1214e-25
75.747	2.1213e-25
75.921	2.1212e-25
76.096	2.1211e-25
76.272	2.121e-25
76.448	2.1209e-25
76.624	2.1208e-25
76.801	2.1208e-25
76.978	2.1207e-25
77.155	2.1206e-25
77.333	2.1205e-25
77.512	2.1204e-25
77.69	2.1203e-25
77.87	2.1202e-25
78.049	2.1201e-25
78.229	2.12e-25
78.409	2.1199e-25
78.59	2.1198e-25
78.772	2.1198e-25
78.953	2.1197e-25
79.135	2.1196e-25
79.318	2.1195e-25
79.501	2.1194e-25
79.684	2.1193e-25
79.868	2.1192e-25
80.052	2.1192e-25
80.236	2.1191e-25
80.421	2.119e-25
80.607	2.1189e-25
80.793	2.1188e-25
80.979	2.1187e-25
81.166	2.1187e-25
81.353	2.1186e-25
81.541	2.1185e-25
81.729	2.1184e-25
81.917	2.1183e-25
82.106	2.1183e-25
82.295	2.1182e-25
82.485	2.1181e-25
82.675	2.118e-25
82.866	2.1179e-25
83.057	2.1179e-25
83.249	2.1178e-25
83.441	2.1177e-25
83.633	2.1176e-25
83.826	2.1176e-25
84.019	2.1175e-25
84.213	2.1174e-25
84.407	2.1173e-25
84.602	2.1173e-25
84.797	2.1172e-25
84.992	2.1171e-25
85.188	2.117e-25
85.385	2.117e-25
85.582	2.1169e-25
85.779	2.1168e-25
85.977	2.1168e-25
86.175	2.1167e-25
86.374	2.1166e-25
86.573	2.1165e-25
86.773	2.1165e-25
86.973	2.1164e-25
87.173	2.1163e-25
87.374	2.1163e-25
87.576	2.1162e-25
87.778	2.1161e-25
87.98	2.1161e-25
88.183	2.116e-25
88.386	2.1159e-25
88.59	2.1159e-25
88.795	2.1158e-25
88.999	2.1157e-25
89.205	2.1157e-25
89.41	2.1156e-25
89.616	2.1155e-25
89.823	2.1155e-25
90.03	2.1154e-25
90.238	2.1153e-25
90.446	2.1153e-25
90.655	2.1152e-25
90.864	2.1152e-25
91.073	2.1151e-25
91.283	2.115e-25
91.494	2.115e-25
91.705	2.1149e-25
91.916	2.1148e-25
92.128	2.1148e-25
92.34	2.1147e-25
92.553	2.1147e-25
92.767	2.1146e-25
92.981	2.1146e-25
93.195	2.1145e-25
93.41	2.1144e-25
93.625	2.1144e-25
93.841	2.1143e-25
94.058	2.1143e-25
94.275	2.1142e-25
94.492	2.1142e-25
94.71	2.1141e-25
94.928	2.114e-25
95.147	2.114e-25
95.367	2.1139e-25
95.587	2.1139e-25
95.807	2.1138e-25
96.028	2.1138e-25
96.249	2.1137e-25
96.471	2.1137e-25
96.694	2.1136e-25
96.917	2.1136e-25
97.14	2.1135e-25
97.364	2.1135e-25
97.589	2.1134e-25
97.814	2.1134e-25
98.039	2.1133e-25
98.266	2.1133e-25
98.492	2.1132e-25
98.719	2.1132e-25
98.947	2.1131e-25
99.175	2.1131e-25
99.404	2.113e-25
99.633	2.113e-25
99.863	2.1129e-25
100.09	2.1129e-25
100.32	2.1128e-25
100.56	2.1128e-25
100.79	2.1128e-25
101.02	2.1127e-25
101.25	2.1127e-25
101.49	2.1126e-25
101.72	2.1126e-25
101.95	2.1125e-25
102.19	2.1125e-25
102.43	2.1124e-25
102.66	2.1124e-25
102.9	2.1124e-25
103.14	2.1123e-25
103.37	2.1123e-25
103.61	2.1122e-25
103.85	2.1122e-25
104.09	2.1122e-25
104.33	2.1121e-25
104.57	2.1121e-25
104.81	2.112e-25
105.05	2.112e-25
105.3	2.112e-25
105.54	2.1119e-25
105.78	2.1119e-25
106.03	2.1119e-25
106.27	2.1118e-25
106.52	2.1118e-25
106.76	2.1117e-25
107.01	2.1117e-25
107.25	2.1117e-25
107.5	2.1116e-25
107.75	2.1116e-25
108	2.1116e-25
108.25	2.1115e-25
108.5	2.1115e-25
108.75	2.1115e-25
109	2.1114e-25
109.25	2.1114e-25
109.5	2.1114e-25
109.75	2.1113e-25
110.01	2.1113e-25
110.26	2.1113e-25
110.51	2.1112e-25
110.77	2.1112e-25
111.02	2.1112e-25
111.28	2.1112e-25
111.54	2.1111e-25
111.79	2.1111e-25
112.05	2.1111e-25
112.31	2.111e-25
112.57	2.111e-25
112.83	2.111e-25
113.09	2.111e-25
113.35	2.1109e-25
113.61	2.1109e-25
113.87	2.1109e-25
114.14	2.1109e-25
114.4	2.1108e-25
114.66	2.1108e-25
114.93	2.1108e-25
115.19	2.1108e-25
115.46	2.1107e-25
115.72	2.1107e-25
115.99	2.1107e-25
116.26	2.1107e-25
116.53	2.1106e-25
116.8	2.1106e-25
117.06	2.1106e-25
117.33	2.1106e-25
117.61	2.1106e-25
117.88	2.1105e-25
118.15	2.1105e-25
118.42	2.1105e-25
118.69	2.1105e-25
118.97	2.1105e-25
119.24	2.1104e-25
119.52	2.1104e-25
119.79	2.1104e-25
120.07	2.1104e-25
120.35	2.1104e-25
120.62	2.1104e-25
120.9	2.1103e-25
121.18	2.1103e-25
121.46	2.1103e-25
121.74	2.1103e-25
122.02	2.1103e-25
122.3	2.1103e-25
122.58	2.1102e-25
122.87	2.1102e-25
123.15	2.1102e-25
123.43	2.1102e-25
123.72	2.1102e-25
124	2.1102e-25
124.29	2.1102e-25
124.58	2.1102e-25
124.86	2.1101e-25
125.15	2.1101e-25
125.44	2.1101e-25
125.73	2.1101e-25
126.02	2.1101e-25
126.31	2.1101e-25
126.6	2.1101e-25
126.89	2.1101e-25
127.19	2.1101e-25
127.48	2.1101e-25
127.77	2.1101e-25
128.07	2.11e-25
128.36	2.11e-25
128.66	2.11e-25
128.96	2.11e-25
129.25	2.11e-25
129.55	2.11e-25
129.85	2.11e-25
130.15	2.11e-25
130.45	2.11e-25
130.75	2.11e-25
131.05	2.11e-25
131.35	2.11e-25
131.66	2.11e-25
131.96	2.11e-25
132.26	2.11e-25
132.57	2.11e-25
132.88	2.11e-25
133.18	2.11e-25
133.49	2.11e-25
133.8	2.11e-25
134.11	2.11e-25
134.41	2.11e-25
134.72	2.11e-25
135.04	2.11e-25
135.35	2.11e-25
135.66	2.11e-25
135.97	2.11e-25
136.29	2.11e-25
136.6	2.11e-25
136.91	2.11e-25
137.23	2.11e-25
137.55	2.11e-25
137.86	2.11e-25
138.18	2.11e-25
138.5	2.11e-25
138.82	2.11e-25
139.14	2.11e-25
139.46	2.1101e-25
139.78	2.1101e-25
140.1	2.1101e-25
140.43	2.1101e-25
140.75	2.1101e-25
141.08	2.1101e-25
141.4	2.1101e-25
141.73	2.1101e-25
142.05	2.1101e-25
142.38	2.1101e-25
142.71	2.1102e-25
143.04	2.1102e-25
143.37	2.1102e-25
143.7	2.1102e-25
144.03	2.1102e-25
144.36	2.1102e-25
144.7	2.1102e-25
145.03	2.1102e-25
145.36	2.1103e-25
145.7	2.1103e-25
146.04	2.1103e-25
146.37	2.1103e-25
146.71	2.1103e-25
147.05	2.1103e-25
147.39	2.1104e-25
147.73	2.1104e-25
148.07	2.1104e-25
148.41	2.1104e-25
148.75	2.1104e-25
149.09	2.1104e-25
149.44	2.1105e-25
149.78	2.1105e-25
150.13	2.1105e-25
150.47	2.1105e-25
150.82	2.1106e-25
151.17	2.1106e-25
151.52	2.1106e-25
151.87	2.1106e-25
152.22	2.1106e-25
152.57	2.1107e-25
152.92	2.1107e-25
153.27	2.1107e-25
153.63	2.1107e-25
153.98	2.1108e-25
154.34	2.1108e-25
154.69	2.1108e-25
155.05	2.1108e-25
155.41	2.1109e-25
155.76	2.1109e-25
156.12	2.1109e-25
156.48	2.111e-25
156.84	2.111e-25
157.21	2.111e-25
157.57	2.111e-25
157.93	2.1111e-25
158.3	2.1111e-25
158.66	2.1111e-25
159.03	2.1112e-25
159.39	2.1112e-25
159.76	2.1112e-25
160.13	2.1113e-25
160.5	2.1113e-25
160.87	2.1113e-25
161.24	2.1114e-25
161.61	2.1114e-25
161.98	2.1114e-25
162.36	2.1115e-25
162.73	2.1115e-25
163.11	2.1116e-25
163.48	2.1116e-25
163.86	2.1116e-25
164.24	2.1117e-25
164.62	2.1117e-25
165	2.1117e-25
165.38	2.1118e-25
165.76	2.1118e-25
166.14	2.1119e-25
166.52	2.1119e-25
166.91	2.112e-25
167.29	2.112e-25
167.68	2.112e-25
168.07	2.1121e-25
168.45	2.1121e-25
168.84	2.1122e-25
169.23	2.1122e-25
169.62	2.1123e-25
170.01	2.1123e-25
170.4	2.1124e-25
170.8	2.1124e-25
171.19	2.1124e-25
171.59	2.1125e-25
171.98	2.1125e-25
172.38	2.1126e-25
172.78	2.1126e-25
173.17	2.1127e-25
173.57	2.1127e-25
173.97	2.1128e-25
174.37	2.1128e-25
174.78	2.1129e-25
175.18	2.113e-25
175.58	2.113e-25
175.99	2.1131e-25
176.39	2.1131e-25
176.8	2.1132e-25
177.21	2.1132e-25
177.62	2.1133e-25
178.03	2.1133e-25
178.44	2.1134e-25
178.85	2.1134e-25
179.26	2.1135e-25
179.68	2.1136e-25
180.09	2.1136e-25
180.5	2.1137e-25
180.92	2.1137e-25
181.34	2.1138e-25
181.76	2.1139e-25
182.18	2.1139e-25
182.6	2.114e-25
183.02	2.1141e-25
183.44	2.1141e-25
183.86	2.1142e-25
184.29	2.1143e-25
184.71	2.1143e-25
185.14	2.1144e-25
185.56	2.1144e-25
185.99	2.1145e-25
186.42	2.1146e-25
186.85	2.1147e-25
187.28	2.1147e-25
187.71	2.1148e-25
188.15	2.1149e-25
188.58	2.1149e-25
189.01	2.115e-25
189.45	2.1151e-25
189.89	2.1151e-25
190.33	2.1152e-25
190.76	2.1153e-25
191.2	2.1154e-25
191.65	2.1154e-25
192.09	2.1155e-25
192.53	2.1156e-25
192.97	2.1157e-25
193.42	2.1158e-25
193.87	2.1158e-25
194.31	2.1159e-25
194.76	2.116e-25
195.21	2.1161e-25
195.66	2.1161e-25
196.11	2.1162e-25
196.56	2.1163e-25
197.02	2.1164e-25
197.47	2.1165e-25
197.93	2.1166e-25
198.38	2.1166e-25
198.84	2.1167e-25
199.3	2.1168e-25
199.76	2.1169e-25
200.22	2.117e-25
200.68	2.1171e-25
201.14	2.1172e-25
201.61	2.1173e-25
202.07	2.1173e-25
202.54	2.1174e-25
203	2.1175e-25
203.47	2.1176e-25
203.94	2.1177e-25
204.41	2.1178e-25
204.88	2.1179e-25
205.36	2.118e-25
205.83	2.1181e-25
206.3	2.1182e-25
206.78	2.1183e-25
207.26	2.1184e-25
207.73	2.1185e-25
208.21	2.1186e-25
208.69	2.1187e-25
209.18	2.1188e-25
209.66	2.1189e-25
210.14	2.119e-25
210.63	2.1191e-25
211.11	2.1192e-25
211.6	2.1193e-25
212.09	2.1194e-25
212.58	2.1195e-25
213.07	2.1196e-25
213.56	2.1197e-25
214.05	2.1198e-25
214.54	2.1199e-25
215.04	2.12e-25
215.53	2.1202e-25
216.03	2.1203e-25
216.53	2.1204e-25
217.03	2.1205e-25
217.53	2.1206e-25
218.03	2.1207e-25
218.53	2.1208e-25
219.04	2.121e-25
219.54	2.1211e-25
220.05	2.1212e-25
220.56	2.1213e-25
221.06	2.1214e-25
221.57	2.1216e-25
222.08	2.1217e-25
222.6	2.1218e-25
223.11	2.1219e-25
223.62	2.1221e-25
224.14	2.1222e-25
224.66	2.1223e-25
225.18	2.1224e-25
225.69	2.1226e-25
226.22	2.1227e-25
226.74	2.1228e-25
227.26	2.123e-25
227.78	2.1231e-25
228.31	2.1233e-25
228.84	2.1234e-25
229.36	2.1236e-25
229.89	2.1237e-25
230.42	2.1239e-25
230.95	2.1241e-25
231.49	2.1242e-25
232.02	2.1244e-25
232.56	2.1246e-25
233.09	2.1249e-25
233.63	2.1251e-25
234.17	2.1254e-25
234.71	2.1258e-25
235.25	2.1263e-25
235.79	2.1271e-25
236.34	2.1285e-25
236.88	2.1313e-25
237.43	2.1396e-25
237.97	2.1913e-25
238.52	3.6958e-25
239.07	2.1615e-25
239.62	2.1362e-25
240.18	2.1309e-25
240.73	2.129e-25
241.29	2.1282e-25
241.84	2.1278e-25
242.4	2.1276e-25
242.96	2.1276e-25
243.52	2.1276e-25
244.08	2.1277e-25
244.64	2.1277e-25
245.21	2.1278e-25
245.77	2.1279e-25
246.34	2.1281e-25
246.91	2.1282e-25
247.48	2.1283e-25
248.05	2.1285e-25
248.62	2.1286e-25
249.19	2.1288e-25
249.77	2.1289e-25
250.34	2.1291e-25
250.92	2.1292e-25
251.5	2.1294e-25
252.08	2.1296e-25
252.66	2.1297e-25
253.24	2.1299e-25
253.83	2.1301e-25
254.41	2.1302e-25
255	2.1304e-25
255.59	2.1306e-25
256.18	2.1307e-25
256.77	2.1309e-25
257.36	2.1311e-25
257.95	2.1313e-25
258.55	2.1314e-25
259.14	2.1316e-25
259.74	2.1318e-25
260.34	2.132e-25
260.94	2.1322e-25
261.54	2.1324e-25
262.15	2.1325e-25
262.75	2.1327e-25
263.36	2.1329e-25
263.96	2.1331e-25
264.57	2.1333e-25
265.18	2.1335e-25
265.79	2.1337e-25
266.41	2.1339e-25
267.02	2.1341e-25
267.64	2.1343e-25
268.25	2.1345e-25
268.87	2.1347e-25
269.49	2.1349e-25
270.11	2.1351e-25
270.74	2.1353e-25
271.36	2.1355e-25
271.99	2.1357e-25
272.61	2.1359e-25
273.24	2.1361e-25
273.87	2.1363e-25
274.5	2.1365e-25
275.14	2.1367e-25
275.77	2.1369e-25
276.41	2.1371e-25
277.05	2.1373e-25
277.68	2.1375e-25
278.32	2.1378e-25
278.97	2.138e-25
279.61	2.1382e-25
280.25	2.1384e-25
280.9	2.1386e-25
281.55	2.1389e-25
282.2	2.1391e-25
282.85	2.1393e-25
283.5	2.1395e-25
284.15	2.1398e-25
284.81	2.14e-25
285.47	2.1402e-25
286.13	2.1404e-25
286.78	2.1407e-25
287.45	2.1409e-25
288.11	2.1412e-25
288.77	2.1414e-25
289.44	2.1416e-25
290.11	2.1419e-25
290.78	2.1421e-25
291.45	2.1423e-25
292.12	2.1426e-25
292.79	2.1428e-25
293.47	2.1431e-25
294.14	2.1433e-25
294.82	2.1436e-25
295.5	2.1438e-25
296.18	2.1441e-25
296.87	2.1443e-25
297.55	2.1446e-25
298.24	2.1448e-25
298.92	2.1451e-25
299.61	2.1453e-25
300.31	2.1456e-25
301	2.1459e-25
301.69	2.1461e-25
302.39	2.1464e-25
303.08	2.1467e-25
303.78	2.1469e-25
304.48	2.1472e-25
305.19	2.1475e-25
305.89	2.1477e-25
306.6	2.148e-25
307.3	2.1483e-25
308.01	2.1486e-25
308.72	2.1488e-25
309.43	2.1491e-25
310.15	2.1494e-25
310.86	2.1497e-25
311.58	2.15e-25
312.3	2.1502e-25
313.02	2.1505e-25
313.74	2.1508e-25
314.46	2.1511e-25
315.19	2.1514e-25
315.91	2.1517e-25
316.64	2.152e-25
317.37	2.1523e-25
318.11	2.1526e-25
318.84	2.1529e-25
319.57	2.1532e-25
320.31	2.1535e-25
321.05	2.1538e-25
321.79	2.1541e-25
322.53	2.1544e-25
323.28	2.1547e-25
324.02	2.155e-25
324.77	2.1553e-25
325.52	2.1556e-25
326.27	2.156e-25
327.02	2.1563e-25
327.77	2.1566e-25
328.53	2.1569e-25
329.29	2.1572e-25
330.05	2.1576e-25
330.81	2.1579e-25
331.57	2.1582e-25
332.34	2.1585e-25
333.1	2.1589e-25
333.87	2.1592e-25
334.64	2.1595e-25
335.41	2.1599e-25
336.19	2.1602e-25
336.96	2.1605e-25
337.74	2.1609e-25
338.52	2.1612e-25
339.3	2.1616e-25
340.08	2.1619e-25
340.86	2.1623e-25
341.65	2.1626e-25
342.44	2.163e-25
343.23	2.1633e-25
344.02	2.1637e-25
344.81	2.164e-25
345.61	2.1644e-25
346.4	2.1648e-25
347.2	2.1651e-25
348	2.1655e-25
348.81	2.1659e-25
349.61	2.1662e-25
350.42	2.1666e-25
351.23	2.167e-25
352.04	2.1674e-25
352.85	2.1677e-25
353.66	2.1681e-25
354.48	2.1685e-25
355.29	2.1689e-25
356.11	2.1693e-25
356.93	2.1697e-25
357.76	2.17e-25
358.58	2.1704e-25
359.41	2.1708e-25
360.24	2.1712e-25
361.07	2.1716e-25
361.9	2.172e-25
362.74	2.1724e-25
363.57	2.1728e-25
364.41	2.1732e-25
365.25	2.1736e-25
366.09	2.1741e-25
366.94	2.1745e-25
367.78	2.1749e-25
368.63	2.1753e-25
369.48	2.1757e-25
370.33	2.1761e-25
371.19	2.1766e-25
372.04	2.177e-25
372.9	2.1774e-25
373.76	2.1778e-25
374.62	2.1783e-25
375.49	2.1787e-25
376.35	2.1792e-25
377.22	2.1796e-25
378.09	2.18e-25
378.96	2.1805e-25
379.84	2.1809e-25
380.71	2.1814e-25
381.59	2.1818e-25
382.47	2.1823e-25
383.35	2.1827e-25
384.24	2.1832e-25
385.12	2.1837e-25
386.01	2.1841e-25
386.9	2.1846e-25
387.79	2.185e-25
388.69	2.1855e-25
389.58	2.186e-25
390.48	2.1865e-25
391.38	2.1869e-25
392.28	2.1874e-25
393.19	2.1879e-25
394.1	2.1884e-25
395	2.1889e-25
395.92	2.1894e-25
396.83	2.1899e-25
397.74	2.1904e-25
398.66	2.1909e-25
399.58	2.1914e-25
400.5	2.1919e-25
401.43	2.1924e-25
402.35	2.1929e-25
403.28	2.1934e-25
404.21	2.1939e-25
405.14	2.1944e-25
406.08	2.1949e-25
407.01	2.1955e-25
407.95	2.196e-25
408.89	2.1965e-25
409.83	2.197e-25
410.78	2.1976e-25
411.73	2.1981e-25
412.68	2.1986e-25
413.63	2.1992e-25
414.58	2.1997e-25
415.54	2.2003e-25
416.5	2.2008e-25
417.46	2.2014e-25
418.42	2.2019e-25
419.38	2.2025e-25
420.35	2.203e-25
421.32	2.2036e-25
422.29	2.2042e-25
423.27	2.2047e-25
424.24	2.2053e-25
425.22	2.2059e-25
426.2	2.2065e-25
427.18	2.2071e-25
428.17	2.2076e-25
429.16	2.2082e-25
430.15	2.2088e-25
431.14	2.2094e-25
432.13	2.21e-25
433.13	2.2106e-25
434.13	2.2112e-25
435.13	2.2118e-25
436.13	2.2124e-25
437.14	2.213e-25
438.14	2.2137e-25
439.16	2.2143e-25
440.17	2.2149e-25
441.18	2.2155e-25
442.2	2.2161e-25
443.22	2.2168e-25
444.24	2.2174e-25
445.27	2.218e-25
446.29	2.2187e-25
447.32	2.2193e-25
448.35	2.22e-25
449.39	2.2206e-25
450.42	2.2213e-25
451.46	2.2219e-25
452.5	2.2226e-25
453.55	2.2233e-25
454.59	2.2239e-25
455.64	2.2246e-25
456.69	2.2253e-25
457.75	2.226e-25
458.8	2.2266e-25
459.86	2.2273e-25
460.92	2.228e-25
461.98	2.2287e-25
463.05	2.2294e-25
464.12	2.2301e-25
465.19	2.2308e-25
466.26	2.2315e-25
467.33	2.2322e-25
468.41	2.233e-25
469.49	2.2337e-25
470.57	2.2344e-25
471.66	2.2352e-25
472.75	2.2359e-25
473.84	2.2368e-25
474.93	2.2378e-25
476.02	2.2407e-25
477.12	2.2703e-25
478.22	2.2406e-25
479.33	2.2406e-25
480.43	2.2412e-25
481.54	2.2419e-25
482.65	2.2426e-25
483.76	2.2434e-25
484.88	2.2441e-25
486	2.2449e-25
487.12	2.2457e-25
488.24	2.2465e-25
489.37	2.2472e-25
490.49	2.248e-25
491.63	2.2488e-25
492.76	2.2496e-25
493.9	2.2504e-25
495.03	2.2512e-25
496.18	2.252e-25
497.32	2.2529e-25
498.47	2.2537e-25
499.62	2.2545e-25
500.77	2.2553e-25
501.92	2.2562e-25
503.08	2.257e-25
504.24	2.2578e-25
505.4	2.2587e-25
506.57	2.2595e-25
507.74	2.2604e-25
508.91	2.2612e-25
510.08	2.2621e-25
511.26	2.263e-25
512.44	2.2639e-25
513.62	2.2647e-25
514.8	2.2656e-25
515.99	2.2665e-25
517.18	2.2674e-25
518.37	2.2683e-25
519.57	2.2692e-25
520.77	2.2701e-25
521.97	2.271e-25
523.17	2.2719e-25
524.38	2.2728e-25
525.59	2.2737e-25
526.8	2.2747e-25
528.01	2.2756e-25
529.23	2.2765e-25
530.45	2.2775e-25
531.67	2.2784e-25
532.9	2.2794e-25
534.13	2.2803e-25
535.36	2.2813e-25
536.6	2.2823e-25
537.83	2.2832e-25
539.07	2.2842e-25
540.32	2.2852e-25
541.56	2.2862e-25
542.81	2.2872e-25
544.06	2.2882e-25
545.32	2.2892e-25
546.57	2.2902e-25
547.84	2.2912e-25
549.1	2.2922e-25
550.36	2.2932e-25
551.63	2.2943e-25
552.91	2.2953e-25
554.18	2.2963e-25
555.46	2.2974e-25
556.74	2.2984e-25
558.02	2.2995e-25
559.31	2.3005e-25
560.6	2.3016e-25
561.89	2.3027e-25
563.19	2.3038e-25
564.49	2.3048e-25
565.79	2.3059e-25
567.09	2.307e-25
568.4	2.3081e-25
569.71	2.3092e-25
571.03	2.3103e-25
572.34	2.3115e-25
573.66	2.3126e-25
574.99	2.3137e-25
576.31	2.3148e-25
577.64	2.316e-25
578.97	2.3171e-25
580.31	2.3183e-25
581.65	2.3194e-25
582.99	2.3206e-25
584.33	2.3218e-25
585.68	2.3229e-25
587.03	2.3241e-25
588.38	2.3253e-25
589.74	2.3265e-25
591.1	2.3277e-25
592.46	2.3289e-25
593.83	2.3301e-25
595.2	2.3313e-25
596.57	2.3326e-25
597.95	2.3338e-25
599.33	2.335e-25
600.71	2.3363e-25
602.09	2.3375e-25
603.48	2.3388e-25
604.87	2.34e-25
606.27	2.3413e-25
607.67	2.3426e-25
609.07	2.3439e-25
610.47	2.3452e-25
611.88	2.3464e-25
613.29	2.3478e-25
614.7	2.3491e-25
616.12	2.3504e-25
617.54	2.3517e-25
618.97	2.353e-25
620.39	2.3544e-25
621.83	2.3557e-25
623.26	2.3571e-25
624.7	2.3584e-25
626.14	2.3598e-25
627.58	2.3612e-25
629.03	2.3625e-25
630.48	2.3639e-25
631.93	2.3653e-25
633.39	2.3667e-25
634.85	2.3681e-25
636.31	2.3695e-25
637.78	2.371e-25
639.25	2.3724e-25
640.73	2.3738e-25
642.2	2.3753e-25
643.68	2.3767e-25
645.17	2.3782e-25
646.66	2.3796e-25
648.15	2.3811e-25
649.64	2.3826e-25
651.14	2.3841e-25
652.64	2.3856e-25
654.15	2.3871e-25
655.66	2.3886e-25
657.17	2.3901e-25
658.68	2.3917e-25
660.2	2.3932e-25
661.72	2.3947e-25
663.25	2.3963e-25
664.78	2.3979e-25
666.31	2.3994e-25
667.85	2.401e-25
669.39	2.4026e-25
670.93	2.4042e-25
672.48	2.4058e-25
674.03	2.4074e-25
675.59	2.409e-25
677.14	2.4106e-25
678.7	2.4123e-25
680.27	2.4139e-25
681.84	2.4156e-25
683.41	2.4172e-25
684.99	2.4189e-25
686.57	2.4206e-25
688.15	2.4223e-25
689.74	2.424e-25
691.33	2.4257e-25
692.92	2.4274e-25
694.52	2.4291e-25
696.12	2.4308e-25
697.73	2.4326e-25
699.33	2.4343e-25
700.95	2.4361e-25
702.56	2.4379e-25
704.18	2.4396e-25
705.81	2.4414e-25
707.44	2.4432e-25
709.07	2.445e-25
710.7	2.4469e-25
712.34	2.4487e-25
713.98	2.4508e-25
715.63	2.4582e-25
717.28	2.4543e-25
718.93	2.4561e-25
720.59	2.4579e-25
722.25	2.4598e-25
723.92	2.4617e-25
725.59	2.4636e-25
727.26	2.4655e-25
728.94	2.4674e-25
730.62	2.4694e-25
732.3	2.4713e-25
733.99	2.4732e-25
735.69	2.4752e-25
737.38	2.4772e-25
739.08	2.4792e-25
740.79	2.4812e-25
742.5	2.4832e-25
744.21	2.4852e-25
745.92	2.4872e-25
747.64	2.4892e-25
749.37	2.4913e-25
751.1	2.4933e-25
752.83	2.4954e-25
754.56	2.4975e-25
756.3	2.4996e-25
758.05	2.5017e-25
759.8	2.5038e-25
761.55	2.5059e-25
763.3	2.508e-25
765.06	2.5102e-25
766.83	2.5123e-25
768.6	2.5145e-25
770.37	2.5167e-25
772.15	2.5189e-25
773.93	2.5211e-25
775.71	2.5233e-25
777.5	2.5255e-25
779.29	2.5277e-25
781.09	2.53e-25
782.89	2.5322e-25
784.7	2.5345e-25
786.51	2.5368e-25
788.32	2.5391e-25
790.14	2.5414e-25
791.96	2.5437e-25
793.79	2.546e-25
795.62	2.5484e-25
797.45	2.5507e-25
799.29	2.5531e-25
801.13	2.5555e-25
802.98	2.5579e-25
804.83	2.5603e-25
806.69	2.5627e-25
808.55	2.5651e-25
810.41	2.5676e-25
812.28	2.57e-25
814.16	2.5725e-25
816.03	2.575e-25
817.91	2.5775e-25
819.8	2.58e-25
821.69	2.5825e-25
823.59	2.585e-25
825.49	2.5876e-25
827.39	2.5902e-25
829.3	2.5927e-25
831.21	2.5953e-25
833.13	2.5979e-25
835.05	2.6005e-25
836.97	2.6032e-25
838.9	2.6058e-25
840.84	2.6085e-25
842.78	2.6111e-25
844.72	2.6138e-25
846.67	2.6165e-25
848.62	2.6192e-25
850.58	2.622e-25
852.54	2.6247e-25
854.5	2.6275e-25
856.47	2.6302e-25
858.45	2.633e-25
860.43	2.6358e-25
862.41	2.6387e-25
864.4	2.6415e-25
866.4	2.6443e-25
868.39	2.6472e-25
870.4	2.6501e-25
872.4	2.653e-25
874.41	2.6559e-25
876.43	2.6588e-25
878.45	2.6617e-25
880.48	2.6647e-25
882.51	2.6676e-25
884.54	2.6706e-25
886.58	2.6736e-25
888.63	2.6767e-25
890.68	2.6797e-25
892.73	2.6827e-25
894.79	2.6858e-25
896.85	2.6889e-25
898.92	2.692e-25
900.99	2.6951e-25
903.07	2.6982e-25
905.15	2.7014e-25
907.24	2.7045e-25
909.33	2.7077e-25
911.43	2.7109e-25
913.53	2.7141e-25
915.64	2.7174e-25
917.75	2.7206e-25
919.87	2.7239e-25
921.99	2.7272e-25
924.11	2.7305e-25
926.25	2.7338e-25
928.38	2.7371e-25
930.52	2.7405e-25
932.67	2.7438e-25
934.82	2.7472e-25
936.97	2.7506e-25
939.13	2.7541e-25
941.3	2.7575e-25
943.47	2.761e-25
945.65	2.7644e-25
947.83	2.7679e-25
950.01	2.7715e-25
952.2	2.7751e-25
954.4	2.7791e-25
956.6	2.7822e-25
958.81	2.7857e-25
961.02	2.7893e-25
963.23	2.793e-25
965.45	2.7966e-25
967.68	2.8003e-25
969.91	2.804e-25
972.15	2.8077e-25
974.39	2.8114e-25
976.64	2.8152e-25
978.89	2.8189e-25
981.15	2.8227e-25
983.41	2.8265e-25
985.68	2.8304e-25
987.95	2.8342e-25
990.23	2.8381e-25
992.51	2.842e-25
994.8	2.8459e-25
997.1	2.8498e-25
999.39	2.8538e-25
1001.7	2.8577e-25
1004	2.8617e-25
1006.3	2.8658e-25
1008.6	2.8698e-25
1011	2.8739e-25
1013.3	2.8779e-25
1015.6	2.882e-25
1018	2.8862e-25
1020.3	2.8903e-25
1022.7	2.8945e-25
1025	2.8987e-25
1027.4	2.9029e-25
1029.8	2.9071e-25
1032.1	2.9114e-25
1034.5	2.9157e-25
1036.9	2.92e-25
1039.3	2.9243e-25
1041.7	2.9287e-25
1044.1	2.9331e-25
1046.5	2.9375e-25
1048.9	2.9419e-25
1051.3	2.9463e-25
1053.8	2.9508e-25
1056.2	2.9553e-25
1058.6	2.9598e-25
1061.1	2.9644e-25
1063.5	2.9689e-25
1066	2.9735e-25
1068.4	2.9781e-25
1070.9	2.9828e-25
1073.4	2.9874e-25
1075.8	2.9921e-25
1078.3	2.9969e-25
1080.8	3.0016e-25
1083.3	3.0064e-25
1085.8	3.0112e-25
1088.3	3.016e-25
1090.8	3.0208e-25
1093.3	3.0257e-25
1095.8	3.0306e-25
1098.4	3.0355e-25
1100.9	3.0405e-25
1103.4	3.0454e-25
1106	3.0505e-25
1108.5	3.0555e-25
1111.1	3.0605e-25
1113.7	3.0656e-25
1116.2	3.0707e-25
1118.8	3.0759e-25
1121.4	3.081e-25
1124	3.0862e-25
1126.6	3.0915e-25
1129.2	3.0967e-25
1131.8	3.102e-25
1134.4	3.1073e-25
1137	3.1127e-25
1139.6	3.118e-25
1142.2	3.1234e-25
1144.9	3.1288e-25
1147.5	3.1343e-25
1150.2	3.1398e-25
1152.8	3.1453e-25
1155.5	3.1508e-25
1158.1	3.1564e-25
1160.8	3.162e-25
1163.5	3.1676e-25
1166.2	3.1733e-25
1168.9	3.179e-25
1171.5	3.1847e-25
1174.2	3.1905e-25
1177	3.1963e-25
1179.7	3.2021e-25
1182.4	3.208e-25
1185.1	3.2138e-25
1187.9	3.2198e-25
1190.6	3.2257e-25
1193.3	3.2318e-25
1196.1	3.2377e-25
1198.8	3.2437e-25
1201.6	3.2498e-25
1204.4	3.2559e-25
1207.2	3.2621e-25
1209.9	3.2682e-25
1212.7	3.2745e-25
1215.5	3.2807e-25
1218.3	3.287e-25
1221.1	3.2933e-25
1224	3.2996e-25
1226.8	3.306e-25
1229.6	3.3124e-25
1232.4	3.3189e-25
1235.3	3.3254e-25
1238.1	3.3319e-25
1241	3.3384e-25
1243.9	3.345e-25
1246.7	3.3517e-25
1249.6	3.3583e-25
1252.5	3.365e-25
1255.4	3.3718e-25
1258.3	3.3785e-25
1261.2	3.3854e-25
1264.1	3.3922e-25
1267	3.3991e-25
1269.9	3.406e-25
1272.8	3.413e-25
1275.8	3.42e-25
1278.7	3.427e-25
1281.7	3.4341e-25
1284.6	3.4412e-25
1287.6	3.4483e-25
1290.5	3.4555e-25
1293.5	3.4628e-25
1296.5	3.47e-25
1299.5	3.4774e-25
1302.5	3.4847e-25
1305.5	3.4921e-25
1308.5	3.4995e-25
1311.5	3.507e-25
1314.5	3.5145e-25
1317.6	3.5221e-25
1320.6	3.5297e-25
1323.7	3.5373e-25
1326.7	3.545e-25
1329.8	3.5527e-25
1332.8	3.5605e-25
1335.9	3.5683e-25
1339	3.5761e-25
1342.1	3.584e-25
1345.2	3.592e-25
1348.3	3.5999e-25
1351.4	3.608e-25
1354.5	3.616e-25
1357.6	3.6241e-25
1360.8	3.6323e-25
1363.9	3.6405e-25
1367	3.6488e-25
1370.2	3.657e-25
1373.4	3.6654e-25
1376.5	3.6738e-25
1379.7	3.6822e-25
1382.9	3.6907e-25
1386.1	3.6992e-25
1389.3	3.7078e-25
1392.5	3.7164e-25
1395.7	3.7251e-25
1398.9	3.7338e-25
1402.1	3.7425e-25
1405.4	3.7513e-25
1408.6	3.7602e-25
1411.8	3.7691e-25
1415.1	3.7781e-25
1418.4	3.7871e-25
1421.6	3.7961e-25
1424.9	3.8053e-25
1428.2	3.8144e-25
1431.5	3.8237e-25
1434.8	3.8329e-25
1438.1	3.8422e-25
1441.4	3.8516e-25
1444.7	3.861e-25
1448.1	3.8704e-25
1451.4	3.88e-25
1454.8	3.8895e-25
1458.1	3.8992e-25
1461.5	3.9088e-25
1464.8	3.9186e-25
1468.2	3.9284e-25
1471.6	3.9382e-25
1475	3.9481e-25
1478.4	3.9581e-25
1481.8	3.9681e-25
1485.2	3.9781e-25
1488.7	3.9883e-25
1492.1	3.9984e-25
1495.5	4.0087e-25
1499	4.019e-25
1502.4	4.0293e-25
1505.9	4.0397e-25
1509.4	4.0502e-25
1512.9	4.0607e-25
1516.3	4.0713e-25
1519.8	4.0819e-25
1523.3	4.0926e-25
1526.9	4.1034e-25
1530.4	4.1142e-25
1533.9	4.1251e-25
1537.4	4.136e-25
1541	4.1471e-25
1544.5	4.1581e-25
1548.1	4.1693e-25
1551.7	4.1804e-25
1555.3	4.1917e-25
1558.8	4.203e-25
1562.4	4.2144e-25
1566	4.2259e-25
1569.6	4.2374e-25
1573.3	4.249e-25
1576.9	4.2606e-25
1580.5	4.2723e-25
1584.2	4.2841e-25
1587.8	4.2959e-25
1591.5	4.3078e-25
1595.2	4.3198e-25
1598.8	4.3319e-25
1602.5	4.344e-25
1606.2	4.3562e-25
1609.9	4.3684e-25
1613.6	4.3807e-25
1617.4	4.3931e-25
1621.1	4.4056e-25
1624.8	4.4181e-25
1628.6	4.4307e-25
1632.3	4.4434e-25
1636.1	4.4561e-25
1639.9	4.469e-25
1643.6	4.4819e-25
1647.4	4.4948e-25
1651.2	4.5079e-25
1655	4.521e-25
1658.9	4.5342e-25
1662.7	4.5475e-25
1666.5	4.5608e-25
1670.4	4.5743e-25
1674.2	4.5877e-25
1678.1	4.6013e-25
1681.9	4.6149e-25
1685.8	4.6287e-25
1689.7	4.6425e-25
1693.6	4.6564e-25
1697.5	4.6704e-25
1701.4	4.6844e-25
1705.4	4.6985e-25
1709.3	4.7128e-25
1713.2	4.7271e-25
1717.2	4.7414e-25
1721.1	4.7559e-25
1725.1	4.7705e-25
1729.1	4.7851e-25
1733.1	4.7998e-25
1737.1	4.8146e-25
1741.1	4.8295e-25
1745.1	4.8445e-25
1749.1	4.8595e-25
1753.1	4.8747e-25
1757.2	4.8899e-25
1761.2	4.9053e-25
1765.3	4.9207e-25
1769.4	4.9362e-25
1773.5	4.9518e-25
1777.5	4.9675e-25
1781.6	4.9833e-25
1785.8	4.9991e-25
1789.9	5.0151e-25
1794	5.0312e-25
1798.1	5.0473e-25
1802.3	5.0636e-25
1806.4	5.0799e-25
1810.6	5.0964e-25
1814.8	5.1129e-25
1819	5.1296e-25
1823.2	5.1463e-25
1827.4	5.1631e-25
1831.6	5.1801e-25
1835.8	5.1971e-25
1840	5.2142e-25
1844.3	5.2315e-25
1848.5	5.2488e-25
1852.8	5.2663e-25
1857.1	5.2838e-25
1861.3	5.3015e-25
1865.6	5.3193e-25
1869.9	5.3371e-25
1874.3	5.3551e-25
1878.6	5.3732e-25
1882.9	5.3914e-25
1887.2	5.4097e-25
1891.6	5.4281e-25
1896	5.4466e-25
1900.3	5.4653e-25
1904.7	5.484e-25
1909.1	5.5029e-25
1913.5	5.5218e-25
1917.9	5.5409e-25
1922.3	5.5601e-25
1926.8	5.5795e-25
1931.2	5.5989e-25
1935.7	5.6184e-25
1940.1	5.6381e-25
1944.6	5.6579e-25
1949.1	5.6778e-25
1953.6	5.6979e-25
1958.1	5.718e-25
1962.6	5.7383e-25
1967.1	5.7587e-25
1971.7	5.7793e-25
1976.2	5.7999e-25
1980.8	5.8207e-25
1985.3	5.8417e-25
1989.9	5.8627e-25
1994.5	5.8839e-25
1999.1	5.9052e-25
2003.7	5.9266e-25
2008.3	5.9482e-25
2013	5.9699e-25
2017.6	5.9918e-25
2022.3	6.0137e-25
2026.9	6.0359e-25
2031.6	6.0581e-25
2036.3	6.0805e-25
2041	6.103e-25
2045.7	6.1257e-25
2050.4	6.1485e-25
2055.1	6.1715e-25
2059.9	6.1946e-25
2064.6	6.2179e-25
2069.4	6.2413e-25
2074.2	6.2648e-25
2078.9	6.2885e-25
2083.7	6.3123e-25
2088.5	6.3363e-25
2093.4	6.3605e-25
2098.2	6.3848e-25
2103	6.4093e-25
2107.9	6.4339e-25
2112.7	6.4587e-25
2117.6	6.4836e-25
2122.5	6.5087e-25
2127.4	6.5339e-25
2132.3	6.5594e-25
2137.2	6.5849e-25
2142.1	6.6107e-25
2147.1	6.6366e-25
2152	6.6627e-25
2157	6.6889e-25
2162	6.7154e-25
2167	6.742e-25
2171.9	6.7687e-25
2177	6.7957e-25
2182	6.8228e-25
2187	6.8501e-25
2192.1	6.8776e-25
2197.1	6.9052e-25
2202.2	6.9331e-25
2207.3	6.9611e-25
2212.3	6.9893e-25
2217.4	7.0177e-25
2222.6	7.0463e-25
2227.7	7.0751e-25
2232.8	7.104e-25
2238	7.1332e-25
2243.1	7.1625e-25
2248.3	7.1921e-25
2253.5	7.2218e-25
2258.7	7.2518e-25
2263.9	7.2819e-25
2269.1	7.3123e-25
2274.3	7.3428e-25
2279.6	7.3736e-25
2284.8	7.4046e-25
2290.1	7.4359e-25
2295.4	7.4673e-25
2300.7	7.4989e-25
2306	7.5308e-25
2311.3	7.5629e-25
2316.6	7.5952e-25
2322	7.6277e-25
2327.3	7.6605e-25
2332.7	7.6934e-25
2338.1	7.7266e-25
2343.5	7.7601e-25
2348.9	7.7937e-25
2354.3	7.8276e-25
2359.7	7.8617e-25
2365.2	7.8961e-25
2370.6	7.9307e-25
2376.1	7.9655e-25
2381.6	8.0006e-25
2387.1	8.0359e-25
2392.6	8.0715e-25
2398.1	8.1073e-25
2403.6	8.1434e-25
2409.2	8.1797e-25
2414.7	8.2163e-25
2420.3	8.2532e-25
2425.9	8.2903e-25
2431.5	8.3276e-25
2437.1	8.3652e-25
2442.7	8.4031e-25
2448.3	8.4413e-25
2454	8.4797e-25
2459.6	8.5184e-25
2465.3	8.5574e-25
2471	8.5967e-25
2476.7	8.6362e-25
2482.4	8.6761e-25
2488.1	8.7162e-25
2493.8	8.7566e-25
2499.6	8.7973e-25
2505.4	8.8382e-25
2511.1	8.8795e-25
2516.9	8.9211e-25
2522.7	8.963e-25
2528.5	9.0052e-25
2534.4	9.0477e-25
2540.2	9.0904e-25
2546.1	9.1335e-25
2552	9.177e-25
2557.8	9.2207e-25
2563.7	9.2648e-25
2569.6	9.3091e-25
2575.6	9.3538e-25
2581.5	9.3988e-25
2587.5	9.4442e-25
2593.4	9.4899e-25
2599.4	9.5359e-25
2605.4	9.5822e-25
2611.4	9.6289e-25
2617.4	9.6759e-25
2623.5	9.7234e-25
2629.5	9.771e-25
2635.6	9.8191e-25
2641.7	9.8675e-25
2647.8	9.9163e-25
2653.9	9.9654e-25
2660	1.0015e-24
2666.1	1.0065e-24
2672.3	1.0115e-24
2678.4	1.0165e-24
2684.6	1.0216e-24
2690.8	1.0268e-24
2697	1.0319e-24
2703.2	1.0371e-24
2709.5	1.0424e-24
2715.7	1.0477e-24
2722	1.053e-24
2728.2	1.0583e-24
2734.5	1.0637e-24
2740.8	1.0692e-24
2747.2	1.0746e-24
2753.5	1.0801e-24
2759.8	1.0857e-24
2766.2	1.0913e-24
2772.6	1.0969e-24
2779	1.1025e-24
2785.4	1.1082e-24
2791.8	1.114e-24
2798.2	1.1198e-24
2804.7	1.1256e-24
2811.2	1.1314e-24
2817.6	1.1373e-24
2824.1	1.1433e-24
2830.7	1.1492e-24
2837.2	1.1552e-24
2843.7	1.1613e-24
2850.3	1.1674e-24
2856.9	1.1735e-24
2863.4	1.1796e-24
2870.1	1.1858e-24
2876.7	1.1921e-24
2883.3	1.1983e-24
2890	1.2047e-24
2896.6	1.211e-24
2903.3	1.2174e-24
2910	1.2238e-24
2916.7	1.2302e-24
2923.4	1.2367e-24
2930.2	1.2432e-24
2936.9	1.2497e-24
2943.7	1.2563e-24
2950.5	1.2629e-24
2957.3	1.2695e-24
2964.1	1.2762e-24
2970.9	1.2829e-24
2977.8	1.2896e-24
2984.7	1.2963e-24
2991.5	1.3031e-24
2998.4	1.3098e-24
3005.4	1.3166e-24
3012.3	1.3234e-24
3019.2	1.3302e-24
3026.2	1.3371e-24
3033.2	1.3439e-24
3040.2	1.3508e-24
3047.2	1.3576e-24
3054.2	1.3645e-24
3061.3	1.3713e-24
3068.3	1.3782e-24
3075.4	1.385e-24
3082.5	1.3919e-24
3089.6	1.3987e-24
3096.7	1.4055e-24
3103.9	1.4123e-24
3111	1.4191e-24
3118.2	1.4258e-24
3125.4	1.4325e-24
3132.6	1.4392e-24
3139.8	1.4458e-24
3147	1.4524e-24
3154.3	1.4589e-24
3161.6	1.4654e-24
3168.9	1.4718e-24
3176.2	1.4781e-24
3183.5	1.4843e-24
3190.8	1.4905e-24
3198.2	1.4966e-24
3205.6	1.5026e-24
3213	1.5084e-24
3220.4	1.5142e-24
3227.8	1.5198e-24
3235.2	1.5253e-24
3242.7	1.5307e-24
3250.2	1.5359e-24
3257.7	1.541e-24
3265.2	1.5459e-24
3272.7	1.5506e-24
3280.3	1.5552e-24
3287.8	1.5595e-24
3295.4	1.5636e-24
3303	1.5676e-24
3310.6	1.5713e-24
3318.3	1.5747e-24
3325.9	1.5779e-24
3333.6	1.5809e-24
3341.3	1.5836e-24
3349	1.586e-24
3356.7	1.5881e-24
3364.4	1.5899e-24
3372.2	1.5913e-24
3380	1.5925e-24
3387.8	1.5933e-24
3395.6	1.5938e-24
3403.4	1.5939e-24
3411.3	1.5937e-24
3419.1	1.5931e-24
3427	1.592e-24
3434.9	1.5906e-24
3442.8	1.5888e-24
3450.8	1.5866e-24
3458.7	1.5839e-24
3466.7	1.5809e-24
3474.7	1.5774e-24
3482.7	1.5734e-24
3490.7	1.5691e-24
3498.8	1.5642e-24
3506.9	1.559e-24
3514.9	1.5532e-24
3523.1	1.5471e-24
3531.2	1.5405e-24
3539.3	1.5334e-24
3547.5	1.5259e-24
3555.7	1.518e-24
3563.9	1.5096e-24
3572.1	1.5008e-24
3580.3	1.4915e-24
3588.6	1.4819e-24
3596.8	1.4718e-24
3605.1	1.4613e-24
3613.5	1.4505e-24
3621.8	1.4393e-24
3630.1	1.4277e-24
3638.5	1.4157e-24
3646.9	1.4035e-24
3655.3	1.3909e-24
3663.7	1.378e-24
3672.2	1.3648e-24
3680.7	1.3513e-24
3689.1	1.3376e-24
3697.7	1.3236e-24
3706.2	1.3094e-24
3714.7	1.295e-24
3723.3	1.2805e-24
3731.9	1.2657e-24
3740.5	1.2508e-24
3749.1	1.2358e-24
3757.8	1.2207e-24
3766.4	1.2055e-24
3775.1	1.1902e-24
3783.8	1.1749e-24
3792.5	1.1596e-24
3801.3	1.1442e-24
3810	1.1288e-24
3818.8	1.1135e-24
3827.6	1.0982e-24
3836.5	1.0829e-24
3845.3	1.0677e-24
3854.2	1.0527e-24
3863.1	1.0377e-24
3872	1.0228e-24
3880.9	1.0081e-24
3889.9	9.9359e-25
3898.8	9.7921e-25
3907.8	9.6502e-25
3916.8	9.5103e-25
3925.9	9.3725e-25
3934.9	9.237e-25
3944	9.104e-25
3953.1	8.9735e-25
3962.2	8.8456e-25
3971.3	8.7206e-25
3980.5	8.5985e-25
3989.7	8.4794e-25
3998.9	8.3634e-25
4008.1	8.2507e-25
4017.3	8.1413e-25
4026.6	8.0353e-25
4035.9	7.9329e-25
4045.2	7.8342e-25
4054.5	7.7391e-25
4063.9	7.6478e-25
4073.2	7.5604e-25
4082.6	7.4769e-25
4092.1	7.3974e-25
4101.5	7.3219e-25
4110.9	7.2505e-25
4120.4	7.1833e-25
4129.9	7.1203e-25
4139.5	7.0615e-25
4149	7.0069e-25
4158.6	6.9565e-25
4168.2	6.9105e-25
4177.8	6.8686e-25
4187.4	6.8311e-25
4197.1	6.7978e-25
4206.7	6.7687e-25
4216.4	6.7438e-25
4226.2	6.723e-25
4235.9	6.7064e-25
4245.7	6.6939e-25
4255.5	6.6853e-25
4265.3	6.6807e-25
4275.1	6.68e-25
4285	6.6831e-25
4294.8	6.6899e-25
4304.8	6.7004e-25
4314.7	6.7145e-25
4324.6	6.732e-25
4334.6	6.7529e-25
4344.6	6.7771e-25
4354.6	6.8045e-25
4364.7	6.835e-25
4374.7	6.8685e-25
4384.8	6.9049e-25
4394.9	6.9441e-25
4405.1	6.986e-25
4415.2	7.0306e-25
4425.4	7.0776e-25
4435.6	7.1271e-25
4445.8	7.1789e-25
4456.1	7.2329e-25
4466.4	7.2892e-25
4476.7	7.3474e-25
4487	7.4077e-25
4497.3	7.4698e-25
4507.7	7.5338e-25
4518.1	7.5996e-25
4528.5	7.667e-25
4539	7.736e-25
4549.4	7.8065e-25
4559.9	7.8785e-25
4570.4	7.952e-25
4581	8.0267e-25
4591.5	8.1028e-25
4602.1	8.1801e-25
4612.7	8.2586e-25
4623.4	8.3382e-25
4634	8.419e-25
4644.7	8.5007e-25
4655.4	8.5835e-25
4666.2	8.6672e-25
4676.9	8.7518e-25
4687.7	8.8374e-25
4698.5	8.9237e-25
4709.4	9.0109e-25
4720.2	9.0989e-25
4731.1	9.1876e-25
4742	9.277e-25
4752.9	9.3672e-25
4763.9	9.458e-25
4774.9	9.5495e-25
4785.9	9.6416e-25
4796.9	9.7343e-25
4808	9.8276e-25
4819.1	9.9215e-25
4830.2	1.0016e-24
4841.3	1.0111e-24
4852.5	1.0206e-24
4863.7	1.0302e-24
4874.9	1.0399e-24
4886.1	1.0496e-24
4897.4	1.0593e-24
4908.7	1.0691e-24
4920	1.079e-24
4931.4	1.0888e-24
4942.7	1.0988e-24
4954.1	1.1087e-24
4965.6	1.1187e-24
4977	1.1288e-24
4988.5	1.1389e-24
5000	1.149e-24
