1.021659e+01 6.663304e-21
1.023975e+01 6.502678e-21
1.026296e+01 6.341706e-21
1.028622e+01 6.180386e-21
1.030954e+01 6.018651e-21
1.033290e+01 5.856638e-21
1.035633e+01 5.694139e-21
1.037980e+01 5.531363e-21
1.040333e+01 5.383971e-21
1.042691e+01 5.332312e-21
1.045054e+01 5.280543e-21
1.047423e+01 5.228643e-21
1.049797e+01 5.176633e-21
1.052177e+01 5.124492e-21
1.054561e+01 5.072263e-21
1.056952e+01 5.019881e-21
1.059347e+01 4.967411e-21
1.061749e+01 4.888290e-21
1.064155e+01 4.799126e-21
1.066567e+01 4.709741e-21
1.068985e+01 4.620133e-21
1.071408e+01 4.530339e-21
1.073836e+01 4.440361e-21
1.076270e+01 4.350160e-21
1.078710e+01 4.259736e-21
1.081155e+01 4.186456e-21
1.083605e+01 4.132420e-21
1.086062e+01 4.078229e-21
1.088523e+01 4.023950e-21
1.090991e+01 3.969516e-21
1.093464e+01 3.914973e-21
1.095942e+01 3.860319e-21
1.098426e+01 3.805532e-21
1.100916e+01 3.727350e-21
1.103411e+01 3.608956e-21
1.105912e+01 3.490277e-21
1.108419e+01 3.371314e-21
1.110932e+01 3.252066e-21
1.113449e+01 3.132628e-21
1.115973e+01 3.012857e-21
1.118503e+01 2.892802e-21
1.121038e+01 2.820585e-21
1.123579e+01 2.817693e-21
1.126126e+01 2.814795e-21
1.128678e+01 2.811890e-21
1.131237e+01 2.808978e-21
1.133801e+01 2.806060e-21
1.136371e+01 2.803136e-21
1.138946e+01 2.800205e-21
1.141528e+01 2.779726e-21
1.144116e+01 2.747072e-21
1.146709e+01 2.714354e-21
1.149308e+01 2.681561e-21
1.151913e+01 2.648692e-21
1.154524e+01 2.615748e-21
1.157141e+01 2.582727e-21
1.159764e+01 2.549631e-21
1.162392e+01 2.543814e-21
1.165027e+01 2.540687e-21
1.167668e+01 2.537552e-21
1.170315e+01 2.534411e-21
1.172967e+01 2.531263e-21
1.175626e+01 2.528107e-21
1.178291e+01 2.524944e-21
1.180962e+01 2.492543e-21
1.183638e+01 2.408057e-21
1.186321e+01 2.323349e-21
1.189010e+01 2.238452e-21
1.191705e+01 2.153365e-21
1.194406e+01 2.068089e-21
1.197114e+01 1.982592e-21
1.199827e+01 1.896937e-21
1.202547e+01 1.898105e-21
1.205273e+01 1.905202e-21
1.208004e+01 1.912311e-21
1.210742e+01 1.919439e-21
1.213487e+01 1.926585e-21
1.216237e+01 1.933744e-21
1.218994e+01 1.940921e-21
1.221757e+01 1.946682e-21
1.224526e+01 1.951634e-21
1.227302e+01 1.956599e-21
1.230084e+01 1.961574e-21
1.232872e+01 1.966560e-21
1.235666e+01 1.971556e-21
1.238467e+01 1.976566e-21
1.241274e+01 1.948819e-21
1.244088e+01 1.881477e-21
1.246908e+01 1.813991e-21
1.249734e+01 1.746361e-21
1.252567e+01 1.678564e-21
1.255406e+01 1.610624e-21
1.258252e+01 1.542516e-21
1.261104e+01 1.504029e-21
1.263962e+01 1.512688e-21
1.266827e+01 1.521369e-21
1.269698e+01 1.530068e-21
1.272576e+01 1.538787e-21
1.275461e+01 1.547529e-21
1.278352e+01 1.556288e-21
1.281250e+01 1.555564e-21
1.284154e+01 1.542282e-21
1.287064e+01 1.528972e-21
1.289982e+01 1.515626e-21
1.292906e+01 1.502252e-21
1.295836e+01 1.488851e-21
1.298773e+01 1.475418e-21
1.301717e+01 1.457121e-21
1.304668e+01 1.435320e-21
1.307625e+01 1.413474e-21
1.310589e+01 1.391577e-21
1.313560e+01 1.369627e-21
1.316537e+01 1.347634e-21
1.319521e+01 1.325588e-21
1.322512e+01 1.375284e-21
1.325510e+01 1.438818e-21
1.328514e+01 1.502479e-21
1.331525e+01 1.566288e-21
1.334543e+01 1.630245e-21
1.337568e+01 1.694351e-21
1.340600e+01 1.822530e-21
1.343639e+01 2.210712e-21
1.346684e+01 2.599659e-21
1.349737e+01 2.989629e-21
1.352796e+01 3.380365e-21
1.355862e+01 3.771995e-21
1.358936e+01 4.164647e-21
1.362016e+01 4.170784e-21
1.365103e+01 3.972071e-21
1.368197e+01 3.772908e-21
1.371298e+01 3.573294e-21
1.374407e+01 3.373165e-21
1.377522e+01 3.172650e-21
1.380644e+01 2.986760e-21
1.383774e+01 2.858551e-21
1.386910e+01 2.730095e-21
1.390054e+01 2.601312e-21
1.393205e+01 2.472243e-21
1.396363e+01 2.342886e-21
1.399528e+01 2.213243e-21
1.402700e+01 2.061942e-21
1.405879e+01 1.906562e-21
1.409066e+01 1.750792e-21
1.412260e+01 1.594679e-21
1.415461e+01 1.438225e-21
1.418669e+01 1.281428e-21
1.421885e+01 1.175124e-21
1.425108e+01 1.104596e-21
1.428338e+01 1.033915e-21
1.431576e+01 9.630582e-22
1.434820e+01 8.920706e-22
1.438073e+01 8.208860e-22
1.441332e+01 7.707240e-22
1.444599e+01 7.511172e-22
1.447874e+01 7.314624e-22
1.451155e+01 7.117715e-22
1.454445e+01 6.920267e-22
1.457741e+01 6.722459e-22
1.461046e+01 6.531142e-22
1.464357e+01 6.354693e-22
1.467676e+01 6.177817e-22
1.471003e+01 6.000515e-22
1.474337e+01 5.822840e-22
1.477679e+01 5.644739e-22
1.481029e+01 5.513271e-22
1.484385e+01 5.487906e-22
1.487750e+01 5.462474e-22
1.491122e+01 5.436988e-22
1.494502e+01 5.411442e-22
1.497890e+01 5.385835e-22
1.501285e+01 5.326218e-22
1.504688e+01 5.210571e-22
1.508098e+01 5.094685e-22
1.511517e+01 4.978494e-22
1.514943e+01 4.862065e-22
1.518376e+01 4.745397e-22
1.521818e+01 4.632274e-22
1.525268e+01 4.522334e-22
1.528725e+01 4.412171e-22
1.532190e+01 4.301754e-22
1.535663e+01 4.191081e-22
1.539144e+01 4.080153e-22
1.542632e+01 3.962272e-22
1.546129e+01 3.841891e-22
1.549633e+01 3.721270e-22
1.553146e+01 3.600339e-22
1.556666e+01 3.479166e-22
1.560195e+01 3.362288e-22
1.563731e+01 3.324041e-22
1.567276e+01 3.285697e-22
1.570828e+01 3.247278e-22
1.574389e+01 3.208761e-22
1.577957e+01 3.170168e-22
1.581534e+01 3.148924e-22
1.585118e+01 3.150917e-22
1.588711e+01 3.152916e-22
1.592313e+01 3.154919e-22
1.595922e+01 3.156927e-22
1.599539e+01 3.158939e-22
1.603165e+01 3.105488e-22
1.606798e+01 3.043840e-22
1.610440e+01 2.982038e-22
1.614091e+01 2.920084e-22
1.617749e+01 2.858012e-22
1.621416e+01 2.783716e-22
1.625091e+01 2.690028e-22
1.628775e+01 2.596111e-22
1.632467e+01 2.501990e-22
1.636167e+01 2.407665e-22
1.639876e+01 2.313110e-22
1.643593e+01 2.315824e-22
1.647318e+01 2.321916e-22
1.651052e+01 2.328022e-22
1.654794e+01 2.334141e-22
1.658545e+01 2.340275e-22
1.662304e+01 2.326230e-22
1.666072e+01 2.299369e-22
1.669849e+01 2.272444e-22
1.673634e+01 2.245463e-22
1.677427e+01 2.218424e-22
1.681229e+01 2.171427e-22
1.685040e+01 2.082571e-22
1.688859e+01 1.993530e-22
1.692687e+01 1.904278e-22
1.696524e+01 1.814816e-22
1.700370e+01 1.734038e-22
1.704224e+01 1.736811e-22
1.708087e+01 1.739590e-22
1.711958e+01 1.742376e-22
1.715839e+01 1.745169e-22
1.719728e+01 1.747967e-22
1.723626e+01 1.691170e-22
1.727533e+01 1.629760e-22
1.731448e+01 1.568225e-22
1.735373e+01 1.506532e-22
1.739306e+01 1.444714e-22
1.743249e+01 1.402755e-22
1.747200e+01 1.364996e-22
1.751160e+01 1.327151e-22
1.755130e+01 1.289210e-22
1.759108e+01 1.251193e-22
1.763095e+01 1.241010e-22
1.767092e+01 1.238868e-22
1.771097e+01 1.236722e-22
1.775111e+01 1.234571e-22
1.779135e+01 1.232415e-22
1.783168e+01 1.214500e-22
1.787209e+01 1.192239e-22
1.791260e+01 1.169923e-22
1.795320e+01 1.147557e-22
1.799390e+01 1.125137e-22
1.803468e+01 1.102211e-22
1.807556e+01 1.079147e-22
1.811653e+01 1.056032e-22
1.815760e+01 1.032861e-22
1.819875e+01 1.009645e-22
1.824000e+01 9.982883e-23
1.828135e+01 9.872773e-23
1.832278e+01 9.762449e-23
1.836432e+01 9.651833e-23
1.840594e+01 9.518554e-23
1.844766e+01 9.249777e-23
1.848947e+01 8.980421e-23
1.853138e+01 8.710421e-23
1.857339e+01 8.439777e-23
1.861549e+01 8.223575e-23
1.865768e+01 8.101636e-23
1.869997e+01 7.979408e-23
1.874236e+01 7.856892e-23
1.878484e+01 7.734115e-23
1.882742e+01 7.566798e-23
1.887009e+01 7.374610e-23
1.891287e+01 7.181927e-23
1.895573e+01 6.988883e-23
1.899870e+01 6.795344e-23
1.904176e+01 6.706224e-23
1.908492e+01 6.620169e-23
1.912818e+01 6.533914e-23
1.917154e+01 6.447459e-23
1.921499e+01 6.372692e-23
1.925855e+01 6.320325e-23
1.930220e+01 6.267849e-23
1.934595e+01 6.215253e-23
1.938980e+01 6.162536e-23
1.943375e+01 6.048246e-23
1.947780e+01 5.915081e-23
1.952195e+01 5.781613e-23
1.956620e+01 5.647843e-23
1.961055e+01 5.529161e-23
1.965500e+01 5.459628e-23
1.969955e+01 5.389938e-23
1.974420e+01 5.320092e-23
1.978896e+01 5.250074e-23
1.983381e+01 5.164326e-23
1.987877e+01 5.073265e-23
1.992383e+01 4.982001e-23
1.996898e+01 4.890555e-23
2.001425e+01 4.856969e-23
2.005961e+01 4.950048e-23
2.010508e+01 5.043354e-23
2.015065e+01 5.136864e-23
2.019633e+01 5.230601e-23
2.024210e+01 5.042747e-23
2.028798e+01 4.829819e-23
2.033397e+01 4.616381e-23
2.038006e+01 4.402479e-23
2.042626e+01 4.290065e-23
2.047255e+01 4.255033e-23
2.051896e+01 4.219910e-23
2.056547e+01 4.184712e-23
2.061208e+01 4.143436e-23
2.065880e+01 4.084867e-23
2.070563e+01 4.026160e-23
2.075256e+01 3.967328e-23
2.079960e+01 3.908358e-23
2.084674e+01 3.887075e-23
2.089400e+01 3.866063e-23
2.094136e+01 3.845007e-23
2.098882e+01 3.823906e-23
2.103640e+01 3.765014e-23
2.108408e+01 3.694384e-23
2.113187e+01 3.623590e-23
2.117977e+01 3.552634e-23
2.122777e+01 3.509016e-23
2.127589e+01 3.485362e-23
2.132411e+01 3.461658e-23
2.137245e+01 3.437896e-23
2.142089e+01 3.405002e-23
2.146945e+01 3.360019e-23
2.151811e+01 3.314943e-23
2.156688e+01 3.269766e-23
2.161577e+01 3.228205e-23
2.166476e+01 3.194404e-23
2.171387e+01 3.160521e-23
2.176309e+01 3.126561e-23
2.181242e+01 3.099975e-23
2.186186e+01 3.095521e-23
2.191141e+01 3.091056e-23
2.196108e+01 3.086581e-23
2.201085e+01 3.069093e-23
2.206075e+01 3.004795e-23
2.211075e+01 2.940369e-23
2.216087e+01 2.875787e-23
2.221110e+01 2.822341e-23
2.226144e+01 2.808621e-23
2.231190e+01 2.794868e-23
2.236247e+01 2.781085e-23
2.241316e+01 2.763231e-23
2.246396e+01 2.733795e-23
2.251488e+01 2.704290e-23
2.256591e+01 2.674722e-23
2.261706e+01 2.646760e-23
2.266833e+01 2.622092e-23
2.271971e+01 2.597370e-23
2.277121e+01 2.572591e-23
2.282282e+01 2.539049e-23
2.287455e+01 2.494414e-23
2.292640e+01 2.449676e-23
2.297837e+01 2.404835e-23
2.303045e+01 2.382416e-23
2.308265e+01 2.375977e-23
2.313497e+01 2.369524e-23
2.318741e+01 2.363056e-23
2.323997e+01 2.345251e-23
2.329265e+01 2.323830e-23
2.334544e+01 2.302365e-23
2.339836e+01 2.280847e-23
2.345139e+01 2.281498e-23
2.350455e+01 2.282862e-23
2.355783e+01 2.284228e-23
2.361122e+01 2.279623e-23
2.366474e+01 2.252497e-23
2.371838e+01 2.225311e-23
2.377214e+01 2.198063e-23
2.382603e+01 2.169388e-23
2.388003e+01 2.139194e-23
2.393416e+01 2.108927e-23
2.398841e+01 2.078593e-23
2.404278e+01 2.074042e-23
2.409728e+01 2.076501e-23
2.415190e+01 2.078965e-23
2.420664e+01 2.080816e-23
2.426151e+01 2.078178e-23
2.431650e+01 2.075534e-23
2.437162e+01 2.072884e-23
2.442686e+01 2.059722e-23
2.448223e+01 2.035403e-23
2.453772e+01 2.011032e-23
2.459334e+01 1.986603e-23
2.464908e+01 1.970226e-23
2.470495e+01 1.954912e-23
2.476095e+01 1.939563e-23
2.481707e+01 1.928534e-23
2.487333e+01 1.927460e-23
2.492970e+01 1.926385e-23
2.498621e+01 1.925306e-23
2.504285e+01 1.911313e-23
2.509961e+01 1.893126e-23
2.515650e+01 1.874898e-23
2.521352e+01 1.859819e-23
2.527067e+01 1.855000e-23
2.532795e+01 1.850169e-23
2.538536e+01 1.845328e-23
2.544290e+01 1.835679e-23
2.550057e+01 1.824369e-23
2.555837e+01 1.813033e-23
2.561630e+01 1.802878e-23
2.567437e+01 1.795791e-23
2.573256e+01 1.788688e-23
2.579089e+01 1.781569e-23
2.584935e+01 1.769590e-23
2.590794e+01 1.756689e-23
2.596666e+01 1.743760e-23
2.602552e+01 1.735225e-23
2.608451e+01 1.732466e-23
2.614363e+01 1.729702e-23
2.620289e+01 1.726889e-23
2.626228e+01 1.723266e-23
2.632181e+01 1.719634e-23
2.638147e+01 1.715995e-23
2.644127e+01 1.709263e-23
2.650120e+01 1.701129e-23
2.656127e+01 1.692976e-23
2.662148e+01 1.681456e-23
2.668182e+01 1.663863e-23
2.674230e+01 1.646228e-23
2.680291e+01 1.629285e-23
2.686367e+01 1.626791e-23
2.692456e+01 1.624293e-23
2.698558e+01 1.621788e-23
2.704675e+01 1.621877e-23
2.710806e+01 1.622770e-23
2.716950e+01 1.623664e-23
2.723108e+01 1.616776e-23
2.729281e+01 1.602212e-23
2.735467e+01 1.587617e-23
2.741667e+01 1.577182e-23
2.747882e+01 1.578148e-23
2.754110e+01 1.579115e-23
2.760353e+01 1.580977e-23
2.766609e+01 1.597752e-23
2.772880e+01 1.614567e-23
2.779165e+01 1.631420e-23
2.785465e+01 1.605550e-23
2.791779e+01 1.573073e-23
2.798107e+01 1.540525e-23
2.804449e+01 1.527007e-23
2.810806e+01 1.521605e-23
2.817177e+01 1.516191e-23
2.823562e+01 1.508761e-23
2.829962e+01 1.499720e-23
2.836377e+01 1.490659e-23
2.842806e+01 1.480450e-23
2.849249e+01 1.468762e-23
2.855708e+01 1.457044e-23
2.862180e+01 1.449034e-23
2.868668e+01 1.448367e-23
2.875170e+01 1.447699e-23
2.881687e+01 1.444634e-23
2.888219e+01 1.434687e-23
2.894766e+01 1.424718e-23
2.901327e+01 1.415703e-23
2.907903e+01 1.410525e-23
2.914494e+01 1.405335e-23
2.921101e+01 1.401548e-23
2.927722e+01 1.404852e-23
2.934358e+01 1.408164e-23
2.941009e+01 1.409538e-23
2.947675e+01 1.400018e-23
2.954356e+01 1.390476e-23
2.961053e+01 1.384784e-23
2.967765e+01 1.399877e-23
2.974491e+01 1.415002e-23
2.981234e+01 1.422908e-23
2.987991e+01 1.398371e-23
2.994764e+01 1.373775e-23
3.001552e+01 1.353628e-23
3.008355e+01 1.348662e-23
3.015174e+01 1.343684e-23
3.022008e+01 1.336947e-23
3.028858e+01 1.325980e-23
3.035723e+01 1.314989e-23
3.042604e+01 1.303693e-23
3.049501e+01 1.291913e-23
3.056413e+01 1.280107e-23
3.063341e+01 1.275263e-23
3.070284e+01 1.277929e-23
3.077244e+01 1.280601e-23
3.084219e+01 1.278151e-23
3.091209e+01 1.272338e-23
3.098216e+01 1.266511e-23
3.105239e+01 1.260418e-23
3.112277e+01 1.254225e-23
3.119331e+01 1.248017e-23
3.126402e+01 1.245017e-23
3.133488e+01 1.242347e-23
3.140591e+01 1.239398e-23
3.147709e+01 1.233425e-23
3.154844e+01 1.227438e-23
3.161995e+01 1.223468e-23
3.169162e+01 1.224750e-23
3.176346e+01 1.226034e-23
3.183545e+01 1.218815e-23
3.190761e+01 1.202789e-23
3.197994e+01 1.186725e-23
3.205242e+01 1.179848e-23
3.212507e+01 1.176490e-23
3.219789e+01 1.173125e-23
3.227087e+01 1.166105e-23
3.234402e+01 1.158959e-23
3.241733e+01 1.151935e-23
3.249081e+01 1.145337e-23
3.256445e+01 1.138725e-23
3.263827e+01 1.138850e-23
3.271225e+01 1.145262e-23
3.278639e+01 1.151688e-23
3.286071e+01 1.141606e-23
3.293519e+01 1.127789e-23
3.300984e+01 1.114998e-23
3.308467e+01 1.109156e-23
3.315966e+01 1.103302e-23
3.323482e+01 1.097572e-23
3.331015e+01 1.091987e-23
3.338565e+01 1.086390e-23
3.346132e+01 1.080888e-23
3.353717e+01 1.075398e-23
3.361319e+01 1.069814e-23
3.368937e+01 1.063829e-23
3.376574e+01 1.057829e-23
3.384227e+01 1.054626e-23
3.391898e+01 1.053699e-23
3.399586e+01 1.052770e-23
3.407292e+01 1.052041e-23
3.415015e+01 1.051322e-23
3.422756e+01 1.048190e-23
3.430514e+01 1.040679e-23
3.438289e+01 1.033151e-23
3.446083e+01 1.031149e-23
3.453894e+01 1.030704e-23
3.461723e+01 1.029179e-23
3.469569e+01 1.023817e-23
3.477434e+01 1.018442e-23
3.485316e+01 1.017840e-23
3.493216e+01 1.019552e-23
3.501133e+01 1.019637e-23
3.509069e+01 1.009939e-23
3.517023e+01 1.000218e-23
3.524995e+01 9.941606e-24
3.532985e+01 9.902900e-24
3.540993e+01 9.873524e-24
3.549019e+01 9.910761e-24
3.557063e+01 9.948082e-24
3.565126e+01 9.913113e-24
3.573207e+01 9.836504e-24
3.581306e+01 9.766292e-24
3.589424e+01 9.730153e-24
3.597559e+01 9.693938e-24
3.605714e+01 9.663618e-24
3.613887e+01 9.635793e-24
3.622078e+01 9.615181e-24
3.630288e+01 9.615971e-24
3.638517e+01 9.616763e-24
3.646764e+01 9.551158e-24
3.655030e+01 9.470810e-24
3.663314e+01 9.412431e-24
3.671618e+01 9.387201e-24
3.679940e+01 9.361916e-24
3.688281e+01 9.369369e-24
3.696641e+01 9.377078e-24
3.705020e+01 9.359693e-24
3.713418e+01 9.325429e-24
3.721835e+01 9.284036e-24
3.730271e+01 9.217198e-24
3.738726e+01 9.150209e-24
3.747201e+01 9.156254e-24
3.755694e+01 9.175289e-24
3.764207e+01 1.306033e-23
3.772739e+01 2.091981e-23
3.781291e+01 2.640010e-23
3.789862e+01 1.837766e-23
3.798452e+01 1.033745e-23
3.807062e+01 8.843200e-24
3.815691e+01 8.787820e-24
3.824340e+01 8.746730e-24
3.833008e+01 8.719896e-24
3.841696e+01 8.698250e-24
3.850404e+01 8.698242e-24
3.859131e+01 8.698235e-24
3.867879e+01 8.637852e-24
3.876646e+01 8.570664e-24
3.885433e+01 8.531991e-24
3.894240e+01 8.510967e-24
3.903066e+01 8.482969e-24
3.911913e+01 8.441859e-24
3.920780e+01 8.399805e-24
3.929667e+01 8.348818e-24
3.938575e+01 8.297712e-24
3.947502e+01 8.296835e-24
3.956449e+01 8.305539e-24
3.965417e+01 8.277954e-24
3.974405e+01 8.226451e-24
3.983414e+01 8.197463e-24
3.992443e+01 8.205587e-24
4.001492e+01 8.209586e-24
4.010562e+01 8.192567e-24
4.019653e+01 8.175509e-24
4.028764e+01 8.150871e-24
4.037896e+01 8.125877e-24
4.047048e+01 8.110170e-24
4.056222e+01 8.097221e-24
4.065416e+01 8.061988e-24
4.074630e+01 8.011120e-24
4.083866e+01 7.948448e-24
4.093123e+01 7.869367e-24
4.102400e+01 7.946710e-24
4.111699e+01 8.474009e-24
4.121019e+01 8.883707e-24
4.130360e+01 8.324442e-24
4.139722e+01 7.763919e-24
4.149105e+01 7.727437e-24
4.158510e+01 7.706946e-24
4.167935e+01 7.681980e-24
4.177383e+01 7.656120e-24
4.186851e+01 7.650975e-24
4.196341e+01 7.653771e-24
4.205853e+01 7.627247e-24
4.215386e+01 7.582290e-24
4.224941e+01 7.546151e-24
4.234517e+01 7.518282e-24
4.244116e+01 7.502306e-24
4.253735e+01 7.502262e-24
4.263377e+01 7.505599e-24
4.273041e+01 7.515233e-24
4.282726e+01 7.511420e-24
4.292434e+01 7.473139e-24
4.302163e+01 7.458087e-24
4.311915e+01 7.524739e-24
4.321688e+01 7.565662e-24
4.331484e+01 7.482468e-24
4.341302e+01 7.405482e-24
4.351142e+01 7.370234e-24
4.361004e+01 7.336611e-24
4.370889e+01 7.317962e-24
4.380797e+01 7.298446e-24
4.390726e+01 7.269454e-24
4.400678e+01 7.239717e-24
4.410653e+01 7.200611e-24
4.420650e+01 7.163257e-24
4.430671e+01 7.152299e-24
4.440713e+01 7.143110e-24
4.450779e+01 7.157403e-24
4.460867e+01 7.164301e-24
4.470978e+01 7.092068e-24
4.481112e+01 7.025328e-24
4.491270e+01 7.004450e-24
4.501450e+01 6.985915e-24
4.511653e+01 6.981753e-24
4.521879e+01 6.975089e-24
4.532129e+01 6.957311e-24
4.542401e+01 6.938311e-24
4.552697e+01 6.915379e-24
4.563017e+01 6.888736e-24
4.573359e+01 6.853163e-24
4.583726e+01 6.823120e-24
4.594115e+01 6.803045e-24
4.604528e+01 6.797943e-24
4.614965e+01 6.812395e-24
4.625426e+01 6.798821e-24
4.635910e+01 6.759122e-24
4.646418e+01 6.735290e-24
4.656950e+01 6.721597e-24
4.667505e+01 6.708844e-24
4.678085e+01 6.696456e-24
4.688688e+01 6.692142e-24
4.699316e+01 6.689609e-24
4.709968e+01 6.646974e-24
4.720644e+01 6.604058e-24
4.731344e+01 6.601217e-24
4.742068e+01 6.595583e-24
4.752817e+01 6.578240e-24
4.763589e+01 6.560933e-24
4.774387e+01 6.543733e-24
4.785209e+01 6.534970e-24
4.796055e+01 6.535341e-24
4.806926e+01 6.525685e-24
4.817822e+01 6.510280e-24
4.828742e+01 6.481913e-24
4.839687e+01 6.450252e-24
4.850657e+01 6.429262e-24
4.861651e+01 6.412526e-24
4.872671e+01 6.418348e-24
4.883716e+01 6.406247e-24
4.894785e+01 6.358667e-24
4.905880e+01 6.323408e-24
4.917000e+01 6.299120e-24
4.928145e+01 6.292998e-24
4.939315e+01 6.293588e-24
4.950511e+01 6.274245e-24
4.961732e+01 6.253017e-24
4.972978e+01 6.228779e-24
4.984251e+01 6.216414e-24
4.995548e+01 6.223774e-24
5.006871e+01 6.212982e-24
5.018220e+01 6.190365e-24
5.029594e+01 6.164185e-24
5.040995e+01 6.138231e-24
5.052421e+01 6.122089e-24
5.063873e+01 6.107448e-24
5.075351e+01 6.095786e-24
5.086855e+01 6.096152e-24
5.098385e+01 6.104713e-24
5.109941e+01 6.078631e-24
5.121524e+01 6.051084e-24
5.133132e+01 6.051518e-24
5.144767e+01 6.040385e-24
5.156429e+01 6.012520e-24
5.168116e+01 5.988072e-24
5.179831e+01 5.965099e-24
5.191572e+01 5.960954e-24
5.203339e+01 5.956257e-24
5.215133e+01 5.949473e-24
5.226954e+01 5.930982e-24
5.238802e+01 5.904248e-24
5.250676e+01 5.887299e-24
5.262577e+01 5.877794e-24
5.274506e+01 5.891382e-24
5.286461e+01 5.892064e-24
5.298444e+01 5.881720e-24
5.310453e+01 5.875495e-24
5.322490e+01 5.882644e-24
5.334555e+01 5.938888e-24
5.346646e+01 5.937086e-24
5.358765e+01 5.887513e-24
5.370911e+01 5.866191e-24
5.383085e+01 5.852251e-24
5.395287e+01 5.850723e-24
5.407516e+01 5.891749e-24
5.419773e+01 5.959617e-24
5.432058e+01 5.870858e-24
5.444370e+01 5.826703e-24
5.456711e+01 5.869441e-24
5.469079e+01 5.877689e-24
5.481476e+01 5.873436e-24
5.493900e+01 5.869441e-24
5.506353e+01 5.823575e-24
5.518834e+01 5.737320e-24
5.531343e+01 5.700102e-24
5.543881e+01 5.681514e-24
5.556447e+01 5.693384e-24
5.569041e+01 5.664458e-24
5.581664e+01 5.627581e-24
5.594316e+01 5.644714e-24
5.606996e+01 5.707018e-24
5.619705e+01 5.806217e-24
5.632443e+01 5.734898e-24
5.645210e+01 5.677806e-24
5.658006e+01 5.647400e-24
5.670830e+01 5.608522e-24
5.683684e+01 5.569617e-24
5.696567e+01 5.534657e-24
5.709479e+01 5.558781e-24
5.722420e+01 5.603189e-24
5.735391e+01 5.642277e-24
5.748391e+01 5.622927e-24
5.761421e+01 5.576829e-24
5.774480e+01 5.575800e-24
5.787568e+01 5.561057e-24
5.800687e+01 5.544675e-24
5.813835e+01 5.680938e-24
5.827013e+01 6.085956e-24
5.840221e+01 6.711448e-24
5.853458e+01 6.338840e-24
5.866726e+01 5.978876e-24
5.880024e+01 5.631948e-24
5.893352e+01 5.658351e-24
5.906710e+01 5.641237e-24
5.920098e+01 5.580588e-24
5.933517e+01 5.488836e-24
5.946966e+01 5.494727e-24
5.960446e+01 5.594588e-24
5.973956e+01 5.773205e-24
5.987497e+01 1.052615e-23
6.001068e+01 1.763773e-23
6.014670e+01 8.954452e-24
6.028304e+01 5.545690e-24
6.041968e+01 5.524416e-24
6.055663e+01 5.436999e-24
6.069389e+01 5.386954e-24
6.083146e+01 5.354803e-24
6.096934e+01 5.324648e-24
6.110754e+01 5.320809e-24
6.124605e+01 5.324164e-24
6.138487e+01 5.326851e-24
6.152401e+01 5.317132e-24
6.166346e+01 5.299892e-24
6.180323e+01 5.276206e-24
6.194331e+01 5.285208e-24
6.208372e+01 5.315643e-24
6.222444e+01 5.340044e-24
6.236548e+01 5.266109e-24
6.250684e+01 5.225027e-24
6.264852e+01 5.204420e-24
6.279052e+01 5.202767e-24
6.293285e+01 5.183683e-24
6.307549e+01 5.165173e-24
6.321846e+01 5.152135e-24
6.336176e+01 5.165112e-24
6.350538e+01 5.157974e-24
6.364932e+01 5.137634e-24
6.379359e+01 5.105980e-24
6.393819e+01 5.080458e-24
6.408311e+01 5.070346e-24
6.422837e+01 5.070507e-24
6.437395e+01 5.066468e-24
6.451986e+01 5.175710e-24
6.466611e+01 5.180151e-24
6.481268e+01 5.040830e-24
6.495959e+01 5.047666e-24
6.510683e+01 5.043573e-24
6.525440e+01 5.057107e-24
6.540231e+01 5.106411e-24
6.555055e+01 5.051210e-24
6.569913e+01 5.024116e-24
6.584805e+01 5.006191e-24
6.599730e+01 4.977949e-24
6.614690e+01 4.949637e-24
6.629683e+01 4.939990e-24
6.644710e+01 4.950402e-24
6.659771e+01 4.982325e-24
6.674867e+01 4.962301e-24
6.689996e+01 4.981913e-24
6.705160e+01 4.998523e-24
6.720358e+01 4.968507e-24
6.735591e+01 4.927616e-24
6.750858e+01 4.898827e-24
6.766160e+01 4.879813e-24
6.781496e+01 4.868429e-24
6.796867e+01 4.860879e-24
6.812274e+01 4.902120e-24
6.827715e+01 4.912966e-24
6.843191e+01 4.877435e-24
6.858701e+01 4.829203e-24
6.874248e+01 4.809863e-24
6.889829e+01 4.810898e-24
6.905446e+01 4.823616e-24
6.921098e+01 4.836446e-24
6.936786e+01 4.819079e-24
6.952509e+01 4.786881e-24
6.968268e+01 4.772133e-24
6.984063e+01 4.776731e-24
6.999893e+01 4.781358e-24
7.015759e+01 4.758644e-24
7.031661e+01 4.763453e-24
7.047600e+01 4.765640e-24
7.063574e+01 4.756937e-24
7.079585e+01 4.759088e-24
7.095632e+01 4.730966e-24
7.111715e+01 4.727380e-24
7.127835e+01 4.723286e-24
7.143991e+01 4.718609e-24
7.160184e+01 4.744162e-24
7.176413e+01 4.738015e-24
7.192680e+01 4.727159e-24
7.208983e+01 4.714036e-24
7.225323e+01 4.703258e-24
7.241700e+01 4.698771e-24
7.258115e+01 4.692955e-24
7.274566e+01 4.708552e-24
7.291055e+01 4.687984e-24
7.307581e+01 4.668987e-24
7.324145e+01 4.673386e-24
7.340746e+01 4.672653e-24
7.357385e+01 4.638026e-24
7.374062e+01 4.642568e-24
7.390776e+01 4.634174e-24
7.407528e+01 4.648716e-24
7.424318e+01 4.679764e-24
7.441147e+01 4.639250e-24
7.458013e+01 4.626983e-24
7.474918e+01 4.622854e-24
7.491861e+01 4.642937e-24
7.508842e+01 4.638360e-24
7.525862e+01 4.605692e-24
7.542921e+01 4.638978e-24
7.560018e+01 4.956181e-24
7.577154e+01 4.705916e-24
7.594328e+01 4.646408e-24
7.611542e+01 4.649207e-24
7.628795e+01 4.624203e-24
7.646086e+01 4.574396e-24
7.663417e+01 4.557525e-24
7.680787e+01 4.570578e-24
7.698197e+01 4.533741e-24
7.715646e+01 4.537565e-24
7.733135e+01 4.540022e-24
7.750663e+01 4.536668e-24
7.768231e+01 4.534826e-24
7.785839e+01 4.529750e-24
7.803487e+01 4.515036e-24
7.821174e+01 4.522109e-24
7.838902e+01 4.491981e-24
7.856670e+01 4.493934e-24
7.874478e+01 4.508961e-24
7.892327e+01 4.499407e-24
7.910216e+01 4.483125e-24
7.928146e+01 4.493022e-24
7.946116e+01 4.512423e-24
7.964127e+01 4.493742e-24
7.982179e+01 4.462761e-24
8.000272e+01 4.462437e-24
8.018405e+01 4.467423e-24
8.036580e+01 4.469453e-24
8.054796e+01 4.453117e-24
8.073054e+01 4.439443e-24
8.091353e+01 4.444775e-24
8.109693e+01 4.439325e-24
8.128074e+01 4.421771e-24
8.146498e+01 4.413893e-24
8.164963e+01 4.420557e-24
8.183470e+01 4.446344e-24
8.202019e+01 4.417076e-24
8.220610e+01 4.416775e-24
8.239243e+01 4.445123e-24
8.257919e+01 4.426042e-24
8.276637e+01 4.408296e-24
8.295397e+01 4.395254e-24
8.314199e+01 4.380957e-24
8.333045e+01 4.389690e-24
8.351933e+01 4.410360e-24
8.370864e+01 4.403776e-24
8.389838e+01 4.387009e-24
8.408854e+01 4.376350e-24
8.427914e+01 4.372008e-24
8.447017e+01 4.386237e-24
8.466164e+01 4.387917e-24
8.485353e+01 4.355614e-24
8.504587e+01 4.341063e-24
8.523864e+01 4.343339e-24
8.543184e+01 4.348236e-24
8.562548e+01 4.346369e-24
8.581957e+01 4.332401e-24
8.601409e+01 4.327538e-24
8.620905e+01 4.325031e-24
8.640446e+01 4.351421e-24
8.660031e+01 4.313812e-24
8.679660e+01 4.320066e-24
8.699334e+01 4.292899e-24
8.719052e+01 4.310527e-24
8.738815e+01 4.317533e-24
8.758623e+01 4.296142e-24
8.778475e+01 4.304427e-24
8.798373e+01 4.308714e-24
8.818316e+01 4.309870e-24
8.838304e+01 4.276053e-24
8.858337e+01 4.294397e-24
8.878416e+01 4.267131e-24
8.898540e+01 4.253294e-24
8.918710e+01 4.257743e-24
8.938925e+01 4.249903e-24
8.959187e+01 4.356968e-24
8.979494e+01 4.268752e-24
8.999847e+01 4.262497e-24
9.020247e+01 4.227466e-24
9.040692e+01 4.232922e-24
9.061184e+01 4.226744e-24
9.081723e+01 4.233456e-24
9.102308e+01 4.251253e-24
9.122939e+01 4.237613e-24
9.143618e+01 4.257572e-24
9.164343e+01 4.272172e-24
9.185116e+01 4.240715e-24
9.205935e+01 4.252764e-24
9.226802e+01 4.228012e-24
9.247715e+01 4.218312e-24
9.268677e+01 4.211317e-24
9.289686e+01 4.210376e-24
9.310742e+01 4.203859e-24
9.331846e+01 4.188221e-24
9.352998e+01 4.207137e-24
9.374198e+01 4.190822e-24
9.395446e+01 4.187886e-24
9.416742e+01 4.183707e-24
9.438086e+01 4.170436e-24
9.459479e+01 4.164978e-24
9.480921e+01 4.154584e-24
9.502410e+01 4.164857e-24
9.523949e+01 4.161481e-24
9.545536e+01 4.158050e-24
9.567173e+01 4.154937e-24
9.588858e+01 4.144888e-24
9.610593e+01 4.152030e-24
9.632376e+01 4.146965e-24
9.654210e+01 4.137269e-24
9.676092e+01 4.147511e-24
9.698024e+01 4.128515e-24
9.720006e+01 4.151253e-24
9.742038e+01 4.128818e-24
9.764120e+01 4.113487e-24
9.786252e+01 4.114014e-24
9.808434e+01 4.110116e-24
9.830666e+01 4.108873e-24
9.852948e+01 4.118708e-24
9.875282e+01 4.099184e-24
9.897665e+01 4.091312e-24
9.920100e+01 4.096595e-24
9.942585e+01 4.088150e-24
9.965121e+01 4.087929e-24
9.987709e+01 4.094656e-24
1.001035e+02 4.077975e-24
1.003304e+02 4.067113e-24
1.005578e+02 4.061990e-24
1.007857e+02 4.062280e-24
1.010142e+02 4.059464e-24
1.012431e+02 4.053433e-24
1.014726e+02 4.052105e-24
1.017026e+02 4.048173e-24
1.019331e+02 4.043712e-24
1.021642e+02 4.040392e-24
1.023958e+02 4.042700e-24
1.026278e+02 4.035697e-24
1.028605e+02 4.037423e-24
1.030936e+02 4.029211e-24
1.033273e+02 4.026965e-24
1.035615e+02 4.024060e-24
1.037962e+02 4.029213e-24
1.040315e+02 4.018393e-24
1.042673e+02 4.018506e-24
1.045036e+02 4.019253e-24
1.047405e+02 4.010680e-24
1.049779e+02 4.014217e-24
1.052159e+02 4.011002e-24
1.054544e+02 4.005656e-24
1.056934e+02 4.003523e-24
1.059330e+02 3.996439e-24
1.061731e+02 3.997494e-24
1.064137e+02 3.990876e-24
1.066549e+02 3.992678e-24
1.068967e+02 3.992078e-24
1.071390e+02 3.985146e-24
1.073818e+02 3.987328e-24
1.076252e+02 3.986196e-24
1.078692e+02 3.983478e-24
1.081137e+02 3.978641e-24
1.083587e+02 3.974821e-24
1.086043e+02 3.973461e-24
1.088505e+02 3.969984e-24
1.090972e+02 3.962067e-24
1.093445e+02 3.964565e-24
1.095923e+02 3.964497e-24
1.098407e+02 3.954437e-24
1.100897e+02 3.956948e-24
1.103393e+02 3.953006e-24
1.105894e+02 3.946782e-24
1.108400e+02 3.954233e-24
1.110913e+02 3.949101e-24
1.113431e+02 3.946437e-24
1.115954e+02 3.937319e-24
1.118484e+02 3.936491e-24
1.121019e+02 3.935258e-24
1.123560e+02 3.942984e-24
1.126107e+02 3.926936e-24
1.128659e+02 3.927742e-24
1.131218e+02 3.929434e-24
1.133782e+02 3.920741e-24
1.136351e+02 3.923880e-24
1.138927e+02 3.914536e-24
1.141509e+02 3.912696e-24
1.144096e+02 3.910338e-24
1.146689e+02 3.911534e-24
1.149288e+02 3.912034e-24
1.151894e+02 3.917009e-24
1.154504e+02 3.910626e-24
1.157121e+02 3.900982e-24
1.159744e+02 3.908911e-24
1.162373e+02 3.893755e-24
1.165007e+02 3.898172e-24
1.167648e+02 3.901936e-24
1.170295e+02 3.893301e-24
1.172947e+02 3.889770e-24
1.175606e+02 3.893562e-24
1.178271e+02 3.881293e-24
1.180941e+02 3.891170e-24
1.183618e+02 3.889384e-24
1.186301e+02 3.880480e-24
1.188990e+02 3.870837e-24
1.191685e+02 3.867922e-24
1.194386e+02 3.867572e-24
1.197093e+02 3.874916e-24
1.199807e+02 3.864007e-24
1.202526e+02 3.874888e-24
1.205252e+02 3.869849e-24
1.207984e+02 3.854709e-24
1.210722e+02 3.863208e-24
1.213466e+02 3.860412e-24
1.216217e+02 3.849699e-24
1.218973e+02 3.855337e-24
1.221736e+02 3.844481e-24
1.224506e+02 3.855180e-24
1.227281e+02 3.850516e-24
1.230063e+02 3.838057e-24
1.232851e+02 3.840850e-24
1.235645e+02 3.841130e-24
1.238446e+02 3.830867e-24
1.241253e+02 3.836576e-24
1.244067e+02 3.826334e-24
1.246887e+02 3.838292e-24
1.249713e+02 3.832673e-24
1.252546e+02 3.823368e-24
1.255385e+02 3.821681e-24
1.258230e+02 3.826215e-24
1.261082e+02 3.816714e-24
1.263941e+02 3.821130e-24
1.266805e+02 3.822944e-24
1.269677e+02 3.809765e-24
1.272555e+02 3.818415e-24
1.275439e+02 3.818577e-24
1.278330e+02 3.801421e-24
1.281228e+02 3.799231e-24
1.284132e+02 3.798238e-24
1.287043e+02 3.808696e-24
1.289960e+02 3.813451e-24
1.292884e+02 3.820581e-24
1.295814e+02 3.789437e-24
1.298751e+02 3.787115e-24
1.301695e+02 3.785054e-24
1.304646e+02 3.785377e-24
1.307603e+02 3.782503e-24
1.310567e+02 3.779140e-24
1.313537e+02 3.777213e-24
1.316515e+02 3.783760e-24
1.319499e+02 3.777877e-24
1.322489e+02 3.796810e-24
1.325487e+02 3.775128e-24
1.328492e+02 3.767253e-24
1.331503e+02 3.765322e-24
1.334521e+02 3.763577e-24
1.337546e+02 3.761992e-24
1.340577e+02 3.772744e-24
1.343616e+02 3.765642e-24
1.346661e+02 3.756407e-24
1.349714e+02 3.792383e-24
1.352773e+02 3.787895e-24
1.355839e+02 3.750009e-24
1.358913e+02 3.748530e-24
1.361993e+02 3.746825e-24
1.365080e+02 3.745169e-24
1.368174e+02 3.743001e-24
1.371275e+02 3.740918e-24
1.374384e+02 3.739001e-24
1.377499e+02 3.737597e-24
1.380621e+02 3.735755e-24
1.383750e+02 3.733851e-24
1.386887e+02 3.732236e-24
1.390030e+02 3.730067e-24
1.393181e+02 3.728469e-24
1.396339e+02 3.726742e-24
1.399504e+02 3.745832e-24
1.402676e+02 3.723160e-24
1.405856e+02 3.721429e-24
1.409042e+02 3.719185e-24
1.412236e+02 3.717621e-24
1.415437e+02 3.715833e-24
1.418645e+02 3.713974e-24
1.421861e+02 3.712561e-24
1.425084e+02 3.710498e-24
1.428314e+02 3.708897e-24
1.431551e+02 3.707356e-24
1.434796e+02 3.705392e-24
1.438048e+02 3.709478e-24
1.441308e+02 3.703421e-24
1.444575e+02 3.700663e-24
1.447849e+02 3.698620e-24
1.451131e+02 3.697000e-24
1.454420e+02 3.695262e-24
1.457717e+02 3.693344e-24
1.461021e+02 3.692012e-24
1.464332e+02 3.690192e-24
1.467652e+02 3.688628e-24
1.470978e+02 3.686929e-24
1.474312e+02 3.690024e-24
1.477654e+02 3.689017e-24
1.481003e+02 3.684433e-24
1.484360e+02 3.680738e-24
1.487725e+02 3.679077e-24
1.491097e+02 3.676914e-24
1.494477e+02 3.680572e-24
1.497864e+02 3.679085e-24
1.501259e+02 3.678917e-24
1.504662e+02 3.681633e-24
1.508073e+02 3.671518e-24
1.511491e+02 3.668443e-24
1.514917e+02 3.665744e-24
1.518351e+02 3.664162e-24
1.521792e+02 3.662995e-24
1.525242e+02 3.661282e-24
1.528699e+02 3.659586e-24
1.532164e+02 3.658393e-24
1.535637e+02 3.658915e-24
1.539118e+02 3.654661e-24
1.542606e+02 3.653056e-24
1.546103e+02 3.651408e-24
1.549607e+02 3.650214e-24
1.553119e+02 3.648479e-24
1.556640e+02 3.647296e-24
1.560168e+02 3.646237e-24
1.563705e+02 3.644043e-24
1.567249e+02 3.642344e-24
1.570801e+02 3.640696e-24
1.574362e+02 3.639322e-24
1.577930e+02 3.638010e-24
1.581507e+02 3.636407e-24
1.585092e+02 3.635169e-24
1.588684e+02 3.633437e-24
1.592285e+02 3.631873e-24
1.595895e+02 3.630653e-24
1.599512e+02 3.629457e-24
1.603137e+02 3.627824e-24
1.606771e+02 3.626198e-24
1.610413e+02 3.624720e-24
1.614063e+02 3.623467e-24
1.617722e+02 3.622382e-24
1.621389e+02 3.620901e-24
1.625064e+02 3.619141e-24
1.628747e+02 3.619977e-24
1.632439e+02 3.619715e-24
1.636139e+02 3.614920e-24
1.639848e+02 3.613496e-24
1.643565e+02 3.612154e-24
1.647290e+02 3.610904e-24
1.651024e+02 3.609593e-24
1.654766e+02 3.608076e-24
1.658517e+02 3.606885e-24
1.662276e+02 3.605592e-24
1.666044e+02 3.607610e-24
1.669820e+02 3.606241e-24
1.673605e+02 3.605147e-24
1.677399e+02 3.603424e-24
1.681201e+02 3.601781e-24
1.685011e+02 3.601217e-24
1.688831e+02 3.600354e-24
1.692659e+02 3.600015e-24
1.696495e+02 3.600409e-24
1.700341e+02 3.597605e-24
1.704195e+02 3.593615e-24
1.708058e+02 3.589687e-24
1.711929e+02 3.588243e-24
1.715810e+02 3.587457e-24
1.719699e+02 3.585758e-24
1.723596e+02 3.584643e-24
1.727503e+02 3.588593e-24
1.731419e+02 3.581937e-24
1.735343e+02 3.580566e-24
1.739277e+02 3.579395e-24
1.743219e+02 3.578298e-24
1.747170e+02 3.579944e-24
1.751131e+02 3.575893e-24
1.755100e+02 3.574502e-24
1.759078e+02 3.576146e-24
1.763065e+02 3.572106e-24
1.767062e+02 3.571083e-24
1.771067e+02 3.569874e-24
1.775081e+02 3.568707e-24
1.779105e+02 3.567491e-24
1.783137e+02 3.566306e-24
1.787179e+02 3.565217e-24
1.791230e+02 3.564315e-24
1.795290e+02 3.562309e-24
1.799359e+02 3.576887e-24
1.803438e+02 3.561653e-24
1.807526e+02 3.559350e-24
1.811623e+02 3.558379e-24
1.815729e+02 3.556939e-24
1.819844e+02 3.556075e-24
1.823969e+02 3.556087e-24
1.828104e+02 3.553865e-24
1.832247e+02 3.552661e-24
1.836400e+02 3.551424e-24
1.840563e+02 3.550287e-24
1.844735e+02 3.549309e-24
1.848916e+02 3.548366e-24
1.853107e+02 3.547013e-24
1.857307e+02 3.545739e-24
1.861517e+02 3.544637e-24
1.865736e+02 3.543736e-24
1.869965e+02 3.542787e-24
1.874204e+02 3.541525e-24
1.878452e+02 3.540809e-24
1.882710e+02 3.541868e-24
1.886977e+02 3.539291e-24
1.891255e+02 3.537667e-24
1.895541e+02 3.536698e-24
1.899838e+02 3.535389e-24
1.904144e+02 3.534471e-24
1.908460e+02 3.533437e-24
1.912786e+02 3.532383e-24
1.917121e+02 3.532569e-24
1.921467e+02 3.530924e-24
1.925822e+02 3.529312e-24
1.930187e+02 3.528412e-24
1.934562e+02 3.528096e-24
1.938947e+02 3.527580e-24
1.943342e+02 3.525472e-24
1.947747e+02 3.524773e-24
1.952162e+02 3.523892e-24
1.956587e+02 3.522523e-24
1.961022e+02 3.521779e-24
1.965467e+02 3.520768e-24
1.969922e+02 3.519841e-24
1.974387e+02 3.519019e-24
1.978862e+02 3.517961e-24
1.983347e+02 3.516920e-24
1.987843e+02 3.515858e-24
1.992349e+02 3.515012e-24
1.996865e+02 3.514070e-24
2.001391e+02 3.514497e-24
2.005927e+02 3.512355e-24
2.010474e+02 3.511601e-24
2.015031e+02 3.512356e-24
2.019598e+02 3.509725e-24
2.024176e+02 3.509310e-24
2.028764e+02 3.508465e-24
2.033363e+02 3.507457e-24
2.037971e+02 3.506735e-24
2.042591e+02 3.505523e-24
2.047221e+02 3.504616e-24
2.051861e+02 3.504064e-24
2.056512e+02 3.503160e-24
2.061173e+02 3.502262e-24
2.065845e+02 3.501394e-24
2.070528e+02 3.500624e-24
2.075221e+02 3.499893e-24
2.079925e+02 3.499055e-24
2.084639e+02 3.498378e-24
2.089364e+02 3.497467e-24
2.094100e+02 3.496610e-24
2.098847e+02 3.496027e-24
2.103604e+02 3.495561e-24
2.108372e+02 3.494982e-24
2.113151e+02 3.494079e-24
2.117941e+02 3.493091e-24
2.122741e+02 3.492587e-24
2.127553e+02 3.491616e-24
2.132375e+02 3.490737e-24
2.137209e+02 3.490244e-24
2.142053e+02 3.489343e-24
2.146908e+02 3.488744e-24
2.151774e+02 3.488047e-24
2.156652e+02 3.487281e-24
2.161540e+02 3.486570e-24
2.166440e+02 3.485983e-24
2.171350e+02 3.485365e-24
2.176272e+02 3.484742e-24
2.181205e+02 3.483818e-24
2.186149e+02 3.483210e-24
2.191104e+02 3.482671e-24
2.196070e+02 3.482152e-24
2.201048e+02 3.481365e-24
2.206037e+02 3.481957e-24
2.211037e+02 3.480042e-24
2.216049e+02 3.479456e-24
2.221072e+02 3.479012e-24
2.226106e+02 3.478445e-24
2.231152e+02 3.477790e-24
2.236209e+02 3.477072e-24
2.241278e+02 3.480650e-24
2.246358e+02 3.476342e-24
2.251450e+02 3.475850e-24
2.256553e+02 3.483343e-24
2.261668e+02 3.518926e-24
2.266794e+02 3.496350e-24
2.271932e+02 3.485525e-24
2.277082e+02 3.478989e-24
2.282243e+02 3.476694e-24
2.287416e+02 3.475866e-24
2.292601e+02 3.474880e-24
2.297798e+02 3.475617e-24
2.303006e+02 3.478212e-24
2.308226e+02 3.478335e-24
2.313458e+02 3.476836e-24
2.318702e+02 3.480012e-24
2.323957e+02 3.484006e-24
2.329225e+02 3.481658e-24
2.334504e+02 3.483562e-24
2.339796e+02 3.480634e-24
2.345100e+02 3.488631e-24
2.350415e+02 3.486786e-24
2.355743e+02 3.484080e-24
2.361082e+02 3.482535e-24
2.366434e+02 3.479604e-24
2.371798e+02 3.478056e-24
2.377174e+02 3.474161e-24
2.382562e+02 3.469226e-24
2.387962e+02 3.469000e-24
2.393375e+02 3.468823e-24
2.398800e+02 3.469711e-24
2.404237e+02 3.468590e-24
2.409687e+02 3.467158e-24
2.415149e+02 3.466861e-24
2.420623e+02 3.467445e-24
2.426110e+02 3.460491e-24
2.431609e+02 3.460514e-24
2.437120e+02 3.469286e-24
2.442645e+02 3.459715e-24
2.448181e+02 3.459501e-24
2.453730e+02 3.459018e-24
2.459292e+02 3.458678e-24
2.464866e+02 3.458377e-24
2.470453e+02 3.458051e-24
2.476053e+02 3.458054e-24
2.481665e+02 3.457789e-24
2.487290e+02 3.457302e-24
2.492928e+02 3.457360e-24
2.498579e+02 3.456636e-24
2.504242e+02 3.456329e-24
2.509918e+02 3.456566e-24
2.515607e+02 3.456272e-24
2.521309e+02 3.473714e-24
2.527024e+02 3.475723e-24
2.532752e+02 3.469813e-24
2.538493e+02 3.474325e-24
2.544247e+02 3.475020e-24
2.550014e+02 3.470462e-24
2.555794e+02 3.472835e-24
2.561587e+02 3.454394e-24
2.567393e+02 3.454387e-24
2.573212e+02 3.454185e-24
2.579045e+02 3.463861e-24
2.584891e+02 3.553434e-24
2.590750e+02 3.454129e-24
2.596622e+02 3.453516e-24
2.602508e+02 3.484592e-24
2.608407e+02 3.488750e-24
2.614319e+02 3.482171e-24
2.620245e+02 3.501651e-24
2.626184e+02 3.510924e-24
2.632136e+02 3.492728e-24
2.638102e+02 3.452900e-24
2.644082e+02 3.529189e-24
2.650075e+02 3.452775e-24
2.656082e+02 3.452815e-24
2.662102e+02 3.452604e-24
2.668137e+02 3.532711e-24
2.674184e+02 3.452490e-24
2.680246e+02 3.452577e-24
2.686321e+02 3.452699e-24
2.692410e+02 3.452300e-24
2.698512e+02 3.452460e-24
2.704629e+02 3.452726e-24
2.710759e+02 3.452637e-24
2.716904e+02 3.452727e-24
2.723062e+02 3.453012e-24
2.729234e+02 3.452943e-24
2.735421e+02 3.452941e-24
2.741621e+02 3.506056e-24
2.747835e+02 3.452760e-24
2.754063e+02 3.452735e-24
2.760306e+02 3.453292e-24
2.766562e+02 3.453361e-24
2.772833e+02 3.460455e-24
2.779118e+02 3.453692e-24
2.785418e+02 3.453374e-24
2.791731e+02 3.453399e-24
2.798059e+02 3.453852e-24
2.804401e+02 3.453970e-24
2.810758e+02 3.453948e-24
2.817129e+02 3.454109e-24
2.823514e+02 3.454270e-24
2.829914e+02 3.454342e-24
2.836329e+02 3.454652e-24
2.842758e+02 3.454926e-24
2.849201e+02 3.455255e-24
2.855659e+02 3.455364e-24
2.862132e+02 3.455523e-24
2.868619e+02 3.455579e-24
2.875121e+02 3.456016e-24
2.881638e+02 3.456089e-24
2.888170e+02 3.456239e-24
2.894716e+02 3.456563e-24
2.901278e+02 3.504796e-24
2.907854e+02 3.510277e-24
2.914445e+02 3.457554e-24
2.921051e+02 3.457768e-24
2.927672e+02 3.458027e-24
2.934308e+02 3.458563e-24
2.940959e+02 3.458734e-24
2.947625e+02 3.458852e-24
2.954306e+02 3.459236e-24
2.961003e+02 3.459582e-24
2.967714e+02 3.459903e-24
2.974441e+02 3.460542e-24
2.981183e+02 3.460972e-24
2.987940e+02 3.461375e-24
2.994713e+02 3.461765e-24
3.001501e+02 3.467088e-24
3.008304e+02 3.462258e-24
3.015123e+02 3.462593e-24
3.021957e+02 3.463046e-24
3.028807e+02 3.470461e-24
3.035672e+02 3.480091e-24
3.042553e+02 3.464437e-24
3.049449e+02 3.464834e-24
3.056361e+02 8.349837e-24
3.063289e+02 3.453464e-23
3.070232e+02 3.466845e-24
3.077191e+02 3.467448e-24
3.084166e+02 3.467191e-24
3.091157e+02 3.467757e-24
3.098163e+02 3.468368e-24
3.105186e+02 3.468814e-24
3.112224e+02 3.469352e-24
3.119279e+02 3.469971e-24
3.126349e+02 3.470479e-24
3.133435e+02 3.471052e-24
3.140538e+02 3.471661e-24
3.147656e+02 3.474077e-24
3.154791e+02 3.474166e-24
3.161941e+02 3.473464e-24
3.169108e+02 3.474252e-24
3.176292e+02 3.476418e-24
3.183491e+02 3.475189e-24
3.190707e+02 3.475913e-24
3.197939e+02 3.476611e-24
3.205188e+02 3.477295e-24
3.212453e+02 3.477852e-24
3.219734e+02 3.478457e-24
3.227032e+02 3.479648e-24
3.234347e+02 3.480631e-24
3.241678e+02 3.480714e-24
3.249026e+02 3.481457e-24
3.256390e+02 3.482343e-24
3.263771e+02 3.483043e-24
3.271169e+02 3.483644e-24
3.278583e+02 3.484405e-24
3.286015e+02 3.485138e-24
3.293463e+02 3.485960e-24
3.300928e+02 3.486769e-24
3.308410e+02 3.487580e-24
3.315909e+02 3.488383e-24
3.323425e+02 3.489204e-24
3.330958e+02 3.490056e-24
3.338508e+02 3.492636e-24
3.346076e+02 3.492155e-24
3.353660e+02 3.493864e-24
3.361261e+02 3.493786e-24
3.368880e+02 3.494283e-24
3.376516e+02 3.502702e-24
3.384170e+02 3.505832e-24
3.391840e+02 3.505107e-24
3.399529e+02 3.506881e-24
3.407234e+02 3.509232e-24
3.414957e+02 3.509981e-24
3.422697e+02 3.510824e-24
3.430455e+02 3.512017e-24
3.438231e+02 3.513700e-24
3.446024e+02 3.513247e-24
3.453835e+02 3.514787e-24
3.461664e+02 3.515458e-24
3.469510e+02 3.515035e-24
3.477374e+02 3.517047e-24
3.485256e+02 3.518376e-24
3.493156e+02 3.517343e-24
3.501074e+02 3.518427e-24
3.509010e+02 3.518394e-24
3.516963e+02 3.519264e-24
3.524935e+02 3.518826e-24
3.532925e+02 3.517385e-24
3.540933e+02 3.516572e-24
3.548959e+02 3.522442e-24
3.557003e+02 3.534799e-24
3.565065e+02 3.552122e-24
3.573146e+02 3.550951e-24
3.581245e+02 3.551589e-24
3.589363e+02 3.547750e-24
3.597498e+02 3.549170e-24
3.605653e+02 3.544011e-24
3.613825e+02 3.543527e-24
3.622017e+02 3.543267e-24
3.630226e+02 3.548573e-24
3.638455e+02 3.554073e-24
3.646702e+02 3.551674e-24
3.654968e+02 3.548418e-24
3.663252e+02 3.548826e-24
3.671556e+02 3.548044e-24
3.679878e+02 3.551695e-24
3.688219e+02 3.554364e-24
3.696578e+02 3.554146e-24
3.704957e+02 3.559025e-24
3.713355e+02 3.560936e-24
3.721772e+02 3.554784e-24
3.730208e+02 3.560262e-24
3.738663e+02 3.561817e-24
3.747137e+02 3.561055e-24
3.755631e+02 3.575263e-24
3.764143e+02 3.551210e-24
3.772675e+02 3.552450e-24
3.781227e+02 3.553724e-24
3.789797e+02 3.555330e-24
3.798387e+02 3.556743e-24
3.806997e+02 3.558274e-24
3.815626e+02 3.571158e-24
3.824275e+02 3.561206e-24
3.832943e+02 3.562764e-24
3.841631e+02 3.564412e-24
3.850338e+02 3.566139e-24
3.859066e+02 3.567512e-24
3.867813e+02 3.577094e-24
3.876580e+02 3.570762e-24
3.885367e+02 3.572102e-24
3.894173e+02 3.573712e-24
3.903000e+02 3.575041e-24
3.911847e+02 3.576681e-24
3.920714e+02 3.578401e-24
3.929601e+02 3.580067e-24
3.938508e+02 3.581886e-24
3.947435e+02 3.591146e-24
3.956382e+02 3.586387e-24
3.965350e+02 3.588759e-24
3.974338e+02 3.594900e-24
3.983346e+02 3.594931e-24
3.992375e+02 3.594155e-24
4.001424e+02 3.593648e-24
4.010494e+02 3.595351e-24
4.019585e+02 3.597171e-24
4.028696e+02 3.599174e-24
4.037827e+02 3.600725e-24
4.046979e+02 3.602628e-24
4.056153e+02 3.604383e-24
4.065346e+02 3.606175e-24
4.074561e+02 3.608110e-24
4.083797e+02 3.609986e-24
4.093053e+02 3.611937e-24
4.102331e+02 3.613879e-24
4.111629e+02 3.615818e-24
4.120949e+02 3.617666e-24
4.130290e+02 3.619333e-24
4.139651e+02 3.621204e-24
4.149035e+02 3.623345e-24
4.158439e+02 3.625306e-24
4.167865e+02 3.627349e-24
4.177312e+02 3.629318e-24
4.186780e+02 3.631184e-24
4.196270e+02 3.633855e-24
4.205782e+02 3.635610e-24
4.215315e+02 3.637517e-24
4.224869e+02 3.639548e-24
4.234445e+02 3.641573e-24
4.244044e+02 3.643460e-24
4.253663e+02 3.645656e-24
4.263305e+02 3.655484e-24
4.272968e+02 3.653373e-24
4.282653e+02 3.652212e-24
4.292361e+02 3.654116e-24
4.302090e+02 3.656257e-24
4.311841e+02 3.658596e-24
4.321615e+02 3.664885e-24
4.331410e+02 3.668816e-24
4.341228e+02 3.667757e-24
4.351068e+02 3.754121e-24
4.360930e+02 3.681342e-24
4.370815e+02 3.683298e-24
4.380722e+02 3.688690e-24
4.390652e+02 3.696404e-24
4.400604e+02 3.693791e-24
4.410578e+02 3.701635e-24
4.420575e+02 3.706700e-24
4.430595e+02 3.707885e-24
4.440638e+02 3.725615e-24
4.450703e+02 3.712864e-24
4.460791e+02 3.714112e-24
4.470902e+02 3.710122e-24
4.481036e+02 3.718968e-24
4.491193e+02 3.711654e-24
4.501373e+02 3.722080e-24
4.511576e+02 3.718581e-24
4.521802e+02 3.721082e-24
4.532052e+02 3.724845e-24
4.542324e+02 3.712273e-24
4.552620e+02 3.724772e-24
4.562939e+02 3.730849e-24
4.573282e+02 3.732130e-24
4.583648e+02 3.732780e-24
4.594037e+02 3.735683e-24
4.604450e+02 3.738433e-24
4.614887e+02 3.740430e-24
4.625347e+02 3.748228e-24
4.635831e+02 3.749870e-24
4.646339e+02 3.825657e-24
4.656871e+02 3.994850e-24
4.667426e+02 3.778519e-24
4.678005e+02 3.764922e-24
4.688609e+02 3.759989e-24
4.699236e+02 3.766432e-24
4.709888e+02 3.764470e-24
4.720563e+02 3.770789e-24
4.731263e+02 3.771378e-24
4.741987e+02 3.781043e-24
4.752736e+02 3.782990e-24
4.763508e+02 3.767277e-24
4.774306e+02 3.770205e-24
4.785127e+02 3.773200e-24
4.795974e+02 3.776431e-24
4.806844e+02 3.802219e-24
4.817740e+02 3.805085e-24
4.828660e+02 3.808121e-24
4.839605e+02 3.817662e-24
4.850574e+02 3.816139e-24
4.861569e+02 3.832562e-24
4.872588e+02 3.837881e-24
4.883633e+02 3.856827e-24
4.894702e+02 3.846349e-24
4.905797e+02 3.853239e-24
4.916916e+02 3.860265e-24
4.928061e+02 3.885479e-24
4.939232e+02 3.895237e-24
4.950427e+02 3.941439e-24
4.961648e+02 4.925167e-24
4.972894e+02 3.999722e-24
4.984166e+02 3.915847e-24
4.995463e+02 3.907567e-24
5.006786e+02 3.907192e-24
5.018135e+02 3.908621e-24
5.029509e+02 3.910862e-24
5.040909e+02 3.913363e-24
5.052335e+02 3.915988e-24
5.063787e+02 3.918915e-24
5.075265e+02 3.922487e-24
5.086769e+02 3.883825e-24
5.098298e+02 3.887122e-24
5.109855e+02 3.890308e-24
5.121437e+02 3.893600e-24
5.133045e+02 3.896896e-24
5.144680e+02 3.900278e-24
5.156341e+02 3.903185e-24
5.168029e+02 3.908903e-24
5.179743e+02 3.910177e-24
5.191483e+02 3.913586e-24
5.203251e+02 3.920433e-24
5.215045e+02 3.922343e-24
5.226865e+02 3.920681e-24
5.238713e+02 3.931851e-24
5.250587e+02 3.924223e-24
5.262488e+02 3.929069e-24
5.274416e+02 3.924477e-24
5.286372e+02 3.933418e-24
5.298354e+02 3.936536e-24
5.310363e+02 3.940717e-24
5.322400e+02 3.960287e-24
5.334464e+02 3.963623e-24
5.346555e+02 3.953347e-24
5.358674e+02 3.968545e-24
5.370820e+02 3.970426e-24
5.382994e+02 3.973984e-24
5.395195e+02 3.977395e-24
5.407424e+02 3.957098e-24
5.419681e+02 3.960702e-24
5.431966e+02 3.964136e-24
5.444278e+02 3.970096e-24
5.456618e+02 3.972423e-24
5.468986e+02 3.975439e-24
5.481383e+02 3.983043e-24
5.493807e+02 3.996173e-24
5.506259e+02 4.010071e-24
5.518740e+02 4.016686e-24
5.531249e+02 4.016285e-24
5.543787e+02 4.033468e-24
5.556352e+02 4.050336e-24
5.568947e+02 4.063697e-24
5.581569e+02 4.071983e-24
5.594221e+02 4.078206e-24
5.606901e+02 4.091148e-24
5.619610e+02 4.089595e-24
5.632347e+02 4.097116e-24
5.645114e+02 4.080977e-24
5.657909e+02 4.079371e-24
5.670734e+02 4.071758e-24
5.683587e+02 4.058862e-24
5.696470e+02 4.040542e-24
5.709382e+02 4.045675e-24
5.722323e+02 4.058002e-24
5.735294e+02 4.076897e-24
5.748293e+02 4.097060e-24
5.761323e+02 4.121332e-24
5.774382e+02 4.132300e-24
5.787470e+02 4.122816e-24
5.800588e+02 4.134144e-24
5.813736e+02 4.124821e-24
5.826914e+02 4.125833e-24
5.840121e+02 4.129815e-24
5.853359e+02 4.114428e-24
5.866626e+02 4.134079e-24
5.879924e+02 4.136229e-24
5.893252e+02 4.165747e-24
5.906609e+02 4.133234e-24
5.919998e+02 4.128664e-24
5.933416e+02 4.132439e-24
5.946865e+02 4.133911e-24
5.960344e+02 4.143567e-24
5.973854e+02 4.146835e-24
5.987395e+02 4.151397e-24
6.000966e+02 4.184778e-24
6.014568e+02 4.188730e-24
6.028201e+02 4.193165e-24
6.041865e+02 4.187237e-24
6.055560e+02 4.201485e-24
6.069286e+02 4.198985e-24
6.083043e+02 4.192157e-24
6.096831e+02 4.183515e-24
6.110650e+02 4.185671e-24
6.124501e+02 4.178602e-24
6.138383e+02 4.206431e-24
6.152296e+02 4.217878e-24
6.166241e+02 4.225297e-24
6.180218e+02 4.224158e-24
6.194226e+02 4.227184e-24
6.208266e+02 4.224659e-24
6.222338e+02 4.222467e-24
6.236442e+02 4.227050e-24
6.250578e+02 4.231321e-24
6.264746e+02 4.236547e-24
6.278946e+02 4.236103e-24
6.293178e+02 4.242314e-24
6.307442e+02 4.249030e-24
6.321739e+02 4.258065e-24
6.336068e+02 4.263864e-24
6.350430e+02 4.267530e-24
6.364824e+02 4.270460e-24
6.379251e+02 4.271466e-24
6.393710e+02 4.274905e-24
6.408202e+02 4.279519e-24
6.422728e+02 4.286480e-24
6.437286e+02 4.295574e-24
6.451877e+02 4.297388e-24
6.466501e+02 4.307063e-24
6.481158e+02 4.314972e-24
6.495848e+02 4.317195e-24
6.510572e+02 4.318612e-24
6.525329e+02 4.320127e-24
6.540120e+02 4.325509e-24
6.554944e+02 4.330946e-24
6.569802e+02 4.334482e-24
6.584693e+02 4.339579e-24
6.599618e+02 4.344684e-24
6.614577e+02 4.349923e-24
6.629570e+02 4.355453e-24
6.644597e+02 4.360562e-24
6.659658e+02 4.366017e-24
6.674753e+02 4.373219e-24
6.689882e+02 4.376909e-24
6.705046e+02 4.384943e-24
6.720244e+02 4.387543e-24
6.735476e+02 4.392773e-24
6.750743e+02 4.398306e-24
6.766045e+02 4.403730e-24
6.781381e+02 4.409573e-24
6.796752e+02 4.417759e-24
6.812158e+02 4.427472e-24
6.827599e+02 4.441546e-24
6.843074e+02 4.454240e-24
6.858585e+02 4.443990e-24
6.874131e+02 4.447320e-24
6.889712e+02 4.466723e-24
6.905329e+02 4.460814e-24
6.920981e+02 4.464935e-24
6.936668e+02 4.470725e-24
6.952391e+02 4.476666e-24
6.968150e+02 4.488055e-24
6.983944e+02 4.495800e-24
6.999774e+02 4.498695e-24
7.015640e+02 4.503684e-24
7.031542e+02 4.510101e-24
7.047480e+02 4.517765e-24
7.063454e+02 4.523558e-24
7.079465e+02 4.526878e-24
7.095511e+02 4.533003e-24
7.111594e+02 4.538689e-24
7.127714e+02 4.543819e-24
7.143869e+02 4.549460e-24
7.160062e+02 4.559806e-24
7.176291e+02 4.567013e-24
7.192558e+02 4.573646e-24
7.208860e+02 4.576045e-24
7.225200e+02 4.581913e-24
7.241577e+02 4.588965e-24
7.257992e+02 4.587250e-24
7.274443e+02 4.601827e-24
7.290931e+02 4.607559e-24
7.307457e+02 4.612748e-24
7.324021e+02 4.619766e-24
7.340622e+02 4.626398e-24
7.357260e+02 4.634021e-24
7.373936e+02 4.639029e-24
7.390651e+02 4.645820e-24
7.407402e+02 4.652541e-24
7.424193e+02 4.656127e-24
7.441020e+02 4.661756e-24
7.457887e+02 4.668013e-24
7.474791e+02 4.669977e-24
7.491734e+02 4.676492e-24
7.508715e+02 4.686495e-24
7.525734e+02 4.696690e-24
7.542793e+02 4.701851e-24
7.559889e+02 4.710090e-24
7.577025e+02 4.714663e-24
7.594199e+02 4.722903e-24
7.611413e+02 4.729656e-24
7.628665e+02 4.734157e-24
7.645956e+02 4.745608e-24
7.663287e+02 4.750360e-24
7.680657e+02 4.758601e-24
7.698066e+02 4.762960e-24
7.715515e+02 4.768040e-24
7.733003e+02 4.773845e-24
7.750531e+02 4.777948e-24
7.768099e+02 4.784806e-24
7.785707e+02 4.792219e-24
7.803354e+02 4.799100e-24
7.821042e+02 4.805984e-24
7.838769e+02 4.812976e-24
7.856537e+02 4.822170e-24
7.874345e+02 4.833652e-24
7.892193e+02 4.834147e-24
7.910082e+02 4.842378e-24
7.928011e+02 4.849414e-24
7.945981e+02 4.857324e-24
7.963992e+02 4.866023e-24
7.982043e+02 4.869859e-24
8.000136e+02 4.891600e-24
8.018269e+02 4.894578e-24
8.036444e+02 4.894460e-24
8.054660e+02 4.898968e-24
8.072917e+02 4.909237e-24
8.091215e+02 4.916811e-24
8.109555e+02 4.920965e-24
8.127936e+02 4.928208e-24
8.146360e+02 4.942562e-24
8.164824e+02 4.946621e-24
8.183331e+02 4.957730e-24
8.201880e+02 4.963739e-24
8.220471e+02 4.976782e-24
8.239104e+02 4.982414e-24
8.257779e+02 4.987898e-24
8.276496e+02 4.997754e-24
8.295256e+02 5.002017e-24
8.314058e+02 5.004193e-24
8.332903e+02 5.011481e-24
8.351791e+02 5.019313e-24
8.370722e+02 5.026955e-24
8.389695e+02 5.034737e-24
8.408711e+02 5.042351e-24
8.427771e+02 5.049982e-24
8.446874e+02 5.057889e-24
8.466020e+02 5.065814e-24
8.485209e+02 5.073772e-24
8.504442e+02 5.081722e-24
8.523719e+02 5.089577e-24
8.543039e+02 5.104713e-24
8.562403e+02 5.104844e-24
8.581811e+02 5.113084e-24
8.601263e+02 5.121396e-24
8.620759e+02 5.129414e-24
8.640299e+02 5.137244e-24
8.659884e+02 5.145356e-24
8.679512e+02 5.153500e-24
8.699186e+02 5.162065e-24
8.718904e+02 5.169846e-24
8.738666e+02 5.178295e-24
8.758474e+02 5.186578e-24
8.778326e+02 5.194861e-24
8.798224e+02 5.203318e-24
8.818166e+02 5.211316e-24
8.838154e+02 5.219464e-24
8.858187e+02 5.228339e-24
8.878265e+02 5.236169e-24
8.898389e+02 5.244525e-24
8.918558e+02 5.252858e-24
8.938773e+02 5.261237e-24
8.959035e+02 5.269800e-24
8.979341e+02 5.278182e-24
8.999694e+02 5.286814e-24
9.020094e+02 5.296097e-24
9.040539e+02 5.304134e-24
9.061031e+02 5.312450e-24
9.081569e+02 5.321644e-24
9.102153e+02 5.330141e-24
9.122785e+02 5.338636e-24
9.143463e+02 5.347435e-24
9.164188e+02 5.356329e-24
9.184960e+02 5.365719e-24
9.205779e+02 5.375257e-24
9.226645e+02 5.383515e-24
9.247558e+02 5.392249e-24
9.268519e+02 5.402710e-24
9.289528e+02 5.411050e-24
9.310584e+02 5.419474e-24
9.331688e+02 5.428938e-24
9.352839e+02 5.438106e-24
9.374039e+02 5.447019e-24
9.395286e+02 5.456436e-24
9.416582e+02 5.465757e-24
9.437926e+02 5.475455e-24
9.459319e+02 5.484662e-24
9.480760e+02 5.493608e-24
9.502249e+02 5.504028e-24
9.523787e+02 5.513254e-24
9.545374e+02 5.523334e-24
9.567010e+02 5.531589e-24
9.588695e+02 5.543540e-24
9.610429e+02 5.552551e-24
9.632213e+02 5.564018e-24
9.654046e+02 5.574106e-24
9.675928e+02 5.583267e-24
9.697860e+02 5.603060e-24
9.719841e+02 5.614782e-24
9.741873e+02 5.620690e-24
9.763954e+02 5.623164e-24
9.786086e+02 5.630672e-24
9.808267e+02 5.639896e-24
9.830499e+02 5.646852e-24
9.852781e+02 5.659027e-24
9.875114e+02 5.667178e-24
9.897497e+02 5.681810e-24
9.919931e+02 5.697794e-24
9.942416e+02 5.700937e-24
9.964952e+02 5.708516e-24
9.987539e+02 5.726827e-24
1.001018e+03 5.748125e-24
1.003287e+03 5.751064e-24
1.005561e+03 5.757576e-24
1.007840e+03 5.775125e-24
1.010125e+03 5.805442e-24
1.012414e+03 5.801083e-24
1.014709e+03 5.818379e-24
1.017009e+03 5.805606e-24
1.019314e+03 5.815697e-24
1.021624e+03 5.814634e-24
1.023940e+03 5.823144e-24
1.026261e+03 5.833830e-24
1.028587e+03 5.841280e-24
1.030919e+03 5.855874e-24
1.033255e+03 5.862830e-24
1.035597e+03 5.872751e-24
1.037945e+03 5.882985e-24
1.040297e+03 5.893275e-24
1.042655e+03 5.904419e-24
1.045019e+03 5.914609e-24
1.047387e+03 5.925103e-24
1.049761e+03 5.936301e-24
1.052141e+03 5.946552e-24
1.054526e+03 5.957715e-24
1.056916e+03 5.970138e-24
1.059312e+03 5.981422e-24
1.061713e+03 5.991904e-24
1.064119e+03 6.002021e-24
1.066531e+03 6.012239e-24
1.068949e+03 6.022558e-24
1.071371e+03 6.035305e-24
1.073800e+03 6.051898e-24
1.076234e+03 6.067483e-24
1.078673e+03 6.072169e-24
1.081118e+03 6.106522e-24
1.083569e+03 6.134380e-24
1.086025e+03 6.220192e-24
1.088486e+03 6.228502e-24
1.090954e+03 6.194473e-24
1.093427e+03 6.244776e-24
1.095905e+03 6.197630e-24
1.098389e+03 6.183100e-24
1.100879e+03 6.186929e-24
1.103374e+03 6.199162e-24
1.105875e+03 6.204202e-24
1.108381e+03 6.216010e-24
1.110894e+03 6.219047e-24
1.113412e+03 6.229805e-24
1.115935e+03 6.240729e-24
1.118465e+03 6.249261e-24
1.121000e+03 6.261987e-24
1.123541e+03 6.269366e-24
1.126088e+03 6.280670e-24
1.128640e+03 6.291697e-24
1.131198e+03 6.302774e-24
1.133762e+03 6.312853e-24
1.136332e+03 6.324419e-24
1.138908e+03 6.336432e-24
1.141489e+03 6.347201e-24
1.144077e+03 6.357704e-24
1.146670e+03 6.369010e-24
1.149269e+03 6.381548e-24
1.151874e+03 6.393490e-24
1.154485e+03 6.403171e-24
1.157102e+03 6.414964e-24
1.159724e+03 6.427707e-24
1.162353e+03 6.440043e-24
1.164988e+03 6.451952e-24
1.167628e+03 6.463456e-24
1.170275e+03 6.475087e-24
1.172928e+03 6.487855e-24
1.175586e+03 6.499537e-24
1.178251e+03 6.512085e-24
1.180921e+03 6.523952e-24
1.183598e+03 6.535971e-24
1.186281e+03 6.548083e-24
1.188970e+03 6.560657e-24
1.191665e+03 6.572283e-24
1.194366e+03 6.585045e-24
1.197073e+03 6.596524e-24
1.199786e+03 6.607907e-24
1.202506e+03 6.620242e-24
1.205232e+03 6.633200e-24
1.207963e+03 6.645060e-24
1.210701e+03 6.657114e-24
1.213446e+03 6.669429e-24
1.216196e+03 6.681907e-24
1.218953e+03 6.694606e-24
1.221716e+03 6.708135e-24
1.224485e+03 6.720477e-24
1.227260e+03 6.733220e-24
1.230042e+03 6.746137e-24
1.232830e+03 6.759322e-24
1.235625e+03 6.772195e-24
1.238425e+03 6.785693e-24
1.241232e+03 6.797539e-24
1.244046e+03 6.811004e-24
1.246866e+03 6.825930e-24
1.249692e+03 6.838950e-24
1.252524e+03 6.852163e-24
1.255363e+03 6.864791e-24
1.258209e+03 6.877996e-24
1.261061e+03 6.891675e-24
1.263919e+03 6.904418e-24
1.266784e+03 6.917308e-24
1.269655e+03 6.929892e-24
1.272533e+03 6.944345e-24
1.275418e+03 6.958505e-24
1.278309e+03 6.970739e-24
1.281206e+03 6.984686e-24
1.284110e+03 6.997062e-24
1.287021e+03 7.011529e-24
1.289938e+03 7.025355e-24
1.292862e+03 7.038685e-24
1.295792e+03 7.052877e-24
1.298729e+03 7.066770e-24
1.301673e+03 7.080218e-24
1.304623e+03 7.093069e-24
1.307581e+03 7.106266e-24
1.310544e+03 7.120534e-24
1.313515e+03 7.134189e-24
1.316492e+03 7.146630e-24
1.319476e+03 7.161105e-24
1.322467e+03 7.174564e-24
1.325465e+03 7.188508e-24
1.328469e+03 7.202465e-24
1.331480e+03 7.216869e-24
1.334498e+03 7.230607e-24
1.337523e+03 7.248770e-24
1.340555e+03 7.269786e-24
1.343593e+03 7.286435e-24
1.346639e+03 7.295754e-24
1.349691e+03 7.303955e-24
1.352750e+03 7.317195e-24
1.355816e+03 7.331360e-24
1.358890e+03 7.346296e-24
1.361970e+03 7.359986e-24
1.365057e+03 7.375869e-24
1.368151e+03 7.389651e-24
1.371252e+03 7.403299e-24
1.374360e+03 7.418146e-24
1.377475e+03 7.433924e-24
1.380598e+03 7.448365e-24
1.383727e+03 7.463252e-24
1.386863e+03 7.478002e-24
1.390007e+03 7.491426e-24
1.393158e+03 7.505363e-24
1.396315e+03 7.518863e-24
1.399480e+03 7.533443e-24
1.402652e+03 7.546946e-24
1.405832e+03 7.562144e-24
1.409018e+03 7.576591e-24
1.412212e+03 7.591388e-24
1.415413e+03 7.607999e-24
1.418621e+03 7.622920e-24
1.421837e+03 7.637463e-24
1.425059e+03 7.653130e-24
1.428290e+03 7.667344e-24
1.431527e+03 7.682893e-24
1.434772e+03 7.699366e-24
1.438024e+03 7.716310e-24
1.441283e+03 7.730247e-24
1.444550e+03 7.745720e-24
1.447824e+03 7.762407e-24
1.451106e+03 7.777801e-24
1.454395e+03 7.795045e-24
1.457692e+03 7.811794e-24
1.460996e+03 7.827076e-24
1.464307e+03 7.841530e-24
1.467627e+03 7.856800e-24
1.470953e+03 7.873892e-24
1.474287e+03 7.893360e-24
1.477629e+03 7.905299e-24
1.480978e+03 7.923689e-24
1.484335e+03 7.937437e-24
1.487700e+03 7.952635e-24
1.491072e+03 7.973087e-24
1.494451e+03 7.985196e-24
1.497839e+03 7.997485e-24
1.501234e+03 8.014178e-24
1.504637e+03 8.026948e-24
1.508047e+03 8.044881e-24
1.511465e+03 8.058958e-24
1.514891e+03 8.075625e-24
1.518325e+03 8.091651e-24
1.521766e+03 8.107399e-24
1.525216e+03 8.123006e-24
1.528673e+03 8.140606e-24
1.532138e+03 8.157187e-24
1.535611e+03 8.173603e-24
1.539091e+03 8.190856e-24
1.542580e+03 8.207370e-24
1.546076e+03 8.224395e-24
1.549581e+03 8.240107e-24
1.553093e+03 8.257611e-24
1.556613e+03 8.275725e-24
1.560142e+03 8.297059e-24
1.563678e+03 8.310411e-24
1.567222e+03 8.327600e-24
1.570775e+03 8.343876e-24
1.574335e+03 8.360029e-24
1.577903e+03 8.378161e-24
1.581480e+03 8.393960e-24
1.585065e+03 8.410456e-24
1.588658e+03 8.428036e-24
1.592258e+03 8.445941e-24
1.595868e+03 8.462105e-24
1.599485e+03 8.479272e-24
1.603110e+03 8.496685e-24
1.606744e+03 8.512145e-24
1.610386e+03 8.529983e-24
1.614036e+03 8.545981e-24
1.617694e+03 8.563890e-24
1.621361e+03 8.581224e-24
1.625036e+03 8.598560e-24
1.628720e+03 8.615129e-24
1.632411e+03 8.633313e-24
1.636111e+03 8.648957e-24
1.639820e+03 8.668079e-24
1.643537e+03 8.687307e-24
1.647262e+03 8.706482e-24
1.650996e+03 8.725371e-24
1.654738e+03 8.743363e-24
1.658489e+03 8.761873e-24
1.662248e+03 8.781057e-24
1.666016e+03 8.800096e-24
1.669792e+03 8.815719e-24
1.673577e+03 8.833165e-24
1.677370e+03 8.851726e-24
1.681172e+03 8.869112e-24
1.684983e+03 8.886625e-24
1.688802e+03 8.905124e-24
1.692630e+03 8.924343e-24
1.696466e+03 8.942517e-24
1.700312e+03 8.960545e-24
1.704166e+03 8.979446e-24
1.708029e+03 8.997752e-24
1.711900e+03 9.015651e-24
1.715780e+03 9.034770e-24
1.719669e+03 9.053825e-24
1.723567e+03 9.071478e-24
1.727474e+03 9.089414e-24
1.731389e+03 9.109742e-24
1.735314e+03 9.130006e-24
1.739247e+03 9.150605e-24
1.743190e+03 9.170760e-24
1.747141e+03 9.191250e-24
1.751101e+03 9.211254e-24
1.755070e+03 9.228987e-24
1.759048e+03 9.248852e-24
1.763035e+03 9.266998e-24
1.767032e+03 9.285418e-24
1.771037e+03 9.301773e-24
1.775051e+03 9.320111e-24
1.779074e+03 9.338232e-24
1.783107e+03 9.356749e-24
1.787149e+03 9.375910e-24
1.791199e+03 9.400028e-24
1.795259e+03 9.416190e-24
1.799329e+03 9.435730e-24
1.803407e+03 9.460468e-24
1.807495e+03 9.482398e-24
1.811592e+03 9.500058e-24
1.815698e+03 9.520448e-24
1.819813e+03 9.540051e-24
1.823938e+03 9.557734e-24
1.828073e+03 9.578214e-24
1.832216e+03 9.598845e-24
1.836369e+03 9.615900e-24
1.840532e+03 9.635735e-24
1.844703e+03 9.655132e-24
1.848885e+03 9.675472e-24
1.853075e+03 9.695046e-24
1.857276e+03 9.715712e-24
1.861486e+03 9.737341e-24
1.865705e+03 9.757455e-24
1.869934e+03 9.777434e-24
1.874172e+03 9.797899e-24
1.878420e+03 9.819546e-24
1.882678e+03 9.842121e-24
1.886945e+03 9.862183e-24
1.891222e+03 9.885588e-24
1.895509e+03 9.903904e-24
1.899805e+03 9.924483e-24
1.904112e+03 9.944429e-24
1.908428e+03 9.969120e-24
1.912753e+03 9.987778e-24
1.917089e+03 1.000964e-23
1.921434e+03 1.002902e-23
1.925790e+03 1.004835e-23
1.930155e+03 1.007060e-23
1.934530e+03 1.009199e-23
1.938914e+03 1.011105e-23
1.943309e+03 1.013475e-23
1.947714e+03 1.015416e-23
1.952129e+03 1.017263e-23
1.956554e+03 1.019898e-23
1.960988e+03 1.022194e-23
1.965433e+03 1.024739e-23
1.969888e+03 1.026573e-23
1.974353e+03 1.028991e-23
1.978828e+03 1.031184e-23
1.983314e+03 1.033003e-23
1.987809e+03 1.035440e-23
1.992315e+03 1.037824e-23
1.996831e+03 1.040177e-23
2.001357e+03 1.042310e-23
2.005893e+03 1.044762e-23
2.010440e+03 1.047218e-23
2.014997e+03 1.049923e-23
2.019564e+03 1.051922e-23
2.024142e+03 1.053688e-23
2.028730e+03 1.055935e-23
2.033328e+03 1.057788e-23
2.037937e+03 1.059855e-23
2.042556e+03 1.061856e-23
2.047186e+03 1.064438e-23
2.051826e+03 1.066266e-23
2.056477e+03 1.068812e-23
2.061138e+03 1.070788e-23
2.065810e+03 1.073227e-23
2.070492e+03 1.075529e-23
2.075186e+03 1.078104e-23
2.079889e+03 1.080821e-23
2.084604e+03 1.083229e-23
2.089329e+03 1.085774e-23
2.094064e+03 1.088271e-23
2.098811e+03 1.090295e-23
2.103568e+03 1.092427e-23
2.108336e+03 1.094164e-23
2.113115e+03 1.096998e-23
2.117905e+03 1.099337e-23
2.122705e+03 1.101459e-23
2.127517e+03 1.103682e-23
2.132339e+03 1.105997e-23
2.137172e+03 1.108295e-23
2.142017e+03 1.110511e-23
2.146872e+03 1.113044e-23
2.151738e+03 1.115279e-23
2.156615e+03 1.117736e-23
2.161503e+03 1.120065e-23
2.166403e+03 1.122515e-23
2.171313e+03 1.125135e-23
2.176235e+03 1.127998e-23
2.181168e+03 1.129941e-23
2.186111e+03 1.132402e-23
2.191067e+03 1.134415e-23
2.196033e+03 1.137399e-23
2.201011e+03 1.139762e-23
2.206000e+03 1.142155e-23
2.211000e+03 1.144476e-23
2.216011e+03 1.146639e-23
2.221034e+03 1.149280e-23
2.226068e+03 1.152387e-23
2.231114e+03 1.155240e-23
2.236171e+03 1.156888e-23
2.241240e+03 1.159800e-23
2.246320e+03 1.163148e-23
2.251412e+03 1.165293e-23
2.256515e+03 1.168227e-23
2.261630e+03 1.171668e-23
2.266756e+03 1.173942e-23
2.271894e+03 1.176740e-23
2.277043e+03 1.179635e-23
2.282205e+03 1.181226e-23
2.287378e+03 1.184197e-23
2.292562e+03 1.186062e-23
2.297759e+03 1.188327e-23
2.302967e+03 1.190964e-23
2.308187e+03 1.192699e-23
2.313419e+03 1.196321e-23
2.318662e+03 1.198683e-23
2.323918e+03 1.200133e-23
2.329185e+03 1.202804e-23
2.334465e+03 1.206137e-23
2.339756e+03 1.208803e-23
2.345060e+03 1.210288e-23
2.350375e+03 1.215234e-23
2.355702e+03 1.217283e-23
2.361042e+03 1.220706e-23
2.366394e+03 1.223600e-23
2.371758e+03 1.227301e-23
2.377133e+03 1.229629e-23
2.382521e+03 1.232192e-23
2.387922e+03 1.234678e-23
2.393334e+03 1.238060e-23
2.398759e+03 1.240148e-23
2.404196e+03 1.242890e-23
2.409646e+03 1.245930e-23
2.415108e+03 1.248323e-23
2.420582e+03 1.250734e-23
2.426068e+03 1.253850e-23
2.431568e+03 1.255688e-23
2.437079e+03 1.259499e-23
2.442603e+03 1.261586e-23
2.448140e+03 1.265363e-23
2.453689e+03 1.267273e-23
2.459250e+03 1.271443e-23
2.464824e+03 1.274260e-23
2.470411e+03 1.277307e-23
2.476011e+03 1.279456e-23
2.481623e+03 1.283442e-23
2.487248e+03 1.284961e-23
2.492886e+03 1.286876e-23
2.498536e+03 1.290085e-23
2.504200e+03 1.291011e-23
2.509876e+03 1.294684e-23
2.515565e+03 1.298047e-23
2.521267e+03 1.301297e-23
2.526981e+03 1.304693e-23
2.532709e+03 1.306811e-23
2.538450e+03 1.310978e-23
2.544204e+03 1.313083e-23
2.549970e+03 1.316206e-23
2.555750e+03 1.314185e-23
2.561543e+03 1.317910e-23
2.567349e+03 1.321938e-23
2.573169e+03 1.323338e-23
2.579001e+03 1.327006e-23
2.584847e+03 1.330693e-23
2.590706e+03 1.331921e-23
2.596578e+03 1.335514e-23
2.602463e+03 1.338315e-23
2.608362e+03 1.342939e-23
2.614274e+03 1.344404e-23
2.620200e+03 1.346572e-23
2.626139e+03 1.350508e-23
2.632092e+03 1.352964e-23
2.638058e+03 1.356829e-23
2.644037e+03 1.358620e-23
2.650030e+03 1.361913e-23
2.656037e+03 1.366499e-23
2.662057e+03 1.370268e-23
2.668091e+03 1.371364e-23
2.674139e+03 1.373489e-23
2.680200e+03 1.376859e-23
2.686275e+03 1.380574e-23
2.692364e+03 1.384292e-23
2.698467e+03 1.387115e-23
2.704583e+03 1.390692e-23
2.710713e+03 1.392927e-23
2.716858e+03 1.398481e-23
2.723016e+03 1.397688e-23
2.729188e+03 1.403347e-23
2.735374e+03 1.406457e-23
2.741574e+03 1.408001e-23
2.747788e+03 1.411107e-23
2.754017e+03 1.423290e-23
2.760259e+03 1.424368e-23
2.766515e+03 1.428769e-23
2.772786e+03 1.430021e-23
2.779071e+03 1.431712e-23
2.785370e+03 1.435359e-23
2.791684e+03 1.439839e-23
2.798012e+03 1.442795e-23
2.804354e+03 1.447867e-23
2.810710e+03 1.451073e-23
2.817081e+03 1.453302e-23
2.823466e+03 1.456177e-23
2.829866e+03 1.459010e-23
2.836280e+03 1.464562e-23
2.842709e+03 1.467862e-23
2.849153e+03 1.469889e-23
2.855611e+03 1.474370e-23
2.862083e+03 1.475137e-23
2.868571e+03 1.481213e-23
2.875073e+03 1.484296e-23
2.881589e+03 1.486971e-23
2.888121e+03 1.492504e-23
2.894667e+03 1.495759e-23
2.901229e+03 1.507290e-23
2.907805e+03 1.505383e-23
2.914396e+03 1.508916e-23
2.921001e+03 1.510471e-23
2.927622e+03 1.513805e-23
2.934258e+03 1.515337e-23
2.940909e+03 1.518460e-23
2.947575e+03 1.520156e-23
2.954256e+03 1.524205e-23
2.960952e+03 1.527974e-23
2.967664e+03 1.531006e-23
2.974390e+03 1.534882e-23
2.981132e+03 1.536601e-23
2.987890e+03 1.541199e-23
2.994662e+03 1.545013e-23
3.001450e+03 1.553464e-23
3.008253e+03 1.549867e-23
3.015072e+03 1.552756e-23
3.021906e+03 1.559967e-23
3.028755e+03 1.565209e-23
3.035620e+03 1.568837e-23
3.042501e+03 1.571016e-23
3.049397e+03 1.579047e-23
3.056309e+03 1.583468e-23
3.063237e+03 1.583268e-23
3.070180e+03 1.583131e-23
3.077139e+03 1.589633e-23
3.084114e+03 1.596407e-23
3.091104e+03 1.598508e-23
3.098111e+03 1.598534e-23
3.105133e+03 1.602017e-23
3.112171e+03 1.603960e-23
3.119226e+03 1.615625e-23
3.126296e+03 1.614434e-23
3.133382e+03 1.615887e-23
3.140484e+03 1.622717e-23
3.147603e+03 1.624874e-23
3.154737e+03 1.631473e-23
3.161888e+03 1.634024e-23
3.169055e+03 1.640709e-23
3.176238e+03 1.637419e-23
3.183437e+03 1.642735e-23
3.190653e+03 1.650172e-23
3.197885e+03 1.651448e-23
3.205133e+03 1.658308e-23
3.212398e+03 1.660566e-23
3.219680e+03 1.666928e-23
3.226977e+03 1.664650e-23
3.234292e+03 1.672423e-23
3.241623e+03 1.676721e-23
3.248970e+03 1.675687e-23
3.256335e+03 1.683186e-23
3.263716e+03 1.685447e-23
3.271113e+03 1.685225e-23
3.278528e+03 1.697815e-23
3.285959e+03 1.698432e-23
3.293407e+03 1.702676e-23
3.300872e+03 1.708211e-23
3.308354e+03 1.712625e-23
3.315853e+03 1.716151e-23
3.323369e+03 1.721416e-23
3.330902e+03 1.728553e-23
3.338452e+03 1.737449e-23
3.346019e+03 1.736680e-23
3.353603e+03 1.744865e-23
3.361204e+03 1.746746e-23
3.368823e+03 1.754759e-23
3.376459e+03 1.756427e-23
3.384112e+03 1.764707e-23
3.391783e+03 1.771575e-23
3.399471e+03 1.776227e-23
3.407176e+03 1.777109e-23
3.414899e+03 1.774739e-23
3.422639e+03 1.788479e-23
3.430397e+03 1.784964e-23
3.438173e+03 1.787396e-23
3.445966e+03 1.794877e-23
3.453777e+03 1.789914e-23
3.461605e+03 1.799479e-23
3.469451e+03 1.793088e-23
3.477315e+03 1.802896e-23
3.485197e+03 1.806373e-23
3.493097e+03 1.803468e-23
3.501015e+03 1.804618e-23
3.508950e+03 1.814487e-23
3.516904e+03 1.827056e-23
3.524875e+03 1.830318e-23
3.532865e+03 1.833381e-23
3.540873e+03 1.835694e-23
3.548898e+03 1.841457e-23
3.556943e+03 1.849529e-23
3.565005e+03 1.861590e-23
3.573086e+03 1.870223e-23
3.581184e+03 1.859181e-23
3.589302e+03 1.868562e-23
3.597437e+03 1.876270e-23
3.605591e+03 1.858830e-23
3.613764e+03 1.862298e-23
3.621955e+03 1.868219e-23
3.630165e+03 1.893686e-23
3.638393e+03 1.897620e-23
3.646640e+03 1.898342e-23
3.654906e+03 1.906779e-23
3.663190e+03 1.911644e-23
3.671493e+03 1.916145e-23
3.679815e+03 1.914278e-23
3.688156e+03 1.918891e-23
3.696516e+03 1.919849e-23
3.704894e+03 1.926988e-23
3.713292e+03 1.923247e-23
3.721709e+03 1.942117e-23
3.730145e+03 1.949692e-23
3.738599e+03 1.959702e-23
3.747074e+03 1.954399e-23
3.755567e+03 1.959130e-23
3.764079e+03 1.962953e-23
3.772611e+03 1.976364e-23
3.781162e+03 1.977003e-23
3.789733e+03 1.983706e-23
3.798323e+03 1.991194e-23
3.806932e+03 1.994179e-23
3.815561e+03 1.999262e-23
3.824210e+03 1.990933e-23
3.832878e+03 2.009961e-23
3.841566e+03 2.014678e-23
3.850273e+03 2.022640e-23
3.859000e+03 2.035376e-23
3.867747e+03 2.040132e-23
3.876514e+03 2.041791e-23
3.885301e+03 2.043595e-23
3.894107e+03 2.051720e-23
3.902934e+03 2.060453e-23
3.911780e+03 2.064695e-23
3.920647e+03 2.068604e-23
3.929534e+03 2.081370e-23
3.938441e+03 2.067416e-23
3.947368e+03 2.077468e-23
3.956315e+03 2.069277e-23
3.965283e+03 2.086712e-23
3.974271e+03 2.106964e-23
3.983279e+03 2.124190e-23
3.992307e+03 2.123970e-23
4.001356e+03 2.128302e-23
4.010426e+03 2.131179e-23
4.019516e+03 2.130730e-23
4.028627e+03 2.143575e-23
4.037759e+03 2.136786e-23
4.046911e+03 2.127192e-23
4.056084e+03 2.136774e-23
4.065277e+03 2.176835e-23
4.074492e+03 2.162461e-23
4.083727e+03 2.199086e-23
4.092984e+03 2.193850e-23
4.102261e+03 2.203034e-23
4.111559e+03 2.216078e-23
4.120879e+03 2.193891e-23
4.130219e+03 2.246287e-23
4.139581e+03 2.225726e-23
4.148964e+03 2.204710e-23
4.158368e+03 2.221074e-23
4.167794e+03 2.238377e-23
4.177241e+03 2.241791e-23
4.186709e+03 2.238745e-23
4.196199e+03 2.234423e-23
4.205710e+03 2.241718e-23
4.215243e+03 2.259231e-23
4.224797e+03 2.287602e-23
4.234374e+03 2.280198e-23
4.243971e+03 2.298614e-23
4.253591e+03 2.320813e-23
4.263232e+03 2.343705e-23
4.272896e+03 2.324711e-23
4.282581e+03 2.351683e-23
4.292288e+03 2.355924e-23
4.302017e+03 2.335591e-23
4.311768e+03 2.380317e-23
4.321541e+03 2.320075e-23
4.331337e+03 2.375332e-23
4.341154e+03 2.378708e-23
4.350994e+03 2.397687e-23
4.360856e+03 2.409445e-23
4.370741e+03 2.402712e-23
4.380648e+03 2.401684e-23
4.390577e+03 2.406781e-23
4.400529e+03 2.389567e-23
4.410503e+03 2.407974e-23
4.420500e+03 2.464229e-23
4.430520e+03 2.484827e-23
4.440562e+03 2.252516e-23
4.450628e+03 2.253941e-23
4.460716e+03 2.258232e-23
4.470827e+03 2.264734e-23
4.480960e+03 2.271072e-23
4.491117e+03 2.272085e-23
4.501297e+03 2.270638e-23
4.511500e+03 2.271318e-23
4.521726e+03 2.278080e-23
4.531975e+03 2.289444e-23
4.542247e+03 2.302098e-23
4.552543e+03 2.306119e-23
4.562862e+03 2.388424e-23
4.573204e+03 2.658806e-23
4.583570e+03 2.635191e-23
4.593959e+03 2.599668e-23
4.604372e+03 2.595686e-23
4.614809e+03 2.639489e-23
4.625269e+03 2.646483e-23
4.635753e+03 2.667964e-23
4.646260e+03 2.714722e-23
4.656792e+03 2.768527e-23
4.667347e+03 2.737284e-23
4.677926e+03 2.646552e-23
4.688529e+03 2.687898e-23
4.699157e+03 2.703498e-23
4.709808e+03 2.665258e-23
4.720483e+03 2.749997e-23
4.731183e+03 2.834556e-23
4.741907e+03 2.804125e-23
4.752655e+03 2.769708e-23
4.763428e+03 2.774341e-23
4.774225e+03 2.843747e-23
4.785046e+03 2.748715e-23
4.795892e+03 2.742232e-23
4.806763e+03 2.889047e-23
4.817658e+03 2.823818e-23
4.828578e+03 2.873092e-23
4.839523e+03 2.842672e-23
4.850492e+03 2.839500e-23
4.861486e+03 2.824674e-23
4.872506e+03 2.891672e-23
4.883550e+03 2.862504e-23
4.894619e+03 2.919785e-23
4.905713e+03 2.971508e-23
4.916833e+03 2.925463e-23
4.927978e+03 2.933147e-23
4.939148e+03 2.965269e-23
4.950343e+03 2.917256e-23
4.961564e+03 2.954404e-23
4.972810e+03 2.982060e-23
4.984081e+03 2.970372e-23
4.995378e+03 2.992322e-23
