# O4 Sensitivity 0.3excess-PR-50WatBS-300K-PessimisticLaserNoise
# frequency(Hz) strain(/rtHz) LF_noise susp_thermal mirror_thermal quantum laser_noise
1.0000e+00 3.0000e-11 3.0000e-11 4.3950e-18 8.0320e-22 2.0500e-20 1.3250e-19
1.0090e+00 2.8430e-11 2.8430e-11 4.1700e-18 7.9600e-22 2.0125e-20 1.2922e-19
1.0190e+00 2.6796e-11 2.6796e-11 3.9580e-18 7.8880e-22 1.9756e-20 1.2570e-19
1.0280e+00 2.5419e-11 2.5419e-11 3.7590e-18 7.8180e-22 1.9395e-20 1.2264e-19
1.0380e+00 2.3985e-11 2.3985e-11 3.5710e-18 7.7470e-22 1.9040e-20 1.1936e-19
1.0470e+00 2.2774e-11 2.2774e-11 3.3930e-18 7.6780e-22 1.8691e-20 1.1651e-19
1.0570e+00 2.1512e-11 2.1512e-11 3.2240e-18 7.6090e-22 1.8349e-20 1.1345e-19
1.0670e+00 2.0330e-11 2.0330e-11 3.0640e-18 7.5410e-22 1.8013e-20 1.1050e-19
1.0770e+00 1.9223e-11 1.9223e-11 2.9110e-18 7.4730e-22 1.7683e-20 1.0765e-19
1.0870e+00 1.8186e-11 1.8186e-11 2.7660e-18 7.4060e-22 1.7360e-20 1.0490e-19
1.0970e+00 1.7214e-11 1.7214e-11 2.6270e-18 7.3400e-22 1.7042e-20 1.0224e-19
1.1070e+00 1.6302e-11 1.6302e-11 2.4950e-18 7.2740e-22 1.6730e-20 9.9680e-20
1.1170e+00 1.5446e-11 1.5446e-11 2.3680e-18 7.2090e-22 1.6423e-20 9.7201e-20
1.1270e+00 1.4641e-11 1.4641e-11 2.2470e-18 7.1440e-22 1.6123e-20 9.4805e-20
1.1380e+00 1.3812e-11 1.3812e-11 2.1300e-18 7.0800e-22 1.5827e-20 9.2262e-20
1.1480e+00 1.3106e-11 1.3106e-11 2.0170e-18 7.0170e-22 1.5537e-20 9.0029e-20
1.1590e+00 1.2377e-11 1.2377e-11 1.9090e-18 6.9540e-22 1.5253e-20 8.7657e-20
1.1700e+00 1.1695e-11 1.1695e-11 1.8050e-18 6.8920e-22 1.4973e-20 8.5369e-20
1.1810e+00 1.1057e-11 1.1057e-11 1.7040e-18 6.8300e-22 1.4699e-20 8.3161e-20
1.1910e+00 1.0511e-11 1.0511e-11 1.6070e-18 6.7680e-22 1.4430e-20 8.1221e-20
1.2020e+00 9.9471e-12 9.9471e-12 1.5120e-18 6.7080e-22 1.4166e-20 7.9157e-20
1.2140e+00 9.3715e-12 9.3715e-12 1.4200e-18 6.6480e-22 1.3906e-20 7.6985e-20
1.2250e+00 8.8778e-12 8.8778e-12 1.3310e-18 6.5880e-22 1.3651e-20 7.5065e-20
1.2360e+00 8.4142e-12 8.4142e-12 1.2440e-18 6.5290e-22 1.3401e-20 7.3210e-20
1.2480e+00 7.9402e-12 7.9402e-12 1.1590e-18 6.4700e-22 1.3156e-20 7.1256e-20
1.2590e+00 7.5330e-12 7.5330e-12 1.0760e-18 6.4120e-22 1.2915e-20 6.9526e-20
1.2710e+00 7.1162e-12 7.1162e-12 9.9530e-19 6.3550e-22 1.2678e-20 6.7704e-20
1.2830e+00 6.7261e-12 6.7261e-12 9.1590e-19 6.2980e-22 1.2446e-20 6.5945e-20
1.2950e+00 6.3607e-12 6.3607e-12 8.3780e-19 6.2410e-22 1.2218e-20 6.4249e-20
1.3070e+00 6.0182e-12 6.0182e-12 7.6110e-19 6.1850e-22 1.1994e-20 6.2611e-20
1.3190e+00 5.6971e-12 5.6971e-12 6.8550e-19 6.1300e-22 1.1774e-20 6.1029e-20
1.3310e+00 5.3958e-12 5.3958e-12 6.1100e-19 6.0750e-22 1.1558e-20 5.9501e-20
1.3430e+00 5.1129e-12 5.1129e-12 5.3760e-19 6.0200e-22 1.1346e-20 5.8024e-20
1.3560e+00 4.8257e-12 4.8257e-12 4.6530e-19 5.9660e-22 1.1138e-20 5.6480e-20
1.3680e+00 4.5773e-12 4.5773e-12 3.9440e-19 5.9130e-22 1.0934e-20 5.5103e-20
1.3810e+00 4.3247e-12 4.3247e-12 3.2550e-19 5.8600e-22 1.0734e-20 5.3663e-20
1.3940e+00 4.0883e-12 4.0883e-12 2.6010e-19 5.8070e-22 1.0537e-20 5.2274e-20
1.4070e+00 3.8668e-12 3.8668e-12 2.0190e-19 5.7550e-22 1.0344e-20 5.0933e-20
1.4200e+00 3.6592e-12 3.6592e-12 1.5990e-19 5.7030e-22 1.0154e-20 4.9638e-20
1.4330e+00 3.4645e-12 3.4645e-12 1.4990e-19 5.6520e-22 9.9677e-21 4.8387e-20
1.4460e+00 3.2818e-12 3.2818e-12 1.7920e-19 5.6010e-22 9.7849e-21 4.7179e-20
1.4590e+00 3.1102e-12 3.1102e-12 2.3510e-19 5.5510e-22 9.6055e-21 4.6011e-20
1.4730e+00 2.9370e-12 2.9370e-12 3.0530e-19 5.5010e-22 9.4293e-21 4.4797e-20
1.4870e+00 2.7750e-12 2.7750e-12 3.8380e-19 5.4520e-22 9.2563e-21 4.3626e-20
1.5000e+00 2.6337e-12 2.6337e-12 4.6850e-19 5.4030e-22 9.0865e-21 4.2576e-20
1.5140e+00 2.4910e-12 2.4910e-12 5.5860e-19 5.3540e-22 8.9198e-21 4.1483e-20
1.5280e+00 2.3571e-12 2.3571e-12 6.5440e-19 5.3060e-22 8.7561e-21 4.0427e-20
1.5420e+00 2.2316e-12 2.2316e-12 7.5620e-19 5.2590e-22 8.5955e-21 3.9408e-20
1.5570e+00 2.1057e-12 2.1057e-12 8.6480e-19 5.2120e-22 8.4377e-21 3.8354e-20
1.5710e+00 1.9956e-12 1.9956e-12 9.8120e-19 5.1650e-22 8.2829e-21 3.7405e-20
1.5860e+00 1.8850e-12 1.8850e-12 1.1070e-18 5.1180e-22 8.1309e-21 3.6423e-20
1.6000e+00 1.7881e-12 1.7881e-12 1.2430e-18 5.0730e-22 7.9816e-21 3.5537e-20
1.6150e+00 1.6908e-12 1.6908e-12 1.3920e-18 5.0270e-22 7.8351e-21 3.4621e-20
1.6300e+00 1.5995e-12 1.5995e-12 1.5570e-18 4.9820e-22 7.6913e-21 3.3736e-20
1.6450e+00 1.5140e-12 1.5140e-12 1.7400e-18 4.9370e-22 7.5501e-21 3.2882e-20
1.6600e+00 1.4337e-12 1.4337e-12 1.9470e-18 4.8930e-22 7.4114e-21 3.2057e-20
1.6760e+00 1.3536e-12 1.3536e-12 2.1830e-18 4.8490e-22 7.2753e-21 3.1207e-20
1.6910e+00 1.2831e-12 1.2831e-12 2.4550e-18 4.8050e-22 7.1417e-21 3.0438e-20
1.7070e+00 1.2126e-12 1.2126e-12 2.7750e-18 4.7620e-22 7.0106e-21 2.9646e-20
1.7230e+00 1.1466e-12 1.1466e-12 3.1590e-18 4.7190e-22 6.8818e-21 2.8882e-20
1.7390e+00 1.0847e-12 1.0847e-12 3.6280e-18 4.6770e-22 6.7554e-21 2.8144e-20
1.7550e+00 1.0267e-12 1.0267e-12 4.2180e-18 4.6350e-22 6.6313e-21 2.7431e-20
1.7710e+00 9.7232e-13 9.7232e-13 4.9870e-18 4.5940e-22 6.5094e-21 2.6743e-20
1.7880e+00 9.1816e-13 9.1816e-13 6.0340e-18 4.5520e-22 6.3898e-21 2.6037e-20
1.8040e+00 8.7037e-13 8.7037e-13 7.5490e-18 4.5110e-22 6.2724e-21 2.5396e-20
1.8210e+00 8.2274e-13 8.2274e-13 9.9490e-18 4.4710e-22 6.1571e-21 2.4737e-20
1.8380e+00 7.7812e-13 7.7812e-13 1.4350e-17 4.4310e-22 6.0439e-21 2.4102e-20
1.8550e+00 7.3631e-13 7.3631e-13 2.5090e-17 4.3910e-22 5.9328e-21 2.3489e-20
1.8720e+00 6.9709e-13 6.9709e-13 9.1960e-17 4.3520e-22 5.8237e-21 2.2896e-20
1.8890e+00 6.6028e-13 6.6028e-13 5.7570e-17 4.3130e-22 5.7166e-21 2.2324e-20
1.9070e+00 6.2376e-13 6.2376e-13 2.2230e-17 4.2740e-22 5.6115e-21 2.1739e-20
1.9240e+00 5.9141e-13 5.9141e-13 1.3880e-17 4.2350e-22 5.5083e-21 2.1205e-20
1.9420e+00 5.5928e-13 5.5928e-13 1.0140e-17 4.1970e-22 5.4070e-21 2.0660e-20
1.9600e+00 5.2916e-13 5.2916e-13 8.0120e-18 4.1600e-22 5.3075e-21 2.0133e-20
1.9780e+00 5.0091e-13 5.0091e-13 6.6370e-18 4.1220e-22 5.2099e-21 1.9624e-20
1.9970e+00 4.7299e-13 4.7299e-13 5.6740e-18 4.0850e-22 5.1140e-21 1.9106e-20
2.0150e+00 4.4820e-13 4.4820e-13 4.9600e-18 4.0490e-22 5.0199e-21 1.8632e-20
2.0340e+00 4.2366e-13 4.2366e-13 4.4090e-18 4.0120e-22 4.9275e-21 1.8148e-20
2.0530e+00 4.0067e-13 4.0067e-13 3.9710e-18 3.9760e-22 4.8368e-21 1.7682e-20
2.0720e+00 3.7913e-13 3.7913e-13 3.6130e-18 3.9410e-22 4.7477e-21 1.7232e-20
2.0910e+00 3.5892e-13 3.5892e-13 3.3150e-18 3.9050e-22 4.6603e-21 1.6797e-20
2.1100e+00 3.3996e-13 3.3996e-13 3.0620e-18 3.8700e-22 4.5745e-21 1.6377e-20
2.1300e+00 3.2125e-13 3.2125e-13 2.8450e-18 3.8360e-22 4.4902e-21 1.5950e-20
2.1490e+00 3.0458e-13 3.0458e-13 2.6570e-18 3.8010e-22 4.4075e-21 1.5558e-20
2.1690e+00 2.8811e-13 2.8811e-13 2.4920e-18 3.7670e-22 4.3263e-21 1.5160e-20
2.1890e+00 2.7268e-13 2.7268e-13 2.3450e-18 3.7330e-22 4.2466e-21 1.4775e-20
2.2100e+00 2.5749e-13 2.5749e-13 2.2140e-18 3.7000e-22 4.1683e-21 1.4385e-20
2.2300e+00 2.4395e-13 2.4395e-13 2.0970e-18 3.6660e-22 4.0915e-21 1.4027e-20
2.2510e+00 2.3060e-13 2.3060e-13 1.9900e-18 3.6340e-22 4.0160e-21 1.3664e-20
2.2720e+00 2.1811e-13 2.1811e-13 1.8930e-18 3.6010e-22 3.9420e-21 1.3313e-20
2.2930e+00 2.0639e-13 2.0639e-13 1.8050e-18 3.5690e-22 3.8693e-21 1.2974e-20
2.3140e+00 1.9541e-13 1.9541e-13 1.7240e-18 3.5370e-22 3.7979e-21 1.2647e-20
2.3350e+00 1.8510e-13 1.8510e-13 1.6490e-18 3.5050e-22 3.7278e-21 1.2332e-20
2.3570e+00 1.7497e-13 1.7497e-13 1.5800e-18 3.4730e-22 3.6590e-21 1.2012e-20
2.3790e+00 1.6548e-13 1.6548e-13 1.5150e-18 3.4420e-22 3.5915e-21 1.1703e-20
2.4010e+00 1.5659e-13 1.5659e-13 1.4550e-18 3.4110e-22 3.5252e-21 1.1406e-20
2.4230e+00 1.4825e-13 1.4825e-13 1.3990e-18 3.3810e-22 3.4601e-21 1.1118e-20
2.4460e+00 1.4008e-13 1.4008e-13 1.3470e-18 3.3500e-22 3.3962e-21 1.0828e-20
2.4680e+00 1.3275e-13 1.3275e-13 1.2980e-18 3.3200e-22 3.3335e-21 1.0560e-20
2.4910e+00 1.2557e-13 1.2557e-13 1.2520e-18 3.2910e-22 3.2719e-21 1.0289e-20
2.5140e+00 1.1883e-13 1.1883e-13 1.2080e-18 3.2610e-22 3.2115e-21 1.0028e-20
2.5370e+00 1.1251e-13 1.1251e-13 1.1670e-18 3.2320e-22 3.1521e-21 9.7751e-21
2.5610e+00 1.0633e-13 1.0633e-13 1.1280e-18 3.2030e-22 3.0939e-21 9.5208e-21
2.5850e+00 1.0054e-13 1.0054e-13 1.0910e-18 3.1740e-22 3.0367e-21 9.2753e-21
2.6090e+00 9.5121e-14 9.5121e-14 1.0550e-18 3.1460e-22 2.9805e-21 9.0384e-21
2.6330e+00 9.0036e-14 9.0036e-14 1.0220e-18 3.1170e-22 2.9254e-21 8.8096e-21
2.6570e+00 8.5265e-14 8.5265e-14 9.9020e-19 3.0890e-22 2.8713e-21 8.5886e-21
2.6820e+00 8.0606e-14 8.0606e-14 9.5990e-19 3.0620e-22 2.8181e-21 8.3663e-21
2.7070e+00 7.6242e-14 7.6242e-14 9.3090e-19 3.0340e-22 2.7660e-21 8.1518e-21
2.7320e+00 7.2150e-14 7.2150e-14 9.0330e-19 3.0070e-22 2.7148e-21 7.9446e-21
2.7570e+00 6.8313e-14 6.8313e-14 8.7680e-19 2.9800e-22 2.6645e-21 7.7446e-21
2.7830e+00 6.4572e-14 6.4572e-14 8.5140e-19 2.9530e-22 2.6151e-21 7.5437e-21
2.8080e+00 6.1198e-14 6.1198e-14 8.2710e-19 2.9270e-22 2.5667e-21 7.3571e-21
2.8340e+00 5.7906e-14 5.7906e-14 8.0380e-19 2.9010e-22 2.5191e-21 7.1697e-21
2.8610e+00 5.4703e-14 5.4703e-14 7.8130e-19 2.8750e-22 2.4724e-21 6.9818e-21
2.8870e+00 5.1813e-14 5.1813e-14 7.5980e-19 2.8490e-22 2.4266e-21 6.8072e-21
2.9140e+00 4.8999e-14 4.8999e-14 7.3910e-19 2.8230e-22 2.3816e-21 6.6321e-21
2.9410e+00 4.6361e-14 4.6361e-14 7.1910e-19 2.7980e-22 2.3374e-21 6.4630e-21
2.9680e+00 4.3887e-14 4.3887e-14 6.9990e-19 2.7730e-22 2.2940e-21 6.2997e-21
2.9960e+00 4.1483e-14 4.1483e-14 6.8140e-19 2.7480e-22 2.2515e-21 6.1363e-21
3.0230e+00 3.9309e-14 3.9309e-14 6.6350e-19 2.7240e-22 2.2097e-21 5.9840e-21
3.0510e+00 3.7194e-14 3.7194e-14 6.4630e-19 2.6990e-22 2.1686e-21 5.8315e-21
3.0800e+00 3.5141e-14 3.5141e-14 6.2960e-19 2.6750e-22 2.1283e-21 5.6791e-21
3.1080e+00 3.3284e-14 3.3284e-14 6.1350e-19 2.6510e-22 2.0888e-21 5.5370e-21
3.1370e+00 3.1480e-14 3.1480e-14 5.9800e-19 2.6270e-22 2.0500e-21 5.3949e-21
3.1660e+00 2.9789e-14 2.9789e-14 5.8290e-19 2.6040e-22 2.0119e-21 5.2576e-21
3.1950e+00 2.8203e-14 2.8203e-14 5.6830e-19 2.5800e-22 1.9744e-21 5.1251e-21
3.2250e+00 2.6665e-14 2.6665e-14 5.5420e-19 2.5570e-22 1.9377e-21 4.9927e-21
3.2550e+00 2.5224e-14 2.5224e-14 5.4060e-19 2.5340e-22 1.9016e-21 4.8649e-21
3.2850e+00 2.3873e-14 2.3873e-14 5.2730e-19 2.5120e-22 1.8662e-21 4.7416e-21
3.3150e+00 2.2606e-14 2.2606e-14 5.1450e-19 2.4890e-22 1.8315e-21 4.6224e-21
3.3460e+00 2.1378e-14 2.1378e-14 5.0210e-19 2.4670e-22 1.7974e-21 4.5035e-21
3.3770e+00 2.0227e-14 2.0227e-14 4.9000e-19 2.4450e-22 1.7639e-21 4.3887e-21
3.4080e+00 1.9148e-14 1.9148e-14 4.7830e-19 2.4230e-22 1.7310e-21 4.2778e-21
3.4400e+00 1.8104e-14 1.8104e-14 4.6690e-19 2.4010e-22 1.6987e-21 4.1673e-21
3.4720e+00 1.7125e-14 1.7125e-14 4.5590e-19 2.3800e-22 1.6670e-21 4.0607e-21
3.5040e+00 1.6208e-14 1.6208e-14 4.4510e-19 2.3580e-22 1.6359e-21 3.9577e-21
3.5360e+00 1.5348e-14 1.5348e-14 4.3470e-19 2.3370e-22 1.6054e-21 3.8582e-21
3.5690e+00 1.4516e-14 1.4516e-14 4.2460e-19 2.3160e-22 1.5754e-21 3.7592e-21
3.6020e+00 1.3736e-14 1.3736e-14 4.1470e-19 2.2960e-22 1.5459e-21 3.6635e-21
3.6350e+00 1.3005e-14 1.3005e-14 4.0510e-19 2.2750e-22 1.5170e-21 3.5712e-21
3.6690e+00 1.2298e-14 1.2298e-14 3.9580e-19 2.2550e-22 1.4887e-21 3.4793e-21
3.7030e+00 1.1636e-14 1.1636e-14 3.8670e-19 2.2350e-22 1.4608e-21 3.3906e-21
3.7370e+00 1.1015e-14 1.1015e-14 3.7790e-19 2.2150e-22 1.4335e-21 3.3049e-21
3.7720e+00 1.0416e-14 1.0416e-14 3.6930e-19 2.1950e-22 1.4067e-21 3.2197e-21
3.8070e+00 9.8543e-15 9.8543e-15 3.6100e-19 2.1750e-22 1.3803e-21 3.1375e-21
3.8420e+00 9.3278e-15 9.3278e-15 3.5280e-19 2.1560e-22 1.3544e-21 3.0582e-21
3.8780e+00 8.8201e-15 8.8201e-15 3.4490e-19 2.1370e-22 1.3291e-21 2.9793e-21
3.9140e+00 8.3444e-15 8.3444e-15 3.3710e-19 2.1170e-22 1.3041e-21 2.9033e-21
3.9500e+00 7.8984e-15 7.8984e-15 3.2960e-19 2.0980e-22 1.2797e-21 2.8298e-21
3.9870e+00 7.4687e-15 7.4687e-15 3.2220e-19 2.0800e-22 1.2556e-21 2.7569e-21
4.0240e+00 7.0660e-15 7.0660e-15 3.1510e-19 2.0610e-22 1.2321e-21 2.6865e-21
4.0610e+00 6.6884e-15 6.6884e-15 3.0810e-19 2.0430e-22 1.2089e-21 2.6185e-21
4.0980e+00 6.3342e-15 6.3342e-15 3.0130e-19 2.0240e-22 1.1862e-21 2.5528e-21
4.1360e+00 5.9929e-15 5.9929e-15 2.9460e-19 2.0060e-22 1.1639e-21 2.4877e-21
4.1750e+00 5.6648e-15 5.6648e-15 2.8820e-19 1.9880e-22 1.1420e-21 2.4232e-21
4.2130e+00 5.3650e-15 5.3650e-15 2.8180e-19 1.9710e-22 1.1205e-21 2.3625e-21
4.2520e+00 5.0765e-15 5.0765e-15 2.7570e-19 1.9530e-22 1.0994e-21 2.3023e-21
4.2920e+00 4.7991e-15 4.7991e-15 2.6960e-19 1.9360e-22 1.0786e-21 2.2427e-21
4.3310e+00 4.5456e-15 4.5456e-15 2.6380e-19 1.9180e-22 1.0583e-21 2.1866e-21
4.3720e+00 4.2958e-15 4.2958e-15 2.5800e-19 1.9010e-22 1.0383e-21 2.1297e-21
4.4120e+00 4.0673e-15 4.0673e-15 2.5240e-19 1.8840e-22 1.0187e-21 2.0761e-21
4.4530e+00 3.8477e-15 3.8477e-15 2.4700e-19 1.8670e-22 9.9949e-22 2.0230e-21
4.4940e+00 3.6419e-15 3.6419e-15 2.4160e-19 1.8510e-22 9.8060e-22 1.9718e-21
4.5360e+00 3.4442e-15 3.4442e-15 2.3640e-19 1.8340e-22 9.6206e-22 1.9211e-21
4.5780e+00 3.2589e-15 3.2589e-15 2.3130e-19 1.8180e-22 9.4386e-22 1.8721e-21
4.6200e+00 3.0851e-15 3.0851e-15 2.2630e-19 1.8020e-22 9.2599e-22 1.8249e-21
4.6630e+00 2.9183e-15 2.9183e-15 2.2150e-19 1.7860e-22 9.0845e-22 1.7781e-21
4.7060e+00 2.7619e-15 2.7619e-15 2.1670e-19 1.7700e-22 8.9123e-22 1.7330e-21
4.7500e+00 2.6119e-15 2.6119e-15 2.1210e-19 1.7540e-22 8.7432e-22 1.6884e-21
4.7940e+00 2.4713e-15 2.4713e-15 2.0750e-19 1.7380e-22 8.5773e-22 1.6454e-21
4.8380e+00 2.3395e-15 2.3395e-15 2.0310e-19 1.7230e-22 8.4144e-22 1.6039e-21
4.8830e+00 2.2131e-15 2.2131e-15 1.9870e-19 1.7070e-22 8.2545e-22 1.5628e-21
4.9280e+00 2.0946e-15 2.0946e-15 1.9450e-19 1.6920e-22 8.0976e-22 1.5232e-21
4.9740e+00 1.9810e-15 1.9810e-15 1.9040e-19 1.6770e-22 7.9435e-22 1.4841e-21
5.0200e+00 1.8746e-15 1.8746e-15 1.8630e-19 1.6620e-22 7.7922e-22 1.4463e-21
5.0660e+00 1.7747e-15 1.7747e-15 1.8230e-19 1.6470e-22 7.6438e-22 1.4098e-21
5.1130e+00 1.6791e-15 1.6791e-15 1.7850e-19 1.6330e-22 7.4980e-22 1.3739e-21
5.1610e+00 1.5875e-15 1.5875e-15 1.7470e-19 1.6180e-22 7.3549e-22 1.3384e-21
5.2090e+00 1.5017e-15 1.5017e-15 1.7100e-19 1.6040e-22 7.2145e-22 1.3041e-21
5.2570e+00 1.4213e-15 1.4213e-15 1.6730e-19 1.5900e-22 7.0766e-22 1.2711e-21
5.3050e+00 1.3459e-15 1.3459e-15 1.6380e-19 1.5750e-22 6.9413e-22 1.2391e-21
5.3550e+00 1.2722e-15 1.2722e-15 1.6030e-19 1.5610e-22 6.8085e-22 1.2070e-21
5.4040e+00 1.2046e-15 1.2046e-15 1.5690e-19 1.5470e-22 6.6781e-22 1.1766e-21
5.4540e+00 1.1398e-15 1.1398e-15 1.5360e-19 1.5340e-22 6.5501e-22 1.1467e-21
5.5050e+00 1.0779e-15 1.0779e-15 1.5040e-19 1.5200e-22 6.4245e-22 1.1172e-21
5.5560e+00 1.0199e-15 1.0199e-15 1.4720e-19 1.5070e-22 6.3011e-22 1.0887e-21
5.6070e+00 9.6547e-16 9.6547e-16 1.4410e-19 1.4930e-22 6.1801e-22 1.0612e-21
5.6590e+00 9.1345e-16 9.1345e-16 1.4100e-19 1.4800e-22 6.0612e-22 1.0341e-21
5.7120e+00 8.6376e-16 8.6376e-16 1.3800e-19 1.4670e-22 5.9446e-22 1.0075e-21
5.7640e+00 8.1805e-16 8.1805e-16 1.3510e-19 1.4540e-22 5.8301e-22 9.8226e-22
5.8180e+00 7.7353e-16 7.7353e-16 1.3230e-19 1.4410e-22 5.7177e-22 9.5695e-22
5.8720e+00 7.3182e-16 7.3182e-16 1.2950e-19 1.4280e-22 5.6074e-22 9.3251e-22
5.9260e+00 6.9271e-16 6.9271e-16 1.2670e-19 1.4150e-22 5.4991e-22 9.0892e-22
5.9810e+00 6.5536e-16 6.5536e-16 1.2410e-19 1.4030e-22 5.3929e-22 8.8571e-22
6.0360e+00 6.2033e-16 6.2033e-16 1.2140e-19 1.3900e-22 5.2885e-22 8.6330e-22
6.0920e+00 5.8690e-16 5.8690e-16 1.1890e-19 1.3780e-22 5.1861e-22 8.4127e-22
6.1490e+00 5.5500e-16 5.5500e-16 1.1640e-19 1.3660e-22 5.0856e-22 8.1962e-22
6.2060e+00 5.2511e-16 5.2511e-16 1.1390e-19 1.3540e-22 4.9870e-22 7.9872e-22
6.2630e+00 4.9708e-16 4.9708e-16 1.1150e-19 1.3420e-22 4.8902e-22 7.7854e-22
6.3210e+00 4.7033e-16 4.7033e-16 1.0910e-19 1.3300e-22 4.7951e-22 7.5871e-22
6.3800e+00 4.4483e-16 4.4483e-16 1.0680e-19 1.3180e-22 4.7018e-22 7.3923e-22
6.4390e+00 4.2093e-16 4.2093e-16 1.0460e-19 1.3060e-22 4.6103e-22 7.2042e-22
6.4980e+00 3.9851e-16 3.9851e-16 1.0240e-19 1.2950e-22 4.5204e-22 7.0226e-22
6.5590e+00 3.7679e-16 3.7679e-16 1.0020e-19 1.2830e-22 4.4322e-22 6.8413e-22
6.6190e+00 3.5675e-16 3.5675e-16 9.8070e-20 1.2720e-22 4.3457e-22 6.6692e-22
6.6810e+00 3.3734e-16 3.3734e-16 9.5990e-20 1.2600e-22 4.2607e-22 6.4974e-22
6.7430e+00 3.1916e-16 3.1916e-16 9.3960e-20 1.2490e-22 4.1773e-22 6.3315e-22
6.8050e+00 3.0210e-16 3.0210e-16 9.1970e-20 1.2380e-22 4.0955e-22 6.1714e-22
6.8680e+00 2.8585e-16 2.8585e-16 9.0010e-20 1.2270e-22 4.0151e-22 6.0142e-22
6.9320e+00 2.7038e-16 2.7038e-16 8.8100e-20 1.2160e-22 3.9363e-22 5.8601e-22
6.9960e+00 2.5587e-16 2.5587e-16 8.6230e-20 1.2060e-22 3.8589e-22 5.7113e-22
7.0610e+00 2.4206e-16 2.4206e-16 8.4400e-20 1.1950e-22 3.7830e-22 5.5654e-22
7.1260e+00 2.2911e-16 2.2911e-16 8.2600e-20 1.1840e-22 3.7085e-22 5.4245e-22
7.1920e+00 2.1678e-16 2.1678e-16 8.0850e-20 1.1740e-22 3.6353e-22 5.2863e-22
7.2590e+00 2.0505e-16 2.0505e-16 7.9120e-20 1.1640e-22 3.5636e-22 5.1509e-22
7.3260e+00 1.9405e-16 1.9405e-16 7.7440e-20 1.1530e-22 3.4931e-22 5.0202e-22
7.3940e+00 1.8359e-16 1.8359e-16 7.5790e-20 1.1430e-22 3.4240e-22 4.8920e-22
7.4620e+00 1.7378e-16 1.7378e-16 7.4170e-20 1.1330e-22 3.3561e-22 4.7683e-22
7.5310e+00 1.6444e-16 1.6444e-16 7.2580e-20 1.1230e-22 3.2896e-22 4.6471e-22
7.6010e+00 1.5556e-16 1.5556e-16 7.1030e-20 1.1130e-22 3.2242e-22 4.5283e-22
7.6720e+00 1.4712e-16 1.4712e-16 6.9510e-20 1.1030e-22 3.1601e-22 4.4120e-22
7.7430e+00 1.3921e-16 1.3921e-16 6.8020e-20 1.0930e-22 3.0972e-22 4.2998e-22
7.8140e+00 1.3179e-16 1.3179e-16 6.6560e-20 1.0840e-22 3.0355e-22 4.1913e-22
7.8870e+00 1.2464e-16 1.2464e-16 6.5130e-20 1.0740e-22 2.9749e-22 4.0837e-22
7.9600e+00 1.1794e-16 1.1794e-16 6.3730e-20 1.0650e-22 2.9154e-22 3.9798e-22
8.0340e+00 1.1157e-16 1.1157e-16 6.2360e-20 1.0550e-22 2.8571e-22 3.8781e-22
8.1080e+00 1.0559e-16 1.0559e-16 6.1020e-20 1.0460e-22 2.7998e-22 3.7799e-22
8.1830e+00 9.9919e-17 9.9919e-17 5.9710e-20 1.0370e-22 2.7436e-22 3.6838e-22
8.2590e+00 9.4527e-17 9.4527e-17 5.8420e-20 1.0280e-22 2.6885e-22 3.5898e-22
8.3350e+00 8.9472e-17 8.9472e-17 5.7160e-20 1.0190e-22 2.6344e-22 3.4990e-22
8.4120e+00 8.4669e-17 8.4669e-17 5.5920e-20 1.0100e-22 2.5814e-22 3.4101e-22
8.4900e+00 8.0108e-17 8.0108e-17 5.4710e-20 1.0010e-22 2.5293e-22 3.3233e-22
8.5690e+00 7.5778e-17 7.5778e-17 5.3520e-20 9.9200e-23 2.4782e-22 3.2383e-22
8.6480e+00 7.1718e-17 7.1718e-17 5.2360e-20 9.8330e-23 2.4281e-22 3.1563e-22
8.7290e+00 6.7816e-17 6.7816e-17 5.1220e-20 9.7470e-23 2.3789e-22 3.0750e-22
8.8090e+00 6.4204e-17 6.4204e-17 5.0110e-20 9.6610e-23 2.3306e-22 2.9976e-22
8.8910e+00 6.0732e-17 6.0732e-17 4.9020e-20 9.5760e-23 2.2833e-22 2.9210e-22
8.9730e+00 5.7477e-17 5.7477e-17 4.7950e-20 9.4920e-23 2.2368e-22 2.8470e-22
9.0560e+00 5.4388e-17 5.4388e-17 4.6900e-20 9.4090e-23 2.1913e-22 2.7746e-22
9.1400e+00 5.1457e-17 5.1457e-17 4.5880e-20 9.3260e-23 2.1466e-22 2.7040e-22
9.2250e+00 4.8677e-17 4.8677e-17 4.4870e-20 9.2440e-23 2.1027e-22 2.6349e-22
9.3100e+00 4.6071e-17 4.6071e-17 4.3890e-20 9.1630e-23 2.0597e-22 2.5683e-22
9.3970e+00 4.3570e-17 4.3570e-17 4.2930e-20 9.0820e-23 2.0175e-22 2.5024e-22
9.4840e+00 4.1226e-17 4.1226e-17 4.1980e-20 9.0030e-23 1.9761e-22 2.4388e-22
9.5720e+00 3.9004e-17 3.9004e-17 4.1060e-20 8.9240e-23 1.9354e-22 2.3767e-22
9.6600e+00 3.6920e-17 3.6920e-17 4.0150e-20 8.8460e-23 1.8956e-22 2.3167e-22
9.7500e+00 3.4922e-17 3.4922e-17 3.9270e-20 8.7680e-23 1.8565e-22 2.2575e-22
9.8400e+00 3.3048e-17 3.3048e-17 3.8400e-20 8.6910e-23 1.8182e-22 2.2003e-22
9.9310e+00 3.1273e-17 3.1273e-17 3.7550e-20 8.6150e-23 1.7806e-22 2.1445e-22
1.0020e+01 2.9643e-17 2.9643e-17 3.6720e-20 8.5400e-23 1.7437e-22 2.0918e-22
1.0120e+01 2.7928e-17 2.7928e-17 3.5900e-20 8.4650e-23 1.7075e-22 2.0346e-22
1.0210e+01 2.6483e-17 2.6483e-17 3.5110e-20 8.3910e-23 1.6720e-22 1.9850e-22
1.0300e+01 2.5125e-17 2.5125e-17 3.4330e-20 8.3180e-23 1.6372e-22 1.9370e-22
1.0400e+01 2.3709e-17 2.3709e-17 3.3560e-20 8.2450e-23 1.6031e-22 1.8855e-22
1.0500e+01 2.2387e-17 2.2386e-17 3.2810e-20 8.1730e-23 1.5696e-22 1.8358e-22
1.0590e+01 2.1269e-17 2.1269e-17 3.2080e-20 8.1010e-23 1.5368e-22 1.7927e-22
1.0690e+01 2.0103e-17 2.0103e-17 3.1370e-20 8.0310e-23 1.5046e-22 1.7463e-22
1.0790e+01 1.9011e-17 1.9010e-17 3.0660e-20 7.9600e-23 1.4730e-22 1.7016e-22
1.0890e+01 1.7987e-17 1.7987e-17 2.9980e-20 7.8910e-23 1.4421e-22 1.6584e-22
1.0990e+01 1.7027e-17 1.7027e-17 2.9310e-20 7.8220e-23 1.4117e-22 1.6167e-22
1.1090e+01 1.6126e-17 1.6126e-17 2.8650e-20 7.7540e-23 1.3819e-22 1.5765e-22
1.1200e+01 1.5199e-17 1.5199e-17 2.8020e-20 7.6860e-23 1.3527e-22 1.5338e-22
1.1300e+01 1.4410e-17 1.4410e-17 2.7390e-20 7.6190e-23 1.3241e-22 1.4963e-22
1.1400e+01 1.3668e-17 1.3668e-17 2.6790e-20 7.5530e-23 1.2960e-22 1.4601e-22
1.1510e+01 1.2902e-17 1.2902e-17 2.6220e-20 7.4870e-23 1.2685e-22 1.4216e-22
1.1620e+01 1.2187e-17 1.2187e-17 2.5680e-20 7.4220e-23 1.2415e-22 1.3845e-22
1.1720e+01 1.1576e-17 1.1576e-17 2.5220e-20 7.3570e-23 1.2151e-22 1.3520e-22
1.1830e+01 1.0945e-17 1.0945e-17 2.5000e-20 7.2930e-23 1.1892e-22 1.3173e-22
1.1940e+01 1.0354e-17 1.0354e-17 2.6350e-20 7.2300e-23 1.1637e-22 1.2839e-22
1.2050e+01 9.8011e-18 9.7994e-18 1.7940e-19 7.1670e-23 1.1388e-22 1.2517e-22
1.2160e+01 9.2795e-18 9.2794e-18 2.4760e-20 7.1050e-23 1.1144e-22 1.2205e-22
1.2280e+01 8.7485e-18 8.7485e-18 2.2770e-20 7.0430e-23 1.0905e-22 1.1878e-22
1.2390e+01 8.2927e-18 8.2927e-18 2.1960e-20 6.9820e-23 1.0670e-22 1.1588e-22
1.2510e+01 7.8267e-18 7.8267e-18 2.1350e-20 6.9210e-23 1.0440e-22 1.1283e-22
1.2620e+01 7.4262e-18 7.4262e-18 2.0810e-20 6.8610e-23 1.0214e-22 1.1013e-22
1.2740e+01 7.0163e-18 7.0163e-18 2.0310e-20 6.8020e-23 9.9932e-23 1.0728e-22
1.2860e+01 6.6325e-18 6.6325e-18 1.9820e-20 6.7430e-23 9.7766e-23 1.0454e-22
1.2980e+01 6.2730e-18 6.2730e-18 1.9350e-20 6.6840e-23 9.5644e-23 1.0189e-22
1.3100e+01 5.9361e-18 5.9360e-18 1.8900e-20 6.6260e-23 9.3563e-23 9.9336e-23
1.3220e+01 5.6200e-18 5.6200e-18 1.8450e-20 6.5690e-23 9.1525e-23 9.6870e-23
1.3340e+01 5.3234e-18 5.3234e-18 1.8020e-20 6.5120e-23 8.9527e-23 9.4488e-23
1.3460e+01 5.0450e-18 5.0449e-18 1.7600e-20 6.4560e-23 8.7570e-23 9.2187e-23
1.3590e+01 4.7622e-18 4.7622e-18 1.7190e-20 6.4000e-23 8.5652e-23 8.9783e-23
1.3710e+01 4.5176e-18 4.5175e-18 1.6780e-20 6.3450e-23 8.3773e-23 8.7640e-23
1.3840e+01 4.2689e-18 4.2688e-18 1.6390e-20 6.2900e-23 8.1932e-23 8.5399e-23
1.3970e+01 4.0360e-18 4.0360e-18 1.6000e-20 6.2360e-23 8.0128e-23 8.3238e-23
1.4100e+01 3.8178e-18 3.8178e-18 1.5630e-20 6.1820e-23 7.8361e-23 8.1153e-23
1.4230e+01 3.6133e-18 3.6133e-18 1.5260e-20 6.1290e-23 7.6630e-23 7.9141e-23
1.4360e+01 3.4214e-18 3.4214e-18 1.4900e-20 6.0760e-23 7.4934e-23 7.7199e-23
1.4490e+01 3.2413e-18 3.2413e-18 1.4540e-20 6.0230e-23 7.3273e-23 7.5323e-23
1.4630e+01 3.0596e-18 3.0596e-18 1.4200e-20 5.9710e-23 7.1646e-23 7.3375e-23
1.4760e+01 2.9015e-18 2.9014e-18 1.3860e-20 5.9200e-23 7.0052e-23 7.1630e-23
1.4900e+01 2.7417e-18 2.7417e-18 1.3530e-20 5.8690e-23 6.8492e-23 6.9816e-23
1.5040e+01 2.5921e-18 2.5921e-18 1.3210e-20 5.8190e-23 6.6963e-23 6.8067e-23
1.5180e+01 2.4519e-18 2.4519e-18 1.2900e-20 5.7690e-23 6.5467e-23 6.6381e-23
1.5320e+01 2.3205e-18 2.3205e-18 1.2590e-20 5.7190e-23 6.4001e-23 6.4754e-23
1.5460e+01 2.1973e-18 2.1972e-18 1.2290e-20 5.6700e-23 6.2566e-23 6.3184e-23
1.5600e+01 2.0816e-18 2.0815e-18 1.1990e-20 5.6210e-23 6.1160e-23 6.1668e-23
1.5750e+01 1.9654e-18 1.9654e-18 1.1710e-20 5.5730e-23 5.9784e-23 6.0102e-23
1.5890e+01 1.8638e-18 1.8638e-18 1.1430e-20 5.5250e-23 5.8437e-23 5.8693e-23
1.6040e+01 1.7617e-18 1.7616e-18 1.1150e-20 5.4780e-23 5.7118e-23 5.7236e-23
1.6190e+01 1.6660e-18 1.6659e-18 1.0880e-20 5.4310e-23 5.5827e-23 5.5831e-23
1.6340e+01 1.5763e-18 1.5763e-18 1.0620e-20 5.3840e-23 5.4563e-23 5.4477e-23
1.6490e+01 1.4922e-18 1.4922e-18 1.0360e-20 5.3380e-23 5.3326e-23 5.3171e-23
1.6640e+01 1.4133e-18 1.4133e-18 1.0110e-20 5.2930e-23 5.2116e-23 5.1911e-23
1.6800e+01 1.3344e-18 1.3344e-18 9.8690e-21 5.2470e-23 5.0931e-23 5.0615e-23
1.6950e+01 1.2651e-18 1.2651e-18 9.6300e-21 5.2020e-23 4.9771e-23 4.9445e-23
1.7110e+01 1.1958e-18 1.1958e-18 9.3960e-21 5.1580e-23 4.8636e-23 4.8240e-23
1.7270e+01 1.1309e-18 1.1308e-18 9.1670e-21 5.1140e-23 4.7526e-23 4.7080e-23
1.7430e+01 1.0700e-18 1.0700e-18 8.9440e-21 5.0700e-23 4.6439e-23 4.5962e-23
1.7590e+01 1.0129e-18 1.0129e-18 8.7260e-21 5.0270e-23 4.5376e-23 4.4885e-23
1.7750e+01 9.5937e-19 9.5933e-19 8.5130e-21 4.9840e-23 4.4336e-23 4.3846e-23
1.7920e+01 9.0605e-19 9.0601e-19 8.3050e-21 4.9420e-23 4.3318e-23 4.2782e-23
1.8080e+01 8.5900e-19 8.5896e-19 8.1010e-21 4.9000e-23 4.2323e-23 4.1818e-23
1.8250e+01 8.1210e-19 8.1206e-19 7.9030e-21 4.8580e-23 4.1350e-23 4.0831e-23
1.8420e+01 7.6816e-19 7.6813e-19 7.7090e-21 4.8170e-23 4.0397e-23 3.9880e-23
1.8590e+01 7.2698e-19 7.2694e-19 7.5190e-21 4.7760e-23 3.9466e-23 3.8964e-23
1.8760e+01 6.8834e-19 6.8830e-19 7.3340e-21 4.7350e-23 3.8556e-23 3.8082e-23
1.8940e+01 6.5002e-19 6.4998e-19 7.1530e-21 4.6950e-23 3.7665e-23 3.7183e-23
1.9110e+01 6.1610e-19 6.1606e-19 6.9760e-21 4.6550e-23 3.6795e-23 3.6366e-23
1.9290e+01 5.8241e-19 5.8237e-19 6.8040e-21 4.6160e-23 3.5943e-23 3.5533e-23
1.9470e+01 5.5085e-19 5.5081e-19 6.6350e-21 4.5770e-23 3.5111e-23 3.4731e-23
1.9650e+01 5.2127e-19 5.2123e-19 6.4710e-21 4.5380e-23 3.4298e-23 3.3960e-23
1.9830e+01 4.9352e-19 4.9348e-19 6.3100e-21 4.4990e-23 3.3503e-23 3.3218e-23
2.0010e+01 4.6749e-19 4.6745e-19 6.1530e-21 4.4610e-23 3.2726e-23 3.2503e-23
2.0200e+01 4.4173e-19 4.4169e-19 6.0000e-21 4.4240e-23 3.1967e-23 3.1778e-23
2.0380e+01 4.1884e-19 4.1880e-19 5.8510e-21 4.3860e-23 3.1225e-23 3.1117e-23
2.0570e+01 3.9617e-19 3.9613e-19 5.7050e-21 4.3490e-23 3.0500e-23 3.0446e-23
2.0760e+01 3.7491e-19 3.7487e-19 5.5620e-21 4.3120e-23 2.9792e-23 2.9800e-23
2.0960e+01 3.5397e-19 3.5392e-19 5.4230e-21 4.2760e-23 2.9100e-23 2.9148e-23
2.1150e+01 3.3532e-19 3.3528e-19 5.2870e-21 4.2400e-23 2.8424e-23 2.8553e-23
2.1350e+01 3.1692e-19 3.1688e-19 5.1540e-21 4.2040e-23 2.7764e-23 2.7951e-23
2.1540e+01 3.0052e-19 3.0048e-19 5.0250e-21 4.1690e-23 2.7120e-23 2.7402e-23
2.1740e+01 2.8432e-19 2.8428e-19 4.8990e-21 4.1340e-23 2.6491e-23 2.6846e-23
2.1950e+01 2.6840e-19 2.6836e-19 4.7750e-21 4.0990e-23 2.5877e-23 2.6286e-23
2.2150e+01 2.5419e-19 2.5415e-19 4.6550e-21 4.0650e-23 2.5278e-23 2.5775e-23
2.2350e+01 2.4086e-19 2.4082e-19 4.5380e-21 4.0310e-23 2.4693e-23 2.5284e-23
2.2560e+01 2.2773e-19 2.2768e-19 4.4230e-21 3.9970e-23 2.4122e-23 2.4789e-23
2.2770e+01 2.1542e-19 2.1538e-19 4.3110e-21 3.9630e-23 2.3565e-23 2.4315e-23
2.2980e+01 2.0389e-19 2.0385e-19 4.2020e-21 3.9300e-23 2.3022e-23 2.3861e-23
2.3190e+01 1.9307e-19 1.9303e-19 4.0960e-21 3.8970e-23 2.2492e-23 2.3425e-23
2.3410e+01 1.8245e-19 1.8241e-19 3.9920e-21 3.8650e-23 2.1975e-23 2.2988e-23
2.3630e+01 1.7251e-19 1.7246e-19 3.8910e-21 3.8320e-23 2.1472e-23 2.2569e-23
2.3840e+01 1.6360e-19 1.6356e-19 3.7920e-21 3.8000e-23 2.0981e-23 2.2186e-23
2.4060e+01 1.5484e-19 1.5480e-19 3.6950e-21 3.7690e-23 2.0502e-23 2.1802e-23
2.4290e+01 1.4626e-19 1.4622e-19 3.6010e-21 3.7370e-23 2.0036e-23 2.1418e-23
2.4510e+01 1.3857e-19 1.3853e-19 3.5090e-21 3.7060e-23 1.9582e-23 2.1067e-23
2.4740e+01 1.3103e-19 1.3099e-19 3.4200e-21 3.6750e-23 1.9140e-23 2.0716e-23
2.4970e+01 1.2397e-19 1.2393e-19 3.3320e-21 3.6440e-23 1.8709e-23 2.0380e-23
2.5200e+01 1.1735e-19 1.1730e-19 3.2470e-21 3.6140e-23 1.8290e-23 2.0060e-23
2.5430e+01 1.1114e-19 1.1109e-19 3.1640e-21 3.5840e-23 1.7882e-23 1.9753e-23
2.5670e+01 1.0506e-19 1.0502e-19 3.0830e-21 3.5540e-23 1.7486e-23 1.9448e-23
2.5910e+01 9.9371e-20 9.9326e-20 3.0040e-21 3.5250e-23 1.7100e-23 1.9157e-23
2.6150e+01 9.4038e-20 9.3992e-20 2.9270e-21 3.4960e-23 1.6725e-23 1.8880e-23
2.6390e+01 8.9037e-20 8.8991e-20 2.8520e-21 3.4670e-23 1.6360e-23 1.8615e-23
2.6630e+01 8.4344e-20 8.4299e-20 2.7790e-21 3.4380e-23 1.6006e-23 1.8363e-23
2.6880e+01 7.9762e-20 7.9716e-20 2.7070e-21 3.4090e-23 1.5662e-23 1.8112e-23
2.7130e+01 7.5468e-20 7.5422e-20 2.6380e-21 3.3810e-23 1.5328e-23 1.7874e-23
2.7380e+01 7.1443e-20 7.1396e-20 2.5700e-21 3.3530e-23 1.5004e-23 1.7647e-23
2.7630e+01 6.7667e-20 6.7621e-20 2.5040e-21 3.3260e-23 1.4690e-23 1.7431e-23
2.7890e+01 6.3986e-20 6.3940e-20 2.4390e-21 3.2980e-23 1.4385e-23 1.7218e-23
2.8150e+01 6.0538e-20 6.0491e-20 2.3770e-21 3.2710e-23 1.4090e-23 1.7015e-23
2.8410e+01 5.7306e-20 5.7259e-20 2.3160e-21 3.2440e-23 1.3805e-23 1.6822e-23
2.8670e+01 5.4275e-20 5.4228e-20 2.2560e-21 3.2170e-23 1.3528e-23 1.6640e-23
2.8940e+01 5.1325e-20 5.1278e-20 2.1980e-21 3.1910e-23 1.3261e-23 1.6459e-23
2.9210e+01 4.8561e-20 4.8514e-20 2.1420e-21 3.1650e-23 1.3002e-23 1.6289e-23
2.9480e+01 4.5971e-20 4.5924e-20 2.0880e-21 3.1390e-23 1.2752e-23 1.6127e-23
2.9750e+01 4.3543e-20 4.3495e-20 2.0360e-21 3.1130e-23 1.2511e-23 1.5973e-23
3.0020e+01 4.1264e-20 4.1216e-20 1.9860e-21 3.0870e-23 1.2279e-23 1.5828e-23
3.0300e+01 3.9048e-20 3.8999e-20 1.9400e-21 3.0620e-23 1.2055e-23 1.5685e-23
3.0580e+01 3.6971e-20 3.6922e-20 1.9020e-21 3.0370e-23 1.1839e-23 1.5551e-23
3.0870e+01 3.4957e-20 3.4907e-20 1.8850e-21 3.0120e-23 1.1631e-23 1.5419e-23
3.1150e+01 3.3143e-20 3.3083e-20 2.0000e-21 2.9880e-23 1.1432e-23 1.5298e-23
3.1440e+01 9.4876e-20 3.1311e-20 8.9560e-20 2.9630e-23 1.1240e-23 1.5181e-23
3.1730e+01 2.9711e-20 2.9651e-20 1.8860e-21 2.9390e-23 1.1057e-23 1.5070e-23
3.2030e+01 2.8093e-20 2.8042e-20 1.6930e-21 2.9150e-23 1.0881e-23 1.4962e-23
3.2320e+01 2.6633e-20 2.6584e-20 1.6210e-21 2.8910e-23 1.0712e-23 1.4864e-23
3.2620e+01 2.5218e-20 2.5169e-20 1.5690e-21 2.8680e-23 1.0551e-23 1.4768e-23
3.2920e+01 2.3892e-20 2.3843e-20 1.5240e-21 2.8450e-23 1.0398e-23 1.4678e-23
3.3230e+01 2.2608e-20 2.2559e-20 1.4820e-21 2.8210e-23 1.0252e-23 1.4590e-23
3.3540e+01 2.1406e-20 2.1357e-20 1.4420e-21 2.7990e-23 1.0113e-23 1.4508e-23
3.3850e+01 2.0279e-20 2.0230e-20 1.4030e-21 2.7760e-23 9.9804e-24 1.4432e-23
3.4160e+01 1.9223e-20 1.9174e-20 1.3660e-21 2.7530e-23 9.8552e-24 1.4360e-23
3.4480e+01 1.8201e-20 1.8152e-20 1.3300e-21 2.7310e-23 9.7368e-24 1.4290e-23
3.4800e+01 1.7244e-20 1.7195e-20 1.2950e-21 2.7090e-23 9.6251e-24 1.4225e-23
3.5120e+01 1.6346e-20 1.6298e-20 1.2600e-21 2.6870e-23 9.5199e-24 1.4165e-23
3.5440e+01 1.5505e-20 1.5456e-20 1.2270e-21 2.6650e-23 9.4210e-24 1.4108e-23
3.5770e+01 1.4692e-20 1.4643e-20 1.1950e-21 2.6440e-23 9.3285e-24 1.4054e-23
3.6100e+01 1.3929e-20 1.3881e-20 1.1630e-21 2.6230e-23 9.2421e-24 1.4003e-23
3.6440e+01 1.3194e-20 1.3145e-20 1.1330e-21 2.6020e-23 9.1617e-24 1.3955e-23
3.6780e+01 1.2506e-20 1.2457e-20 1.1030e-21 2.5810e-23 9.0873e-24 1.3911e-23
3.7120e+01 1.1861e-20 1.1812e-20 1.0740e-21 2.5600e-23 9.0185e-24 1.3870e-23
3.7460e+01 1.1256e-20 1.1207e-20 1.0460e-21 2.5390e-23 8.9554e-24 1.3832e-23
3.7810e+01 1.0673e-20 1.0624e-20 1.0180e-21 2.5190e-23 8.8978e-24 1.3796e-23
3.8160e+01 1.0127e-20 1.0078e-20 9.9130e-22 2.4990e-23 8.8455e-24 1.3763e-23
3.8510e+01 9.6149e-21 9.5663e-21 9.6520e-22 2.4790e-23 8.7984e-24 1.3732e-23
3.8870e+01 9.1218e-21 9.0732e-21 9.3980e-22 2.4590e-23 8.7565e-24 1.3704e-23
3.9230e+01 8.6600e-21 8.6115e-21 9.1500e-22 2.4390e-23 8.7194e-24 1.3679e-23
3.9590e+01 8.2274e-21 8.1790e-21 8.9090e-22 2.4200e-23 8.6872e-24 1.3655e-23
3.9960e+01 7.8109e-21 7.7626e-21 8.6750e-22 2.4010e-23 8.6596e-24 1.3634e-23
4.0330e+01 7.4210e-21 7.3727e-21 8.4460e-22 2.3820e-23 8.6365e-24 1.3615e-23
4.0700e+01 7.0557e-21 7.0075e-21 8.2240e-22 2.3630e-23 8.6179e-24 1.3598e-23
4.1080e+01 6.7043e-21 6.6563e-21 8.0070e-22 2.3440e-23 8.6035e-24 1.3583e-23
4.1460e+01 6.3754e-21 6.3275e-21 7.7960e-22 2.3250e-23 8.5932e-24 1.3570e-23
4.1840e+01 6.0672e-21 6.0195e-21 7.5910e-22 2.3070e-23 8.5870e-24 1.3558e-23
4.2230e+01 5.7711e-21 5.7235e-21 7.3910e-22 2.2880e-23 8.5846e-24 1.3549e-23
4.2620e+01 5.4939e-21 5.4465e-21 7.1970e-22 2.2700e-23 8.5860e-24 1.3541e-23
4.3020e+01 5.2278e-21 5.1805e-21 7.0080e-22 2.2520e-23 8.5910e-24 1.3534e-23
4.3410e+01 4.9848e-21 4.9378e-21 6.8230e-22 2.2350e-23 8.5995e-24 1.3529e-23
4.3820e+01 4.7457e-21 4.6989e-21 6.6440e-22 2.2170e-23 8.6114e-24 1.3526e-23
4.4220e+01 4.5273e-21 4.4808e-21 6.4690e-22 2.2000e-23 8.6265e-24 1.3524e-23
4.4630e+01 4.3178e-21 4.2715e-21 6.2990e-22 2.1820e-23 8.6449e-24 1.3524e-23
4.5050e+01 4.1170e-21 4.0709e-21 6.1340e-22 2.1650e-23 8.6663e-24 1.3525e-23
4.5460e+01 3.9334e-21 3.8877e-21 5.9730e-22 2.1480e-23 8.6906e-24 1.3527e-23
4.5880e+01 3.7573e-21 3.7119e-21 5.8160e-22 2.1310e-23 8.7179e-24 1.3530e-23
4.6310e+01 3.5887e-21 3.5436e-21 5.6640e-22 2.1150e-23 8.7478e-24 1.3535e-23
4.6740e+01 3.4309e-21 3.3861e-21 5.5150e-22 2.0980e-23 8.7805e-24 1.3541e-23
4.7170e+01 3.2831e-21 3.2388e-21 5.3710e-22 2.0820e-23 8.8157e-24 1.3548e-23
4.7610e+01 3.1416e-21 3.0977e-21 5.2300e-22 2.0650e-23 8.8534e-24 1.3556e-23
4.8050e+01 3.0092e-21 2.9657e-21 5.0930e-22 2.0490e-23 8.8935e-24 1.3566e-23
4.8490e+01 2.8851e-21 2.8421e-21 4.9600e-22 2.0330e-23 8.9359e-24 1.3576e-23
4.8940e+01 2.7664e-21 2.7237e-21 4.8310e-22 2.0170e-23 8.9806e-24 1.3587e-23
4.9400e+01 2.6528e-21 2.6106e-21 4.7050e-22 2.0020e-23 9.0274e-24 1.3600e-23
4.9850e+01 2.5486e-21 2.5069e-21 4.5820e-22 1.9860e-23 9.0764e-24 1.3613e-23
5.0320e+01 2.4468e-21 2.4056e-21 4.4630e-22 1.9710e-23 9.1274e-24 1.3628e-23
5.0780e+01 2.3534e-21 2.3128e-21 4.3470e-22 1.9550e-23 9.1804e-24 1.3643e-23
5.1250e+01 2.2640e-21 2.2239e-21 4.2340e-22 1.9400e-23 9.2353e-24 1.3659e-23
5.1730e+01 2.1785e-21 2.1389e-21 4.1240e-22 1.9250e-23 9.2920e-24 1.3677e-23
5.2210e+01 2.0983e-21 2.0593e-21 4.0180e-22 1.9100e-23 9.3506e-24 1.3695e-23
5.2690e+01 2.0231e-21 1.9847e-21 3.9140e-22 1.8960e-23 9.4109e-24 1.3714e-23
5.3180e+01 1.9511e-21 1.9133e-21 3.8130e-22 1.8810e-23 9.4730e-24 1.3734e-23
5.3670e+01 1.8835e-21 1.8463e-21 3.7150e-22 1.8670e-23 9.5367e-24 1.3754e-23
5.4170e+01 1.8187e-21 1.7822e-21 3.6190e-22 1.8520e-23 9.6020e-24 1.3776e-23
5.4670e+01 1.7579e-21 1.7220e-21 3.5260e-22 1.8380e-23 9.6689e-24 1.3798e-23
5.5170e+01 1.7007e-21 1.6654e-21 3.4360e-22 1.8240e-23 9.7374e-24 1.3821e-23
5.5690e+01 1.6448e-21 1.6102e-21 3.3480e-22 1.8100e-23 9.8074e-24 1.3845e-23
5.6200e+01 1.5932e-21 1.5593e-21 3.2620e-22 1.7960e-23 9.8788e-24 1.3870e-23
5.6720e+01 1.5437e-21 1.5104e-21 3.1790e-22 1.7820e-23 9.9517e-24 1.3895e-23
5.7250e+01 1.4962e-21 1.4635e-21 3.0990e-22 1.7690e-23 1.0026e-23 1.3922e-23
5.7780e+01 1.4514e-21 1.4194e-21 3.0200e-22 1.7550e-23 1.0102e-23 1.3949e-23
5.8310e+01 1.4091e-21 1.3778e-21 2.9440e-22 1.7420e-23 1.0179e-23 1.3976e-23
5.8850e+01 1.3684e-21 1.3378e-21 2.8700e-22 1.7290e-23 1.0257e-23 1.4005e-23
5.9400e+01 1.3293e-21 1.2993e-21 2.7980e-22 1.7160e-23 1.0337e-23 1.4034e-23
5.9950e+01 1.2923e-21 1.2630e-21 2.7280e-22 1.7030e-23 1.0418e-23 1.4065e-23
6.0500e+01 1.2573e-21 1.2286e-21 2.6600e-22 1.6900e-23 1.0501e-23 1.4095e-23
6.1060e+01 1.2236e-21 1.1955e-21 2.5940e-22 1.6770e-23 1.0584e-23 1.4127e-23
6.1630e+01 1.1910e-21 1.1636e-21 2.5290e-22 1.6640e-23 1.0669e-23 1.4159e-23
6.2200e+01 1.1602e-21 1.1334e-21 2.4670e-22 1.6520e-23 1.0755e-23 1.4192e-23
6.2780e+01 1.1304e-21 1.1042e-21 2.4060e-22 1.6390e-23 1.0843e-23 1.4226e-23
6.3360e+01 1.1020e-21 1.0765e-21 2.3480e-22 1.6270e-23 1.0931e-23 1.4261e-23
6.3940e+01 1.0751e-21 1.0501e-21 2.2900e-22 1.6150e-23 1.1021e-23 1.4295e-23
6.4540e+01 1.0486e-21 1.0242e-21 2.2350e-22 1.6020e-23 1.1112e-23 1.4332e-23
6.5130e+01 1.0237e-21 9.9988e-22 2.1810e-22 1.5900e-23 1.1204e-23 1.4368e-23
6.5740e+01 9.9919e-22 9.7595e-22 2.1290e-22 1.5780e-23 1.1297e-23 1.4406e-23
6.6350e+01 9.7581e-22 9.5313e-22 2.0780e-22 1.5670e-23 1.1392e-23 1.4444e-23
6.6960e+01 9.5346e-22 9.3133e-22 2.0280e-22 1.5550e-23 1.1488e-23 1.4483e-23
6.7580e+01 9.3179e-22 9.1016e-22 1.9810e-22 1.5430e-23 1.1585e-23 1.4523e-23
6.8210e+01 9.1069e-22 8.8959e-22 1.9340e-22 1.5320e-23 1.1683e-23 1.4564e-23
6.8840e+01 8.9051e-22 8.6991e-22 1.8890e-22 1.5200e-23 1.1782e-23 1.4605e-23
6.9480e+01 8.7086e-22 8.5075e-22 1.8450e-22 1.5090e-23 1.1882e-23 1.4647e-23
7.0120e+01 8.5203e-22 8.3238e-22 1.8030e-22 1.4980e-23 1.1984e-23 1.4689e-23
7.0770e+01 8.3368e-22 8.1449e-22 1.7620e-22 1.4870e-23 1.2086e-23 1.4733e-23
7.1430e+01 8.1579e-22 7.9704e-22 1.7220e-22 1.4760e-23 1.2190e-23 1.4778e-23
7.2090e+01 7.9861e-22 7.8028e-22 1.6840e-22 1.4650e-23 1.2295e-23 1.4823e-23
7.2750e+01 7.8206e-22 7.6416e-22 1.6460e-22 1.4540e-23 1.2402e-23 1.4868e-23
7.3430e+01 7.6570e-22 7.4819e-22 1.6100e-22 1.4430e-23 1.2509e-23 1.4915e-23
7.4110e+01 7.4994e-22 7.3281e-22 1.5750e-22 1.4330e-23 1.2617e-23 1.4963e-23
7.4800e+01 7.3454e-22 7.1778e-22 1.5410e-22 1.4220e-23 1.2727e-23 1.5011e-23
7.5490e+01 7.1969e-22 7.0330e-22 1.5080e-22 1.4120e-23 1.2838e-23 1.5060e-23
7.6190e+01 7.0518e-22 6.8913e-22 1.4760e-22 1.4010e-23 1.2950e-23 1.5110e-23
7.6890e+01 6.9117e-22 6.7545e-22 1.4450e-22 1.3910e-23 1.3063e-23 1.5160e-23
7.7610e+01 6.7727e-22 6.6188e-22 1.4150e-22 1.3810e-23 1.3178e-23 1.5212e-23
7.8320e+01 6.6403e-22 6.4895e-22 1.3860e-22 1.3710e-23 1.3293e-23 1.5264e-23
7.9050e+01 6.5090e-22 6.3610e-22 1.3580e-22 1.3610e-23 1.3410e-23 1.5318e-23
7.9780e+01 6.3820e-22 6.2369e-22 1.3310e-22 1.3510e-23 1.3528e-23 1.5372e-23
8.0520e+01 6.2577e-22 6.1152e-22 1.3050e-22 1.3410e-23 1.3647e-23 1.5427e-23
8.1270e+01 6.1359e-22 5.9959e-22 1.2800e-22 1.3310e-23 1.3768e-23 1.5483e-23
8.2020e+01 6.0181e-22 5.8804e-22 1.2560e-22 1.3220e-23 1.3889e-23 1.5539e-23
8.2780e+01 5.9025e-22 5.7672e-22 1.2320e-22 1.3120e-23 1.4012e-23 1.5597e-23
8.3550e+01 5.7892e-22 5.6561e-22 1.2090e-22 1.3030e-23 1.4136e-23 1.5656e-23
8.4320e+01 5.6797e-22 5.5485e-22 1.1880e-22 1.2930e-23 1.4262e-23 1.5715e-23
8.5100e+01 5.5721e-22 5.4429e-22 1.1670e-22 1.2840e-23 1.4388e-23 1.5775e-23
8.5890e+01 5.4665e-22 5.3392e-22 1.1460e-22 1.2750e-23 1.4516e-23 1.5836e-23
8.6680e+01 5.3644e-22 5.2387e-22 1.1270e-22 1.2660e-23 1.4645e-23 1.5898e-23
8.7490e+01 5.2629e-22 5.1388e-22 1.1080e-22 1.2560e-23 1.4776e-23 1.5962e-23
8.8300e+01 5.1645e-22 5.0419e-22 1.0900e-22 1.2470e-23 1.4907e-23 1.6026e-23
8.9110e+01 5.0692e-22 4.9479e-22 1.0730e-22 1.2380e-23 1.5040e-23 1.6090e-23
8.9940e+01 4.9744e-22 4.8544e-22 1.0560e-22 1.2300e-23 1.5175e-23 1.6156e-23
9.0770e+01 4.8826e-22 4.7638e-22 1.0400e-22 1.2210e-23 1.5310e-23 1.6223e-23
9.1610e+01 4.7925e-22 4.6747e-22 1.0250e-22 1.2120e-23 1.5447e-23 1.6291e-23
9.2460e+01 4.7041e-22 4.5872e-22 1.0100e-22 1.2030e-23 1.5586e-23 1.6360e-23
9.3320e+01 4.6173e-22 4.5013e-22 9.9590e-23 1.1950e-23 1.5725e-23 1.6430e-23
9.4180e+01 4.5331e-22 4.4179e-22 9.8250e-23 1.1860e-23 1.5866e-23 1.6501e-23
9.5060e+01 4.4496e-22 4.3350e-22 9.6970e-23 1.1780e-23 1.6009e-23 1.6573e-23
9.5940e+01 4.3686e-22 4.2545e-22 9.5750e-23 1.1700e-23 1.6152e-23 1.6646e-23
9.6820e+01 4.2900e-22 4.1763e-22 9.4600e-23 1.1610e-23 1.6297e-23 1.6719e-23
9.7720e+01 4.2121e-22 4.0986e-22 9.3500e-23 1.1530e-23 1.6444e-23 1.6795e-23
9.8630e+01 4.1356e-22 4.0223e-22 9.2460e-23 1.1450e-23 1.6592e-23 1.6871e-23
9.9540e+01 4.0614e-22 3.9482e-22 9.1470e-23 1.1370e-23 1.6741e-23 1.6948e-23
1.0050e+02 3.9855e-22 3.8723e-22 9.0540e-23 1.1290e-23 1.6892e-23 1.7030e-23
1.0140e+02 3.9164e-22 3.8031e-22 8.9670e-23 1.1210e-23 1.7044e-23 1.7107e-23
1.0230e+02 3.8493e-22 3.7358e-22 8.8850e-23 1.1130e-23 1.7198e-23 1.7184e-23
1.0330e+02 3.7771e-22 3.6631e-22 8.8090e-23 1.1050e-23 1.7353e-23 1.7270e-23
1.0420e+02 3.7139e-22 3.5996e-22 8.7380e-23 1.0980e-23 1.7510e-23 1.7348e-23
1.0520e+02 3.6459e-22 3.5309e-22 8.6720e-23 1.0900e-23 1.7668e-23 1.7435e-23
1.0620e+02 3.5801e-22 3.4642e-22 8.6120e-23 1.0830e-23 1.7828e-23 1.7523e-23
1.0720e+02 3.5162e-22 3.3995e-22 8.5570e-23 1.0750e-23 1.7989e-23 1.7610e-23
1.0820e+02 3.4542e-22 3.3365e-22 8.5070e-23 1.0680e-23 1.8151e-23 1.7699e-23
1.0920e+02 3.3942e-22 3.2753e-22 8.4630e-23 1.0600e-23 1.8316e-23 1.7787e-23
1.1020e+02 3.3359e-22 3.2158e-22 8.4240e-23 1.0530e-23 1.8482e-23 1.7876e-23
1.1120e+02 3.2794e-22 3.1579e-22 8.3900e-23 1.0450e-23 1.8649e-23 1.7966e-23
1.1220e+02 3.2246e-22 3.1016e-22 8.3620e-23 1.0380e-23 1.8818e-23 1.8055e-23
1.1330e+02 3.1663e-22 3.0414e-22 8.3390e-23 1.0310e-23 1.8989e-23 1.8154e-23
1.1430e+02 3.1149e-22 2.9882e-22 8.3210e-23 1.0240e-23 1.9161e-23 1.8245e-23
1.1540e+02 3.0601e-22 2.9313e-22 8.3100e-23 1.0170e-23 1.9335e-23 1.8345e-23
1.1640e+02 3.0119e-22 2.8810e-22 8.3040e-23 1.0100e-23 1.9510e-23 1.8436e-23
1.1750e+02 2.9606e-22 2.8271e-22 8.3030e-23 1.0030e-23 1.9687e-23 1.8537e-23
1.1860e+02 2.9110e-22 2.7747e-22 8.3090e-23 9.9620e-24 1.9866e-23 1.8638e-23
1.1970e+02 2.8630e-22 2.7238e-22 8.3210e-23 9.8940e-24 2.0047e-23 1.8739e-23
1.2080e+02 2.8166e-22 2.6743e-22 8.3390e-23 9.8270e-24 2.0229e-23 1.8841e-23
1.2190e+02 2.7719e-22 2.6262e-22 8.3640e-23 9.7600e-24 2.0413e-23 1.8944e-23
1.2310e+02 2.7247e-22 2.5751e-22 8.3960e-23 9.6930e-24 2.0599e-23 1.9056e-23
1.2420e+02 2.6832e-22 2.5296e-22 8.4360e-23 9.6280e-24 2.0786e-23 1.9159e-23
1.2530e+02 2.6432e-22 2.4853e-22 8.4820e-23 9.5620e-24 2.0975e-23 1.9262e-23
1.2650e+02 2.6010e-22 2.4383e-22 8.5370e-23 9.4980e-24 2.1166e-23 1.9376e-23
1.2770e+02 2.5606e-22 2.3926e-22 8.6000e-23 9.4340e-24 2.1359e-23 1.9490e-23
1.2890e+02 2.5218e-22 2.3482e-22 8.6730e-23 9.3700e-24 2.1554e-23 1.9604e-23
1.3010e+02 2.4848e-22 2.3050e-22 8.7550e-23 9.3070e-24 2.1750e-23 1.9718e-23
1.3130e+02 2.4495e-22 2.2630e-22 8.8470e-23 9.2440e-24 2.1949e-23 1.9833e-23
1.3250e+02 2.4158e-22 2.2221e-22 8.9510e-23 9.1820e-24 2.2149e-23 1.9949e-23
1.3370e+02 2.3839e-22 2.1824e-22 9.0660e-23 9.1210e-24 2.2351e-23 2.0064e-23
1.3490e+02 2.3538e-22 2.1437e-22 9.1950e-23 9.0590e-24 2.2555e-23 2.0181e-23
1.3620e+02 2.3228e-22 2.1029e-22 9.3390e-23 8.9990e-24 2.2761e-23 2.0307e-23
1.3740e+02 2.2966e-22 2.0663e-22 9.4980e-23 8.9390e-24 2.2968e-23 2.0424e-23
1.3870e+02 2.2696e-22 2.0277e-22 9.6740e-23 8.8790e-24 2.3178e-23 2.0551e-23
1.4000e+02 2.2451e-22 1.9902e-22 9.8710e-23 8.8200e-24 2.3390e-23 2.0678e-23
1.4130e+02 2.2230e-22 1.9537e-22 1.0090e-22 8.7620e-24 2.3604e-23 2.0806e-23
1.4260e+02 2.2034e-22 1.9182e-22 1.0330e-22 8.7040e-24 2.3819e-23 2.0935e-23
1.4390e+02 2.1867e-22 1.8837e-22 1.0600e-22 8.6460e-24 2.4037e-23 2.1063e-23
1.4530e+02 2.1709e-22 1.8476e-22 1.0900e-22 8.5890e-24 2.4257e-23 2.1202e-23
1.4660e+02 2.1610e-22 1.8149e-22 1.1240e-22 8.5320e-24 2.4479e-23 2.1332e-23
1.4800e+02 2.1530e-22 1.7807e-22 1.1620e-22 8.4760e-24 2.4703e-23 2.1472e-23
1.4930e+02 2.1517e-22 1.7498e-22 1.2050e-22 8.4200e-24 2.4929e-23 2.1602e-23
1.5070e+02 2.1540e-22 1.7175e-22 1.2540e-22 8.3650e-24 2.5157e-23 2.1743e-23
1.5210e+02 2.1628e-22 1.6860e-22 1.3100e-22 8.3100e-24 2.5387e-23 2.1884e-23
1.5350e+02 2.1792e-22 1.6553e-22 1.3740e-22 8.2550e-24 2.5620e-23 2.2026e-23
1.5490e+02 2.2050e-22 1.6256e-22 1.4480e-22 8.2010e-24 2.5855e-23 2.2168e-23
1.5640e+02 2.2413e-22 1.5945e-22 1.5350e-22 8.1480e-24 2.6091e-23 2.2320e-23
1.5780e+02 2.2934e-22 1.5663e-22 1.6370e-22 8.0950e-24 2.6330e-23 2.2463e-23
1.5930e+02 2.3639e-22 1.5370e-22 1.7600e-22 8.0420e-24 2.6572e-23 2.2616e-23
1.6080e+02 2.4604e-22 1.5084e-22 1.9100e-22 7.9900e-24 2.6815e-23 2.2770e-23
1.6230e+02 2.5927e-22 1.4807e-22 2.0970e-22 7.9380e-24 2.7061e-23 2.2924e-23
1.6380e+02 2.7748e-22 1.4537e-22 2.3350e-22 7.8870e-24 2.7309e-23 2.3079e-23
1.6530e+02 3.0307e-22 1.4274e-22 2.6480e-22 7.8360e-24 2.7560e-23 2.3234e-23
1.6680e+02 3.4016e-22 1.4018e-22 3.0770e-22 7.7850e-24 2.7813e-23 2.3390e-23
1.6840e+02 3.9679e-22 1.3753e-22 3.7030e-22 7.7350e-24 2.8068e-23 2.3556e-23
1.6990e+02 4.9011e-22 1.3511e-22 4.6960e-22 7.6850e-24 2.8325e-23 2.3712e-23
1.7150e+02 6.6575e-22 1.3260e-22 6.5130e-22 7.6360e-24 2.8585e-23 2.3879e-23
1.7310e+02 1.0984e-21 1.3016e-22 1.0900e-21 7.5870e-24 2.8848e-23 2.4047e-23
1.7470e+02 3.6235e-21 1.2779e-22 3.6210e-21 7.5380e-24 2.9113e-23 2.4215e-23
1.7630e+02 2.5664e-21 1.2548e-22 2.5630e-21 7.4900e-24 2.9380e-23 2.4383e-23
1.7790e+02 9.3330e-22 1.2323e-22 9.2430e-22 7.4420e-24 2.9650e-23 2.4552e-23
1.7960e+02 5.7007e-22 1.2091e-22 5.5570e-22 7.3940e-24 2.9922e-23 2.4731e-23
1.8120e+02 4.1258e-22 1.1878e-22 3.9310e-22 7.3470e-24 3.0197e-23 2.4901e-23
1.8290e+02 3.2583e-22 1.1659e-22 3.0160e-22 7.3010e-24 3.0474e-23 2.5081e-23
1.8460e+02 2.7163e-22 1.1445e-22 2.4300e-22 7.2540e-24 3.0754e-23 2.5262e-23
1.8630e+02 2.3498e-22 1.1237e-22 2.0230e-22 7.2080e-24 3.1037e-23 2.5443e-23
1.8810e+02 2.0871e-22 1.1023e-22 1.7240e-22 7.1630e-24 3.1322e-23 2.5636e-23
1.8980e+02 1.8918e-22 1.0826e-22 1.4950e-22 7.1170e-24 3.1610e-23 2.5818e-23
1.9160e+02 1.7406e-22 1.0624e-22 1.3140e-22 7.0720e-24 3.1901e-23 2.6011e-23
1.9330e+02 1.6227e-22 1.0438e-22 1.1690e-22 7.0280e-24 3.2194e-23 2.6194e-23
1.9510e+02 1.5258e-22 1.0246e-22 1.0480e-22 6.9840e-24 3.2490e-23 2.6388e-23
1.9690e+02 1.4466e-22 1.0060e-22 9.4750e-23 6.9400e-24 3.2789e-23 2.6583e-23
1.9870e+02 1.3801e-22 9.8781e-23 8.6190e-23 6.8960e-24 3.3091e-23 2.6778e-23
2.0060e+02 1.3228e-22 9.6919e-23 7.8840e-23 6.8530e-24 3.3395e-23 2.6984e-23
2.0240e+02 1.2742e-22 9.5202e-23 7.2460e-23 6.8100e-24 3.3703e-23 2.7179e-23
2.0430e+02 1.2311e-22 9.3440e-23 6.6880e-23 6.7680e-24 3.4013e-23 2.7386e-23
2.0620e+02 1.1932e-22 9.1726e-23 6.1960e-23 6.7260e-24 3.4326e-23 2.7594e-23
2.0810e+02 1.1595e-22 9.0058e-23 5.7590e-23 6.6840e-24 3.4642e-23 2.7801e-23
2.1000e+02 1.1294e-22 8.8436e-23 5.3700e-23 6.6420e-24 3.4961e-23 2.8010e-23
2.1200e+02 1.1016e-22 8.6775e-23 5.0210e-23 6.6010e-24 3.5283e-23 2.8229e-23
2.1400e+02 1.0764e-22 8.5161e-23 4.7060e-23 6.5600e-24 3.5607e-23 2.8449e-23
2.1590e+02 1.0540e-22 8.3669e-23 4.4210e-23 6.5200e-24 3.5935e-23 2.8658e-23
2.1790e+02 1.0330e-22 8.2140e-23 4.1620e-23 6.4790e-24 3.6266e-23 2.8879e-23
2.2000e+02 1.0131e-22 8.0579e-23 3.9260e-23 6.4390e-24 3.6600e-23 2.9111e-23
2.2200e+02 9.9520e-23 7.9134e-23 3.7100e-23 6.4000e-24 3.6937e-23 2.9333e-23
2.2410e+02 9.7821e-23 7.7657e-23 3.5130e-23 6.3610e-24 3.7278e-23 2.9566e-23
2.2610e+02 9.6293e-23 7.6290e-23 3.3310e-23 6.3210e-24 3.7621e-23 2.9788e-23
2.2820e+02 9.4828e-23 7.4892e-23 3.1640e-23 6.2830e-24 3.7968e-23 3.0022e-23
2.3030e+02 9.3465e-23 7.3532e-23 3.0100e-23 6.2440e-24 3.8318e-23 3.0256e-23
2.3250e+02 9.2150e-23 7.2147e-23 2.8670e-23 6.2060e-24 3.8671e-23 3.0502e-23
2.3460e+02 9.0969e-23 7.0861e-23 2.7350e-23 6.1680e-24 3.9027e-23 3.0737e-23
2.3680e+02 8.9828e-23 6.9551e-23 2.6130e-23 6.1310e-24 3.9387e-23 3.0984e-23
2.3900e+02 8.8762e-23 6.8276e-23 2.4990e-23 6.0930e-24 3.9750e-23 3.1231e-23
2.4120e+02 8.7769e-23 6.7036e-23 2.3930e-23 6.0560e-24 4.0117e-23 3.1478e-23
2.4340e+02 8.6846e-23 6.5830e-23 2.2950e-23 6.0200e-24 4.0487e-23 3.1726e-23
2.4570e+02 8.5952e-23 6.4603e-23 2.2040e-23 5.9830e-24 4.0860e-23 3.1986e-23
2.4800e+02 8.5121e-23 6.3411e-23 2.1190e-23 5.9470e-24 4.1237e-23 3.2246e-23
2.5030e+02 8.4347e-23 6.2251e-23 2.0390e-23 5.9110e-24 4.1617e-23 3.2506e-23
2.5260e+02 8.3634e-23 6.1122e-23 1.9660e-23 5.8760e-24 4.2001e-23 3.2767e-23
2.5490e+02 8.2973e-23 6.0024e-23 1.8970e-23 5.8400e-24 4.2388e-23 3.3028e-23
2.5730e+02 8.2335e-23 5.8910e-23 1.8330e-23 5.8050e-24 4.2779e-23 3.3301e-23
2.5970e+02 8.1748e-23 5.7826e-23 1.7730e-23 5.7700e-24 4.3174e-23 3.3574e-23
2.6210e+02 8.1211e-23 5.6772e-23 1.7180e-23 5.7360e-24 4.3572e-23 3.3848e-23
2.6450e+02 8.0720e-23 5.5746e-23 1.6660e-23 5.7020e-24 4.3974e-23 3.4122e-23
2.6690e+02 8.0274e-23 5.4748e-23 1.6180e-23 5.6670e-24 4.4380e-23 3.4397e-23
2.6940e+02 7.9851e-23 5.3737e-23 1.5740e-23 5.6340e-24 4.4790e-23 3.4683e-23
2.7190e+02 7.9470e-23 5.2753e-23 1.5330e-23 5.6000e-24 4.5203e-23 3.4970e-23
2.7440e+02 7.9130e-23 5.1796e-23 1.4950e-23 5.5670e-24 4.5620e-23 3.5257e-23
2.7700e+02 7.8812e-23 5.0828e-23 1.4600e-23 5.5340e-24 4.6041e-23 3.5556e-23
2.7950e+02 7.8552e-23 4.9923e-23 1.4280e-23 5.5010e-24 4.6466e-23 3.5844e-23
2.8210e+02 7.8312e-23 4.9007e-23 1.3990e-23 5.4680e-24 4.6895e-23 3.6144e-23
2.8470e+02 7.8111e-23 4.8116e-23 1.3730e-23 5.4360e-24 4.7328e-23 3.6444e-23
2.8740e+02 7.7930e-23 4.7216e-23 1.3490e-23 5.4040e-24 4.7765e-23 3.6757e-23
2.9000e+02 7.7800e-23 4.6373e-23 1.3280e-23 5.3720e-24 4.8206e-23 3.7058e-23
2.9270e+02 7.7691e-23 4.5522e-23 1.3100e-23 5.3410e-24 4.8651e-23 3.7371e-23
2.9540e+02 7.7615e-23 4.4693e-23 1.2940e-23 5.3090e-24 4.9100e-23 3.7684e-23
2.9820e+02 7.7560e-23 4.3858e-23 1.2800e-23 5.2780e-24 4.9554e-23 3.8010e-23
3.0090e+02 7.7549e-23 4.3075e-23 1.2690e-23 5.2470e-24 5.0011e-23 3.8324e-23
3.0370e+02 7.7559e-23 4.2284e-23 1.2600e-23 5.2160e-24 5.0473e-23 3.8651e-23
3.0650e+02 7.7600e-23 4.1515e-23 1.2540e-23 5.1860e-24 5.0939e-23 3.8978e-23
3.0940e+02 7.7662e-23 4.0740e-23 1.2500e-23 5.1560e-24 5.1410e-23 3.9317e-23
3.1220e+02 7.7761e-23 4.0013e-23 1.2480e-23 5.1260e-24 5.1885e-23 3.9644e-23
3.1510e+02 7.7883e-23 3.9280e-23 1.2500e-23 5.0960e-24 5.2364e-23 3.9984e-23
3.1810e+02 7.8026e-23 3.8542e-23 1.2530e-23 5.0660e-24 5.2848e-23 4.0336e-23
3.2100e+02 7.8205e-23 3.7849e-23 1.2600e-23 5.0370e-24 5.3336e-23 4.0677e-23
3.2400e+02 7.8406e-23 3.7151e-23 1.2700e-23 5.0080e-24 5.3829e-23 4.1030e-23
3.2700e+02 7.8634e-23 3.6473e-23 1.2820e-23 4.9790e-24 5.4326e-23 4.1383e-23
3.3000e+02 7.8890e-23 3.5813e-23 1.2980e-23 4.9500e-24 5.4828e-23 4.1737e-23
3.3310e+02 7.9171e-23 3.5149e-23 1.3180e-23 4.9210e-24 5.5334e-23 4.2103e-23
3.3610e+02 7.9482e-23 3.4525e-23 1.3420e-23 4.8930e-24 5.5846e-23 4.2458e-23
3.3930e+02 7.9816e-23 3.3876e-23 1.3700e-23 4.8650e-24 5.6362e-23 4.2837e-23
3.4240e+02 8.0180e-23 3.3266e-23 1.4020e-23 4.8370e-24 5.6883e-23 4.3204e-23
3.4560e+02 8.0574e-23 3.2653e-23 1.4410e-23 4.8090e-24 5.7408e-23 4.3584e-23
3.4880e+02 8.0998e-23 3.2056e-23 1.4850e-23 4.7810e-24 5.7939e-23 4.3964e-23
3.5200e+02 8.1457e-23 3.1476e-23 1.5370e-23 4.7540e-24 5.8474e-23 4.4345e-23
3.5530e+02 8.1953e-23 3.0894e-23 1.5980e-23 4.7270e-24 5.9015e-23 4.4738e-23
3.5860e+02 8.2490e-23 3.0328e-23 1.6690e-23 4.7000e-24 5.9560e-23 4.5131e-23
3.6190e+02 8.3074e-23 2.9777e-23 1.7520e-23 4.6730e-24 6.0111e-23 4.5525e-23
3.6520e+02 8.3713e-23 2.9242e-23 1.8500e-23 4.6470e-24 6.0666e-23 4.5919e-23
3.6860e+02 8.4422e-23 2.8705e-23 1.9670e-23 4.6200e-24 6.1227e-23 4.6326e-23
3.7200e+02 8.5218e-23 2.8182e-23 2.1080e-23 4.5940e-24 6.1793e-23 4.6734e-23
3.7550e+02 8.6131e-23 2.7660e-23 2.2800e-23 4.5680e-24 6.2364e-23 4.7154e-23
3.7890e+02 8.7205e-23 2.7165e-23 2.4950e-23 4.5420e-24 6.2941e-23 4.7562e-23
3.8250e+02 8.8523e-23 2.6656e-23 2.7690e-23 4.5160e-24 6.3523e-23 4.7995e-23
3.8600e+02 9.0211e-23 2.6175e-23 3.1280e-23 4.4910e-24 6.4110e-23 4.8416e-23
3.8960e+02 9.2534e-23 2.5694e-23 3.6190e-23 4.4650e-24 6.4703e-23 4.8850e-23
3.9320e+02 9.6024e-23 2.5225e-23 4.3260e-23 4.4400e-24 6.5301e-23 4.9285e-23
3.9680e+02 1.0198e-22 2.4770e-23 5.4330e-23 4.4150e-24 6.5905e-23 4.9719e-23
4.0050e+02 1.1414e-22 2.4314e-23 7.4000e-23 4.3910e-24 6.6514e-23 5.0167e-23
4.0420e+02 1.4739e-22 2.3871e-23 1.1860e-22 4.3660e-24 6.7129e-23 5.0615e-23
4.0800e+02 3.2854e-22 2.3428e-23 3.1650e-22 4.3410e-24 6.7750e-23 5.1076e-23
4.1170e+02 4.4396e-22 2.3009e-23 4.3500e-22 4.3170e-24 6.8377e-23 5.1525e-23
4.1550e+02 1.5434e-22 2.2590e-23 1.2580e-22 4.2930e-24 6.9009e-23 5.1987e-23
4.1940e+02 1.1566e-22 2.2172e-23 7.2550e-23 4.2690e-24 6.9647e-23 5.2462e-23
4.2330e+02 1.0385e-22 2.1765e-23 5.0490e-23 4.2450e-24 7.0291e-23 5.2937e-23
4.2720e+02 9.9182e-23 2.1370e-23 3.8430e-23 4.2220e-24 7.0941e-23 5.3413e-23
4.3120e+02 9.7164e-23 2.0975e-23 3.0850e-23 4.1980e-24 7.1598e-23 5.3902e-23
4.3510e+02 9.6321e-23 2.0601e-23 2.5640e-23 4.1750e-24 7.2260e-23 5.4379e-23
4.3920e+02 9.6093e-23 2.0218e-23 2.1850e-23 4.1520e-24 7.2928e-23 5.4881e-23
4.4320e+02 9.6200e-23 1.9855e-23 1.8970e-23 4.1290e-24 7.3603e-23 5.5371e-23
4.4740e+02 9.6525e-23 1.9484e-23 1.6710e-23 4.1060e-24 7.4283e-23 5.5887e-23
4.5150e+02 9.6979e-23 1.9132e-23 1.4890e-23 4.0830e-24 7.4971e-23 5.6391e-23
4.5570e+02 9.7531e-23 1.8780e-23 1.3400e-23 4.0610e-24 7.5664e-23 5.6908e-23
4.5990e+02 9.8149e-23 1.8439e-23 1.2160e-23 4.0380e-24 7.6364e-23 5.7425e-23
4.6420e+02 9.8822e-23 1.8099e-23 1.1110e-23 4.0160e-24 7.7070e-23 5.7956e-23
4.6850e+02 9.9533e-23 1.7768e-23 1.0210e-23 3.9940e-24 7.7783e-23 5.8487e-23
4.7280e+02 1.0028e-22 1.7447e-23 9.4350e-24 3.9720e-24 7.8503e-23 5.9019e-23
4.7720e+02 1.0105e-22 1.7126e-23 8.7600e-24 3.9500e-24 7.9229e-23 5.9564e-23
4.8160e+02 1.0184e-22 1.6815e-23 8.1680e-24 3.9290e-24 7.9962e-23 6.0110e-23
4.8610e+02 1.0266e-22 1.6505e-23 7.6470e-24 3.9070e-24 8.0702e-23 6.0669e-23
4.9060e+02 1.0350e-22 1.6204e-23 7.1850e-24 3.8860e-24 8.1449e-23 6.1229e-23
4.9510e+02 1.0435e-22 1.5910e-23 6.7740e-24 3.8650e-24 8.2202e-23 6.1789e-23
4.9970e+02 1.0522e-22 1.5619e-23 6.4070e-24 3.8430e-24 8.2963e-23 6.2363e-23
5.0430e+02 1.0611e-22 1.5335e-23 6.0780e-24 3.8220e-24 8.3730e-23 6.2937e-23
5.0900e+02 1.0701e-22 1.5053e-23 5.7830e-24 3.8020e-24 8.4505e-23 6.3525e-23
5.1370e+02 1.0792e-22 1.4779e-23 5.5180e-24 3.7810e-24 8.5287e-23 6.4113e-23
5.1850e+02 1.0886e-22 1.4507e-23 5.2800e-24 3.7610e-24 8.6076e-23 6.4715e-23
5.2330e+02 1.0980e-22 1.4242e-23 5.0660e-24 3.7400e-24 8.6873e-23 6.5318e-23
5.2810e+02 1.1075e-22 1.3984e-23 4.8740e-24 3.7200e-24 8.7676e-23 6.5921e-23
5.3300e+02 1.1172e-22 1.3728e-23 4.7020e-24 3.7000e-24 8.8488e-23 6.6539e-23
5.3790e+02 1.1270e-22 1.3479e-23 4.5480e-24 3.6800e-24 8.9307e-23 6.7156e-23
5.4290e+02 1.1370e-22 1.3232e-23 4.4110e-24 3.6600e-24 9.0133e-23 6.7788e-23
5.4790e+02 1.1470e-22 1.2992e-23 4.2900e-24 3.6400e-24 9.0967e-23 6.8420e-23
5.5300e+02 1.1573e-22 1.2753e-23 4.1840e-24 3.6210e-24 9.1809e-23 6.9066e-23
5.5810e+02 1.1676e-22 1.2521e-23 4.0920e-24 3.6010e-24 9.2658e-23 6.9713e-23
5.6330e+02 1.1780e-22 1.2291e-23 4.0130e-24 3.5820e-24 9.3516e-23 7.0374e-23
5.6850e+02 1.1886e-22 1.2067e-23 3.9480e-24 3.5630e-24 9.4381e-23 7.1036e-23
5.7380e+02 1.1993e-22 1.1845e-23 3.8960e-24 3.5430e-24 9.5255e-23 7.1711e-23
5.7910e+02 1.2102e-22 1.1629e-23 3.8560e-24 3.5240e-24 9.6136e-23 7.2388e-23
5.8450e+02 1.2211e-22 1.1416e-23 3.8290e-24 3.5060e-24 9.7026e-23 7.3078e-23
5.8990e+02 1.2322e-22 1.1207e-23 3.8150e-24 3.4870e-24 9.7924e-23 7.3770e-23
5.9540e+02 1.2434e-22 1.1001e-23 3.8140e-24 3.4680e-24 9.8830e-23 7.4475e-23
6.0090e+02 1.2548e-22 1.0801e-23 3.8270e-24 3.4500e-24 9.9745e-23 7.5182e-23
6.0640e+02 1.2662e-22 1.0606e-23 3.8550e-24 3.4310e-24 1.0067e-22 7.5889e-23
6.1200e+02 1.2778e-22 1.0413e-23 3.8980e-24 3.4130e-24 1.0160e-22 7.6611e-23
6.1770e+02 1.2895e-22 1.0221e-23 3.9580e-24 3.3950e-24 1.0254e-22 7.7347e-23
6.2340e+02 1.3014e-22 1.0035e-23 4.0370e-24 3.3770e-24 1.0349e-22 7.8084e-23
6.2920e+02 1.3134e-22 9.8512e-24 4.1360e-24 3.3590e-24 1.0445e-22 7.8836e-23
6.3500e+02 1.3255e-22 9.6720e-24 4.2600e-24 3.3410e-24 1.0541e-22 7.9589e-23
6.4090e+02 1.3378e-22 9.4948e-24 4.4120e-24 3.3240e-24 1.0639e-22 8.0356e-23
6.4690e+02 1.3502e-22 9.3195e-24 4.5970e-24 3.3060e-24 1.0737e-22 8.1137e-23
6.5290e+02 1.3628e-22 9.1490e-24 4.8220e-24 3.2880e-24 1.0837e-22 8.1920e-23
6.5890e+02 1.3755e-22 8.9831e-24 5.0970e-24 3.2710e-24 1.0937e-22 8.2704e-23
6.6500e+02 1.3884e-22 8.8190e-24 5.4360e-24 3.2540e-24 1.1038e-22 8.3503e-23
6.7120e+02 1.4014e-22 8.6569e-24 5.8560e-24 3.2370e-24 1.1141e-22 8.4317e-23
6.7740e+02 1.4147e-22 8.4991e-24 6.3860e-24 3.2200e-24 1.1244e-22 8.5132e-23
6.8370e+02 1.4282e-22 8.3432e-24 7.0700e-24 3.2030e-24 1.1348e-22 8.5962e-23
6.9000e+02 1.4419e-22 8.1916e-24 7.9770e-24 3.1860e-24 1.1453e-22 8.6793e-23
6.9640e+02 1.4561e-22 8.0417e-24 9.2280e-24 3.1690e-24 1.1559e-22 8.7640e-23
7.0280e+02 1.4708e-22 7.8959e-24 1.1050e-23 3.1530e-24 1.1666e-22 8.8487e-23
7.0930e+02 1.4869e-22 7.7518e-24 1.3940e-23 3.1360e-24 1.1774e-22 8.9350e-23
7.1590e+02 1.5066e-22 7.6096e-24 1.9200e-23 3.1200e-24 1.1883e-22 9.0229e-23
7.2250e+02 1.5410e-22 7.4712e-24 3.1590e-23 3.1030e-24 1.1993e-22 9.1108e-23
7.2920e+02 1.8003e-22 7.3345e-24 9.6080e-23 3.0870e-24 1.2104e-22 9.2003e-23
7.3600e+02 1.7616e-22 7.1996e-24 8.6110e-23 3.0710e-24 1.2216e-22 9.2914e-23
7.4280e+02 1.5783e-22 7.0684e-24 2.9080e-23 3.0550e-24 1.2329e-22 9.3826e-23
7.4970e+02 1.5754e-22 6.9389e-24 1.7280e-23 3.0390e-24 1.2443e-22 9.4754e-23
7.5660e+02 1.5853e-22 6.8129e-24 1.2190e-23 3.0230e-24 1.2558e-22 9.5684e-23
7.6360e+02 1.5982e-22 6.6886e-24 9.3560e-24 3.0080e-24 1.2675e-22 9.6629e-23
7.7070e+02 1.6123e-22 6.5659e-24 7.5570e-24 2.9920e-24 1.2792e-22 9.7590e-23
7.7780e+02 1.6270e-22 6.4466e-24 6.3160e-24 2.9770e-24 1.2910e-22 9.8554e-23
7.8500e+02 1.6420e-22 6.3289e-24 5.4100e-24 2.9610e-24 1.3030e-22 9.9533e-23
7.9230e+02 1.6574e-22 6.2128e-24 4.7210e-24 2.9460e-24 1.3151e-22 1.0053e-22
7.9970e+02 1.6730e-22 6.0983e-24 4.1800e-24 2.9310e-24 1.3272e-22 1.0154e-22
8.0710e+02 1.6887e-22 5.9870e-24 3.7470e-24 2.9150e-24 1.3395e-22 1.0255e-22
8.1450e+02 1.7046e-22 5.8787e-24 3.3920e-24 2.9000e-24 1.3519e-22 1.0357e-22
8.2210e+02 1.7208e-22 5.7705e-24 3.0970e-24 2.8850e-24 1.3644e-22 1.0461e-22
8.2970e+02 1.7371e-22 5.6653e-24 2.8490e-24 2.8700e-24 1.3771e-22 1.0566e-22
8.3740e+02 1.7537e-22 5.5616e-24 2.6390e-24 2.8560e-24 1.3898e-22 1.0673e-22
8.4510e+02 1.7703e-22 5.4607e-24 2.4590e-24 2.8410e-24 1.4027e-22 1.0780e-22
8.5300e+02 1.7872e-22 5.3600e-24 2.3040e-24 2.8260e-24 1.4157e-22 1.0889e-22
8.6090e+02 1.8043e-22 5.2621e-24 2.1690e-24 2.8120e-24 1.4288e-22 1.1000e-22
8.6880e+02 1.8214e-22 5.1668e-24 2.0530e-24 2.7970e-24 1.4420e-22 1.1110e-22
8.7690e+02 1.8389e-22 5.0718e-24 1.9520e-24 2.7830e-24 1.4554e-22 1.1224e-22
8.8500e+02 1.8565e-22 4.9794e-24 1.8650e-24 2.7690e-24 1.4688e-22 1.1337e-22
8.9320e+02 1.8743e-22 4.8884e-24 1.7890e-24 2.7550e-24 1.4824e-22 1.1453e-22
9.0150e+02 1.8922e-22 4.7988e-24 1.7240e-24 2.7410e-24 1.4962e-22 1.1570e-22
9.0980e+02 1.9104e-22 4.7116e-24 1.6680e-24 2.7270e-24 1.5100e-22 1.1688e-22
9.1830e+02 1.9288e-22 4.6248e-24 1.6220e-24 2.7130e-24 1.5240e-22 1.1809e-22
9.2680e+02 1.9473e-22 4.5404e-24 1.5840e-24 2.6990e-24 1.5381e-22 1.1930e-22
9.3530e+02 1.9660e-22 4.4582e-24 1.5530e-24 2.6850e-24 1.5524e-22 1.2052e-22
9.4400e+02 1.9850e-22 4.3764e-24 1.5310e-24 2.6710e-24 1.5667e-22 1.2176e-22
9.5280e+02 2.0042e-22 4.2960e-24 1.5160e-24 2.6580e-24 1.5812e-22 1.2303e-22
9.6160e+02 2.0235e-22 4.2177e-24 1.5080e-24 2.6440e-24 1.5959e-22 1.2430e-22
9.7050e+02 2.0431e-22 4.1407e-24 1.5080e-24 2.6310e-24 1.6107e-22 1.2559e-22
9.7950e+02 2.0628e-22 4.0650e-24 1.5170e-24 2.6170e-24 1.6256e-22 1.2690e-22
9.8850e+02 2.0827e-22 3.9913e-24 1.5350e-24 2.6040e-24 1.6406e-22 1.2821e-22
9.9770e+02 2.1030e-22 3.9180e-24 1.5620e-24 2.5910e-24 1.6558e-22 1.2955e-22
1.0070e+03 2.1234e-22 3.8460e-24 1.6000e-24 2.5780e-24 1.6711e-22 1.3092e-22
1.0160e+03 2.1438e-22 3.7781e-24 1.6530e-24 2.5650e-24 1.6866e-22 1.3224e-22
1.0260e+03 2.1652e-22 3.7048e-24 1.7240e-24 2.5520e-24 1.7022e-22 1.3372e-22
1.0350e+03 2.1858e-22 3.6407e-24 1.8450e-24 2.5390e-24 1.7180e-22 1.3505e-22
1.0450e+03 2.2084e-22 3.5713e-24 6.7500e-24 2.5260e-24 1.7339e-22 1.3654e-22
1.0540e+03 2.2284e-22 3.5106e-24 2.0630e-24 2.5130e-24 1.7500e-22 1.3788e-22
1.0640e+03 2.2504e-22 3.4449e-24 2.2070e-24 2.5010e-24 1.7662e-22 1.3937e-22
1.0740e+03 2.2725e-22 3.3811e-24 2.4240e-24 2.4880e-24 1.7825e-22 1.4088e-22
1.0840e+03 2.2948e-22 3.3190e-24 2.7200e-24 2.4750e-24 1.7990e-22 1.4238e-22
1.0940e+03 2.3173e-22 3.2586e-24 3.1320e-24 2.4630e-24 1.8157e-22 1.4390e-22
1.1040e+03 2.3400e-22 3.1998e-24 3.7360e-24 2.4510e-24 1.8325e-22 1.4542e-22
1.1140e+03 2.3629e-22 3.1426e-24 4.6960e-24 2.4380e-24 1.8495e-22 1.4694e-22
1.1250e+03 2.3872e-22 3.0815e-24 6.4380e-24 2.4260e-24 1.8666e-22 1.4862e-22
1.1350e+03 2.4117e-22 3.0274e-24 1.0530e-23 2.4140e-24 1.8839e-22 1.5016e-22
1.1460e+03 2.4536e-22 2.9696e-24 3.1240e-23 2.4020e-24 1.9013e-22 1.5186e-22
1.1560e+03 2.4753e-22 2.9184e-24 3.0020e-23 2.3900e-24 1.9189e-22 1.5340e-22
1.1670e+03 2.4836e-22 2.8637e-24 9.9180e-24 2.3780e-24 1.9367e-22 1.5511e-22
1.1780e+03 2.5070e-22 2.8104e-24 5.8710e-24 2.3660e-24 1.9546e-22 1.5683e-22
1.1890e+03 2.5315e-22 2.7587e-24 4.1390e-24 2.3540e-24 1.9727e-22 1.5855e-22
1.2000e+03 2.5565e-22 2.7083e-24 3.1800e-24 2.3420e-24 1.9910e-22 1.6028e-22
1.2110e+03 2.5816e-22 2.6594e-24 2.5730e-24 2.3300e-24 2.0094e-22 1.6202e-22
1.2220e+03 2.6070e-22 2.6117e-24 2.1560e-24 2.3190e-24 2.0281e-22 1.6377e-22
1.2330e+03 2.6326e-22 2.5653e-24 1.8530e-24 2.3070e-24 2.0468e-22 1.6552e-22
1.2450e+03 2.6594e-22 2.5161e-24 1.6240e-24 2.2960e-24 2.0658e-22 1.6744e-22
1.2560e+03 2.6854e-22 2.4722e-24 1.4450e-24 2.2840e-24 2.0849e-22 1.6921e-22
1.2680e+03 2.7126e-22 2.4256e-24 1.3030e-24 2.2730e-24 2.1042e-22 1.7114e-22
1.2800e+03 2.7399e-22 2.3804e-24 1.1870e-24 2.2620e-24 2.1237e-22 1.7309e-22
1.2920e+03 2.7675e-22 2.3364e-24 1.0920e-24 2.2500e-24 2.1434e-22 1.7504e-22
1.3040e+03 2.7953e-22 2.2936e-24 1.0140e-24 2.2390e-24 2.1632e-22 1.7701e-22
1.3160e+03 2.8233e-22 2.2519e-24 9.4780e-25 2.2280e-24 2.1833e-22 1.7898e-22
1.3280e+03 2.8515e-22 2.2114e-24 8.9280e-25 2.2170e-24 2.2035e-22 1.8096e-22
1.3400e+03 2.8799e-22 2.1720e-24 8.4670e-25 2.2060e-24 2.2239e-22 1.8295e-22
1.3520e+03 2.9085e-22 2.1336e-24 8.0840e-25 2.1950e-24 2.2445e-22 1.8495e-22
1.3650e+03 2.9384e-22 2.0931e-24 7.7690e-25 2.1840e-24 2.2653e-22 1.8713e-22
1.3780e+03 2.9685e-22 2.0538e-24 7.5130e-25 2.1730e-24 2.2862e-22 1.8931e-22
1.3900e+03 2.9977e-22 2.0185e-24 7.3130e-25 2.1630e-24 2.3074e-22 1.9134e-22
1.4030e+03 3.0283e-22 1.9813e-24 7.1650e-25 2.1520e-24 2.3288e-22 1.9355e-22
1.4160e+03 3.0590e-22 1.9451e-24 7.0660e-25 2.1410e-24 2.3504e-22 1.9577e-22
1.4290e+03 3.0900e-22 1.9099e-24 7.0170e-25 2.1310e-24 2.3721e-22 1.9800e-22
1.4430e+03 3.1224e-22 1.8730e-24 7.0190e-25 2.1200e-24 2.3941e-22 2.0041e-22
1.4560e+03 3.1538e-22 1.8397e-24 7.0730e-25 2.1100e-24 2.4163e-22 2.0267e-22
1.4690e+03 3.1855e-22 1.8073e-24 7.1860e-25 2.0990e-24 2.4386e-22 2.0493e-22
1.4830e+03 3.2186e-22 1.7733e-24 7.3630e-25 2.0890e-24 2.4612e-22 2.0739e-22
1.4970e+03 3.2519e-22 1.7403e-24 7.6160e-25 2.0790e-24 2.4840e-22 2.0985e-22
1.5110e+03 3.2855e-22 1.7082e-24 7.9590e-25 2.0690e-24 2.5070e-22 2.1233e-22
1.5250e+03 3.3193e-22 1.6770e-24 8.4160e-25 2.0580e-24 2.5302e-22 2.1482e-22
1.5390e+03 3.3534e-22 1.6466e-24 9.0190e-25 2.0480e-24 2.5537e-22 2.1733e-22
1.5530e+03 3.3877e-22 1.6170e-24 9.8190e-25 2.0380e-24 2.5773e-22 2.1984e-22
1.5670e+03 3.4223e-22 1.5883e-24 1.0900e-24 2.0280e-24 2.6012e-22 2.2238e-22
1.5820e+03 3.4583e-22 1.5583e-24 1.2400e-24 2.0180e-24 2.6253e-22 2.2511e-22
1.5970e+03 3.4947e-22 1.5292e-24 1.4590e-24 2.0080e-24 2.6496e-22 2.2785e-22
1.6110e+03 3.5301e-22 1.5027e-24 1.7990e-24 1.9980e-24 2.6741e-22 2.3042e-22
1.6260e+03 3.5670e-22 1.4751e-24 2.3940e-24 1.9890e-24 2.6989e-22 2.3320e-22
1.6410e+03 3.6043e-22 1.4483e-24 3.6790e-24 1.9790e-24 2.7239e-22 2.3599e-22
1.6570e+03 3.6437e-22 1.4204e-24 8.3970e-24 1.9690e-24 2.7491e-22 2.3898e-22
1.6720e+03 3.6890e-22 1.3951e-24 2.5070e-23 1.9600e-24 2.7746e-22 2.4181e-22
1.6870e+03 3.7188e-22 1.3704e-24 4.8940e-24 1.9500e-24 2.8003e-22 2.4465e-22
1.7030e+03 3.7582e-22 1.3447e-24 2.6780e-24 1.9400e-24 2.8262e-22 2.4770e-22
1.7190e+03 3.7980e-22 1.3198e-24 1.8310e-24 1.9310e-24 2.8524e-22 2.5076e-22
1.7350e+03 3.8382e-22 1.2956e-24 1.3860e-24 1.9220e-24 2.8788e-22 2.5385e-22
1.7510e+03 3.8788e-22 1.2720e-24 1.1130e-24 1.9120e-24 2.9055e-22 2.5695e-22
1.7670e+03 3.9196e-22 1.2491e-24 9.2890e-25 1.9030e-24 2.9324e-22 2.6007e-22
1.7830e+03 3.9608e-22 1.2268e-24 7.9780e-25 1.8940e-24 2.9595e-22 2.6321e-22
1.8000e+03 4.0036e-22 1.2037e-24 7.0020e-25 1.8840e-24 2.9869e-22 2.6657e-22
1.8170e+03 4.0467e-22 1.1813e-24 6.2530e-25 1.8750e-24 3.0146e-22 2.6995e-22
1.8330e+03 4.0889e-22 1.1608e-24 5.6680e-25 1.8660e-24 3.0425e-22 2.7315e-22
1.8500e+03 4.1327e-22 1.1395e-24 5.2030e-25 1.8570e-24 3.0707e-22 2.7658e-22
1.8680e+03 4.1782e-22 1.1177e-24 4.8330e-25 1.8480e-24 3.0991e-22 2.8022e-22
1.8850e+03 4.2228e-22 1.0976e-24 4.5380e-25 1.8390e-24 3.1278e-22 2.8369e-22
1.9020e+03 4.2677e-22 1.0781e-24 4.3060e-25 1.8300e-24 3.1568e-22 2.8718e-22
1.9200e+03 4.3144e-22 1.0579e-24 4.1330e-25 1.8210e-24 3.1860e-22 2.9090e-22
1.9380e+03 4.3614e-22 1.0384e-24 4.0160e-25 1.8120e-24 3.2156e-22 2.9465e-22
1.9560e+03 4.4088e-22 1.0194e-24 3.9700e-25 1.8030e-24 3.2453e-22 2.9841e-22
1.9740e+03 4.4566e-22 1.0009e-24 4.0540e-25 1.7950e-24 3.2754e-22 3.0221e-22
1.9920e+03 4.5048e-22 9.8285e-25 4.7090e-25 1.7860e-24 3.3057e-22 3.0603e-22
2.0100e+03 4.5534e-22 9.6532e-25 1.1210e-24 1.7770e-24 3.3363e-22 3.0987e-22
2.0290e+03 4.6039e-22 9.4733e-25 3.4830e-25 1.7690e-24 3.3672e-22 3.1396e-22
2.0480e+03 4.6548e-22 9.2983e-25 3.5140e-25 1.7600e-24 3.3984e-22 3.1807e-22
2.0670e+03 4.7061e-22 9.1282e-25 3.6450e-25 1.7520e-24 3.4299e-22 3.2222e-22
2.0860e+03 4.7578e-22 8.9626e-25 3.8210e-25 1.7430e-24 3.4617e-22 3.2639e-22
2.1050e+03 4.8099e-22 8.8016e-25 4.0540e-25 1.7350e-24 3.4937e-22 3.3059e-22
2.1250e+03 4.8641e-22 8.6367e-25 4.3650e-25 1.7260e-24 3.5261e-22 3.3504e-22
2.1450e+03 4.9186e-22 8.4764e-25 4.7860e-25 1.7180e-24 3.5587e-22 3.3953e-22
2.1640e+03 4.9721e-22 8.3282e-25 5.3690e-25 1.7100e-24 3.5917e-22 3.4382e-22
2.1840e+03 5.0276e-22 8.1763e-25 6.2050e-25 1.7010e-24 3.6250e-22 3.4837e-22
2.2050e+03 5.0852e-22 8.0213e-25 7.4750e-25 1.6930e-24 3.6585e-22 3.5318e-22
2.2250e+03 5.1416e-22 7.8778e-25 9.5870e-25 1.6850e-24 3.6924e-22 3.5779e-22
2.2460e+03 5.2001e-22 7.7312e-25 1.3710e-24 1.6770e-24 3.7266e-22 3.6267e-22
2.2660e+03 5.2576e-22 7.5953e-25 2.5090e-24 1.6690e-24 3.7611e-22 3.6735e-22
2.2870e+03 5.3204e-22 7.4565e-25 1.8850e-23 1.6610e-24 3.7960e-22 3.7231e-22
2.3090e+03 5.3789e-22 7.3150e-25 3.2820e-24 1.6530e-24 3.8311e-22 3.7753e-22
2.3300e+03 5.4393e-22 7.1838e-25 1.4880e-24 1.6450e-24 3.8666e-22 3.8256e-22
2.3520e+03 5.5021e-22 7.0500e-25 9.5540e-25 1.6370e-24 3.9024e-22 3.8786e-22
2.3730e+03 5.5637e-22 6.9258e-25 7.0160e-25 1.6290e-24 3.9386e-22 3.9296e-22
2.3950e+03 5.6276e-22 6.7991e-25 5.5410e-25 1.6210e-24 3.9750e-22 3.9835e-22
2.4180e+03 5.6937e-22 6.6704e-25 4.5840e-25 1.6130e-24 4.0119e-22 4.0402e-22
2.4400e+03 5.7587e-22 6.5507e-25 3.9180e-25 1.6060e-24 4.0490e-22 4.0949e-22
2.4630e+03 5.8260e-22 6.4289e-25 3.4340e-25 1.5980e-24 4.0865e-22 4.1525e-22
2.4850e+03 5.8922e-22 6.3156e-25 3.0700e-25 1.5900e-24 4.1244e-22 4.2080e-22
2.5080e+03 5.9607e-22 6.2003e-25 2.7910e-25 1.5830e-24 4.1626e-22 4.2664e-22
2.5320e+03 6.0316e-22 6.0833e-25 2.5750e-25 1.5750e-24 4.2011e-22 4.3279e-22
2.5550e+03 6.1014e-22 5.9742e-25 2.4080e-25 1.5680e-24 4.2400e-22 4.3873e-22
2.5790e+03 6.1736e-22 5.8636e-25 2.2790e-25 1.5600e-24 4.2793e-22 4.4497e-22
2.6030e+03 6.2464e-22 5.7559e-25 2.1840e-25 1.5530e-24 4.3189e-22 4.5127e-22
2.6270e+03 6.3199e-22 5.6512e-25 2.1170e-25 1.5450e-24 4.3589e-22 4.5761e-22
2.6510e+03 6.3941e-22 5.5494e-25 2.0760e-25 1.5380e-24 4.3993e-22 4.6401e-22
2.6760e+03 6.4708e-22 5.4462e-25 2.0610e-25 1.5300e-24 4.4401e-22 4.7072e-22
2.7000e+03 6.5463e-22 5.3498e-25 2.0710e-25 1.5230e-24 4.4812e-22 4.7721e-22
2.7250e+03 6.6245e-22 5.2521e-25 2.1100e-25 1.5160e-24 4.5227e-22 4.8403e-22
2.7510e+03 6.7053e-22 5.1533e-25 2.1810e-25 1.5080e-24 4.5646e-22 4.9118e-22
2.7760e+03 6.7849e-22 5.0609e-25 2.2910e-25 1.5010e-24 4.6068e-22 4.9811e-22
2.8020e+03 6.8672e-22 4.9674e-25 2.4510e-25 1.4940e-24 4.6495e-22 5.0538e-22
2.8280e+03 6.9503e-22 4.8765e-25 2.6800e-25 1.4870e-24 4.6926e-22 5.1270e-22
2.8540e+03 7.0341e-22 4.7880e-25 3.0100e-25 1.4800e-24 4.7360e-22 5.2008e-22
2.8800e+03 7.1187e-22 4.7020e-25 3.5020e-25 1.4730e-24 4.7799e-22 5.2753e-22
2.9070e+03 7.2062e-22 4.6150e-25 4.2810e-25 1.4660e-24 4.8242e-22 5.3532e-22
2.9340e+03 7.2945e-22 4.5305e-25 5.6510e-25 1.4590e-24 4.8689e-22 5.4317e-22
2.9610e+03 7.3836e-22 4.4482e-25 8.6130e-25 1.4520e-24 4.9140e-22 5.5109e-22
2.9890e+03 7.4758e-22 4.3653e-25 1.9350e-24 1.4450e-24 4.9595e-22 5.5938e-22
3.0160e+03 7.5668e-22 4.2875e-25 6.3770e-24 1.4380e-24 5.0054e-22 5.6743e-22
3.0440e+03 7.6603e-22 4.2090e-25 1.1720e-24 1.4310e-24 5.0518e-22 5.7585e-22
3.0720e+03 7.7550e-22 4.1326e-25 6.3900e-25 1.4240e-24 5.0986e-22 5.8434e-22
3.1010e+03 7.8529e-22 4.0557e-25 4.3770e-25 1.4180e-24 5.1458e-22 5.9321e-22
3.1300e+03 7.9517e-22 3.9809e-25 3.3280e-25 1.4110e-24 5.1934e-22 6.0215e-22
3.1590e+03 8.0515e-22 3.9081e-25 2.6910e-25 1.4040e-24 5.2415e-22 6.1116e-22
3.1880e+03 8.1521e-22 3.8373e-25 2.2690e-25 1.3970e-24 5.2901e-22 6.2026e-22
3.2170e+03 8.2537e-22 3.7684e-25 1.9720e-25 1.3910e-24 5.3391e-22 6.2943e-22
3.2470e+03 8.3587e-22 3.6991e-25 1.7560e-25 1.3840e-24 5.3885e-22 6.3899e-22
3.2770e+03 8.4646e-22 3.6317e-25 1.5950e-25 1.3780e-24 5.4384e-22 6.4863e-22
3.3080e+03 8.5740e-22 3.5640e-25 1.4750e-25 1.3710e-24 5.4888e-22 6.5869e-22
3.3380e+03 8.6820e-22 3.5002e-25 1.3870e-25 1.3640e-24 5.5396e-22 6.6850e-22
3.3690e+03 8.7935e-22 3.4361e-25 1.3240e-25 1.3580e-24 5.5910e-22 6.7872e-22
3.4000e+03 8.9060e-22 3.3737e-25 1.2830e-25 1.3520e-24 5.6427e-22 6.8903e-22
3.4320e+03 9.0222e-22 3.3111e-25 1.2610e-25 1.3450e-24 5.6950e-22 6.9977e-22
3.4640e+03 9.1396e-22 3.2502e-25 1.2600e-25 1.3390e-24 5.7477e-22 7.1060e-22
3.4960e+03 9.2580e-22 3.1910e-25 1.2790e-25 1.3320e-24 5.8010e-22 7.2152e-22
3.5280e+03 9.3775e-22 3.1333e-25 1.3220e-25 1.3260e-24 5.8547e-22 7.3253e-22
3.5610e+03 9.5009e-22 3.0755e-25 1.3930e-25 1.3200e-24 5.9089e-22 7.4399e-22
3.5940e+03 9.6255e-22 3.0193e-25 1.5010e-25 1.3140e-24 5.9637e-22 7.5555e-22
3.6270e+03 9.7513e-22 2.9646e-25 1.6630e-25 1.3070e-24 6.0189e-22 7.6721e-22
3.6610e+03 9.8811e-22 2.9098e-25 1.9070e-25 1.3010e-24 6.0746e-22 7.7932e-22
3.6950e+03 1.0012e-21 2.8565e-25 2.2920e-25 1.2950e-24 6.1309e-22 7.9154e-22
3.7290e+03 1.0144e-21 2.8047e-25 2.9580e-25 1.2890e-24 6.1877e-22 8.0387e-22
3.7630e+03 1.0278e-21 2.7542e-25 4.3280e-25 1.2830e-24 6.2450e-22 8.1630e-22
3.7980e+03 1.0416e-21 2.7037e-25 8.5770e-25 1.2770e-24 6.3028e-22 8.2922e-22
3.8330e+03 1.0558e-21 2.6545e-25 2.6480e-23 1.2710e-24 6.3612e-22 8.4224e-22
3.8690e+03 1.0698e-21 2.6054e-25 7.7840e-25 1.2650e-24 6.4201e-22 8.5575e-22
3.9050e+03 1.0843e-21 2.5575e-25 3.9090e-25 1.2590e-24 6.4796e-22 8.6939e-22
3.9410e+03 1.0989e-21 2.5110e-25 2.6040e-25 1.2530e-24 6.5396e-22 8.8314e-22
3.9770e+03 1.1137e-21 2.4658e-25 1.9560e-25 1.2470e-24 6.6002e-22 8.9702e-22
4.0140e+03 1.1289e-21 2.4205e-25 1.5730e-25 1.2410e-24 6.6613e-22 9.1140e-22
4.0510e+03 1.1443e-21 2.3765e-25 1.3250e-25 1.2350e-24 6.7230e-22 9.2592e-22
4.0890e+03 1.1601e-21 2.3325e-25 1.1550e-25 1.2290e-24 6.7853e-22 9.4095e-22
4.1270e+03 1.1761e-21 2.2898e-25 1.0340e-25 1.2230e-24 6.8481e-22 9.5612e-22
4.1650e+03 1.1922e-21 2.2482e-25 9.4660e-26 1.2180e-24 6.9116e-22 9.7143e-22
4.2040e+03 1.2088e-21 2.2067e-25 8.8490e-26 1.2120e-24 6.9756e-22 9.8728e-22
4.2430e+03 1.2256e-21 2.1663e-25 8.4320e-26 1.2060e-24 7.0402e-22 1.0033e-21
4.2820e+03 1.2426e-21 2.1270e-25 8.1860e-26 1.2000e-24 7.1054e-22 1.0194e-21
4.3220e+03 1.2601e-21 2.0878e-25 8.0970e-26 1.1950e-24 7.1712e-22 1.0361e-21
4.3620e+03 1.2777e-21 2.0497e-25 8.1660e-26 1.1890e-24 7.2376e-22 1.0529e-21
4.4020e+03 1.2955e-21 2.0126e-25 8.4100e-26 1.1830e-24 7.3047e-22 1.0699e-21
4.4430e+03 1.3138e-21 1.9757e-25 8.8650e-26 1.1780e-24 7.3723e-22 1.0875e-21
4.4840e+03 1.3324e-21 1.9397e-25 9.5980e-26 1.1720e-24 7.4406e-22 1.1052e-21
4.5250e+03 1.3511e-21 1.9047e-25 1.0740e-25 1.1670e-24 7.5095e-22 1.1231e-21
4.5670e+03 1.3703e-21 1.8698e-25 1.2530e-25 1.1610e-24 7.5791e-22 1.1416e-21
4.6100e+03 1.3901e-21 1.8351e-25 1.5520e-25 1.1560e-24 7.6493e-22 1.1607e-21
4.6520e+03 1.4097e-21 1.8021e-25 2.1180e-25 1.1500e-24 7.7201e-22 1.1795e-21
4.6950e+03 1.4299e-21 1.7693e-25 3.5120e-25 1.1450e-24 7.7916e-22 1.1990e-21
4.7390e+03 1.4507e-21 1.7366e-25 1.1750e-24 1.1400e-24 7.8638e-22 1.2191e-21
4.7830e+03 1.4717e-21 1.7048e-25 8.1100e-25 1.1340e-24 7.9366e-22 1.2393e-21
4.8270e+03 1.4929e-21 1.6738e-25 2.9670e-25 1.1290e-24 8.0101e-22 1.2598e-21
4.8720e+03 1.5147e-21 1.6430e-25 1.8100e-25 1.1240e-24 8.0843e-22 1.2809e-21
4.9170e+03 1.5367e-21 1.6131e-25 1.3060e-25 1.1180e-24 8.1592e-22 1.3021e-21
4.9620e+03 1.5589e-21 1.5840e-25 1.0290e-25 1.1130e-24 8.2348e-22 1.3236e-21
5.0080e+03 1.5817e-21 1.5550e-25 8.5640e-26 1.1080e-24 8.3110e-22 1.3458e-21
5.0550e+03 1.6052e-21 1.5262e-25 7.4210e-26 1.1030e-24 8.3880e-22 1.3686e-21
5.1020e+03 1.6289e-21 1.4982e-25 6.6370e-26 1.0970e-24 8.4657e-22 1.3917e-21
5.1490e+03 1.6529e-21 1.4710e-25 6.0980e-26 1.0920e-24 8.5441e-22 1.4149e-21
5.1970e+03 1.6775e-21 1.4440e-25 5.7390e-26 1.0870e-24 8.6232e-22 1.4389e-21
5.2450e+03 1.7024e-21 1.4177e-25 5.5270e-26 1.0820e-24 8.7031e-22 1.4631e-21
5.2930e+03 1.7275e-21 1.3921e-25 5.4450e-26 1.0770e-24 8.7837e-22 1.4875e-21
5.3420e+03 1.7533e-21 1.3666e-25 5.4910e-26 1.0720e-24 8.8651e-22 1.5126e-21
5.3920e+03 1.7798e-21 1.3414e-25 5.6790e-26 1.0670e-24 8.9472e-22 1.5385e-21
5.4420e+03 1.8065e-21 1.3169e-25 6.0410e-26 1.0620e-24 9.0301e-22 1.5646e-21
5.4920e+03 1.8335e-21 1.2930e-25 6.6440e-26 1.0570e-24 9.1137e-22 1.5910e-21
5.5430e+03 1.8613e-21 1.2693e-25 7.6200e-26 1.0520e-24 9.1981e-22 1.6181e-21
5.5940e+03 1.8893e-21 1.2463e-25 9.2510e-26 1.0470e-24 9.2833e-22 1.6455e-21
5.6460e+03 1.9181e-21 1.2234e-25 1.2270e-25 1.0420e-24 9.3693e-22 1.6737e-21
5.6980e+03 1.9471e-21 1.2012e-25 1.9200e-25 1.0370e-24 9.4561e-22 1.7021e-21
5.7510e+03 1.9769e-21 1.1792e-25 4.9150e-25 1.0320e-24 9.5437e-22 1.7313e-21
5.8040e+03 2.0071e-21 1.1577e-25 7.6950e-25 1.0270e-24 9.6320e-22 1.7608e-21
5.8580e+03 2.0380e-21 1.1365e-25 2.1160e-25 1.0230e-24 9.7213e-22 1.7912e-21
5.9130e+03 2.0697e-21 1.1154e-25 1.2240e-25 1.0180e-24 9.8113e-22 1.8223e-21
5.9670e+03 2.1012e-21 1.0953e-25 8.6510e-26 1.0130e-24 9.9022e-22 1.8532e-21
6.0230e+03 2.1341e-21 1.0751e-25 6.7540e-26 1.0080e-24 9.9939e-22 1.8856e-21
6.0780e+03 2.1667e-21 1.0557e-25 5.6100e-26 1.0040e-24 1.0086e-21 1.9176e-21
6.1350e+03 2.2007e-21 1.0362e-25 4.8710e-26 9.9890e-25 1.0180e-21 1.9511e-21
6.1910e+03 2.2346e-21 1.0175e-25 4.3820e-26 9.9430e-25 1.0274e-21 1.9844e-21
6.2490e+03 2.2698e-21 9.9872e-26 4.0640e-26 9.8960e-25 1.0369e-21 2.0191e-21
6.3070e+03 2.3054e-21 9.8044e-26 3.8760e-26 9.8500e-25 1.0465e-21 2.0541e-21
6.3650e+03 2.3413e-21 9.6265e-26 3.7980e-26 9.8040e-25 1.0562e-21 2.0895e-21
6.4240e+03 2.3781e-21 9.4505e-26 3.8270e-26 9.7580e-25 1.0660e-21 2.1258e-21
6.4840e+03 2.4159e-21 9.2764e-26 3.9730e-26 9.7120e-25 1.0759e-21 2.1631e-21
6.5440e+03 2.4540e-21 9.1071e-26 4.2660e-26 9.6670e-25 1.0859e-21 2.2007e-21
6.6040e+03 2.4925e-21 8.9423e-26 4.7710e-26 9.6210e-25 1.0959e-21 2.2387e-21
6.6650e+03 2.5320e-21 8.7794e-26 5.6230e-26 9.5760e-25 1.1061e-21 2.2776e-21
6.7270e+03 2.5724e-21 8.6183e-26 7.1550e-26 9.5320e-25 1.1163e-21 2.3175e-21
6.7890e+03 2.6132e-21 8.4616e-26 1.0380e-25 9.4870e-25 1.1266e-21 2.3578e-21
6.8520e+03 2.6550e-21 8.3067e-26 2.0540e-25 9.4430e-25 1.1371e-21 2.3992e-21
6.9160e+03 2.6978e-21 8.1537e-26 4.8900e-24 9.3990e-25 1.1476e-21 2.4415e-21
6.9800e+03 2.7410e-21 8.0049e-26 1.8320e-25 9.3550e-25 1.1582e-21 2.4843e-21
7.0440e+03 2.7847e-21 7.8601e-26 9.2980e-26 9.3110e-25 1.1690e-21 2.5275e-21
7.1100e+03 2.8300e-21 7.7148e-26 6.2680e-26 9.2670e-25 1.1798e-21 2.5724e-21
7.1760e+03 2.8758e-21 7.5736e-26 4.7830e-26 9.2240e-25 1.1907e-21 2.6177e-21
7.2420e+03 2.9220e-21 7.4361e-26 3.9280e-26 9.1810e-25 1.2017e-21 2.6635e-21
7.3090e+03 2.9693e-21 7.3004e-26 3.3970e-26 9.1380e-25 1.2129e-21 2.7103e-21
7.3770e+03 3.0178e-21 7.1665e-26 3.0590e-26 9.0950e-25 1.2241e-21 2.7583e-21
7.4450e+03 3.0667e-21 7.0362e-26 2.8520e-26 9.0530e-25 1.2355e-21 2.8068e-21
7.5140e+03 3.1167e-21 6.9075e-26 2.7480e-26 9.0110e-25 1.2469e-21 2.8564e-21
7.5840e+03 3.1679e-21 6.7806e-26 2.7340e-26 8.9690e-25 1.2584e-21 2.9072e-21
7.6540e+03 3.2196e-21 6.6571e-26 2.8140e-26 8.9270e-25 1.2701e-21 2.9585e-21
7.7250e+03 3.2725e-21 6.5353e-26 3.0080e-26 8.8850e-25 1.2819e-21 3.0109e-21
7.7960e+03 3.3259e-21 6.4168e-26 3.3640e-26 8.8440e-25 1.2937e-21 3.0639e-21
7.8690e+03 3.3812e-21 6.2983e-26 3.9900e-26 8.8020e-25 1.3057e-21 3.1189e-21
7.9410e+03 3.4363e-21 6.1846e-26 5.1590e-26 8.7610e-25 1.3178e-21 3.1736e-21
8.0150e+03 3.4934e-21 6.0710e-26 7.7820e-26 8.7210e-25 1.3300e-21 3.2303e-21
8.0890e+03 3.5510e-21 5.9604e-26 1.7670e-25 8.6800e-25 1.3423e-21 3.2876e-21
8.1640e+03 3.6100e-21 5.8514e-26 5.0630e-25 8.6390e-25 1.3548e-21 3.3461e-21
8.2400e+03 3.6702e-21 5.7439e-26 1.0180e-25 8.5990e-25 1.3673e-21 3.4060e-21
8.3160e+03 3.7311e-21 5.6394e-26 5.6670e-26 8.5590e-25 1.3800e-21 3.4665e-21
8.3930e+03 3.7932e-21 5.5364e-26 3.9700e-26 8.5190e-25 1.3928e-21 3.5283e-21
8.4710e+03 3.8568e-21 5.4349e-26 3.1070e-26 8.4790e-25 1.4057e-21 3.5915e-21
8.5490e+03 3.9209e-21 5.3362e-26 2.6070e-26 8.4400e-25 1.4187e-21 3.6553e-21
8.6290e+03 3.9872e-21 5.2377e-26 2.3020e-26 8.4010e-25 1.4318e-21 3.7213e-21
8.7080e+03 4.0534e-21 5.1431e-26 2.1210e-26 8.3610e-25 1.4451e-21 3.7871e-21
8.7890e+03 4.1218e-21 5.0488e-26 2.0310e-26 8.3230e-25 1.4585e-21 3.8552e-21
8.8700e+03 4.1909e-21 4.9570e-26 2.0190e-26 8.2840e-25 1.4720e-21 3.9239e-21
8.9530e+03 4.2622e-21 4.8655e-26 2.0870e-26 8.2450e-25 1.4856e-21 3.9949e-21
9.0360e+03 4.3343e-21 4.7765e-26 2.2560e-26 8.2070e-25 1.4994e-21 4.0666e-21
9.1190e+03 4.4070e-21 4.6900e-26 2.5740e-26 8.1690e-25 1.5133e-21 4.1390e-21
9.2040e+03 4.4821e-21 4.6037e-26 3.1620e-26 8.1310e-25 1.5273e-21 4.2138e-21
9.2890e+03 4.5579e-21 4.5199e-26 4.3660e-26 8.0930e-25 1.5414e-21 4.2893e-21
9.3750e+03 4.6353e-21 4.4373e-26 7.7010e-26 8.0550e-25 1.5557e-21 4.3664e-21
9.4620e+03 4.7143e-21 4.3561e-26 4.5160e-25 8.0180e-25 1.5701e-21 4.4451e-21
9.5490e+03 4.7940e-21 4.2771e-26 1.1070e-25 7.9800e-25 1.5847e-21 4.5246e-21
9.6380e+03 4.8763e-21 4.1985e-26 4.9150e-26 7.9430e-25 1.5993e-21 4.6066e-21
9.7270e+03 4.9594e-21 4.1220e-26 3.1930e-26 7.9060e-25 1.6141e-21 4.6893e-21
9.8170e+03 5.0441e-21 4.0468e-26 2.4100e-26 7.8690e-25 1.6291e-21 4.7738e-21
9.9080e+03 5.1306e-21 3.9728e-26 1.9820e-26 7.8330e-25 1.6442e-21 4.8600e-21
1.0000e+04 5.2188e-21 3.9000e-26 1.7330e-26 7.7960e-25 1.6594e-21 4.9480e-21
