1.000000e+00 7.775300e-16
1.009300e+00 7.226000e-16
1.018600e+00 6.715700e-16
1.028000e+00 6.241400e-16
1.037600e+00 5.800700e-16
1.047200e+00 5.391200e-16
1.056900e+00 5.010700e-16
1.066700e+00 4.657000e-16
1.076500e+00 4.328400e-16
1.086500e+00 4.023000e-16
1.096600e+00 3.739200e-16
1.106700e+00 3.475500e-16
1.117000e+00 3.230400e-16
1.127300e+00 3.002700e-16
1.137800e+00 2.791000e-16
1.148300e+00 2.594300e-16
1.158900e+00 2.411500e-16
1.169700e+00 2.241600e-16
1.180500e+00 2.083700e-16
1.191500e+00 1.937000e-16
1.202500e+00 1.800600e-16
1.213600e+00 1.673800e-16
1.224900e+00 1.556000e-16
1.236200e+00 1.446500e-16
1.247700e+00 1.344800e-16
1.259200e+00 1.250200e-16
1.270900e+00 1.162300e-16
1.282600e+00 1.080600e-16
1.294500e+00 1.004600e-16
1.306500e+00 9.340100e-17
1.318600e+00 8.683900e-17
1.330800e+00 8.074000e-17
1.343200e+00 7.507100e-17
1.355600e+00 6.980100e-17
1.368200e+00 6.490200e-17
1.380800e+00 6.034900e-17
1.393600e+00 5.611600e-17
1.406500e+00 5.218100e-17
1.419600e+00 4.852300e-17
1.432700e+00 4.512200e-17
1.446000e+00 4.196100e-17
1.459400e+00 3.902200e-17
1.472900e+00 3.629000e-17
1.486500e+00 3.374900e-17
1.500300e+00 3.138800e-17
1.514200e+00 2.919200e-17
1.528200e+00 2.715100e-17
1.542400e+00 2.525300e-17
1.556700e+00 2.348800e-17
1.571100e+00 2.184700e-17
1.585600e+00 2.032200e-17
1.600300e+00 1.890300e-17
1.615100e+00 1.758400e-17
1.630100e+00 1.635700e-17
1.645200e+00 1.521700e-17
1.660400e+00 1.415600e-17
1.675800e+00 1.317000e-17
1.691300e+00 1.225200e-17
1.707000e+00 1.139900e-17
1.722800e+00 1.060600e-17
1.738800e+00 9.868500e-18
1.754900e+00 9.182400e-18
1.771100e+00 8.544300e-18
1.787500e+00 7.950900e-18
1.804100e+00 7.399200e-18
1.820800e+00 6.886300e-18
1.837700e+00 6.410300e-18
1.854700e+00 5.972500e-18
1.871900e+00 5.679900e-18
1.889200e+00 5.217300e-18
1.906700e+00 4.815400e-18
1.924400e+00 4.477900e-18
1.942200e+00 4.166900e-18
1.960200e+00 3.878300e-18
1.978300e+00 3.610100e-18
1.996600e+00 3.360600e-18
2.015100e+00 3.128500e-18
2.033800e+00 2.912600e-18
2.052600e+00 2.711800e-18
2.071600e+00 2.524900e-18
2.090800e+00 2.350900e-18
2.110200e+00 2.189100e-18
2.129700e+00 2.038500e-18
2.149500e+00 1.898300e-18
2.169400e+00 1.767900e-18
2.189500e+00 1.646500e-18
2.209800e+00 1.533500e-18
2.230200e+00 1.428300e-18
2.250900e+00 1.330400e-18
2.271700e+00 1.239300e-18
2.292800e+00 1.154500e-18
2.314000e+00 1.075500e-18
2.335400e+00 1.002000e-18
2.357100e+00 9.335400e-19
2.378900e+00 8.698200e-19
2.400900e+00 8.104800e-19
2.423200e+00 7.552300e-19
2.445600e+00 7.037900e-19
2.468300e+00 6.558900e-19
2.491100e+00 6.112800e-19
2.514200e+00 5.697300e-19
2.537500e+00 5.310400e-19
2.561000e+00 4.950000e-19
2.584700e+00 4.614400e-19
2.608700e+00 4.301700e-19
2.632800e+00 4.010500e-19
2.657200e+00 3.739200e-19
2.681800e+00 3.486500e-19
2.706700e+00 3.251100e-19
2.731700e+00 3.031700e-19
2.757000e+00 2.827300e-19
2.782600e+00 2.636900e-19
2.808300e+00 2.459400e-19
2.834300e+00 2.294100e-19
2.860600e+00 2.140000e-19
2.887100e+00 1.996400e-19
2.913800e+00 1.862500e-19
2.940800e+00 1.737800e-19
2.968100e+00 1.621500e-19
2.995500e+00 1.513100e-19
3.023300e+00 1.412000e-19
3.051300e+00 1.317800e-19
3.079600e+00 1.230000e-19
3.108100e+00 1.148100e-19
3.136900e+00 1.071800e-19
3.165900e+00 1.000600e-19
3.195200e+00 9.342300e-20
3.224800e+00 8.723300e-20
3.254700e+00 8.146000e-20
3.284900e+00 7.607600e-20
3.315300e+00 7.105400e-20
3.346000e+00 6.637000e-20
3.377000e+00 6.200100e-20
3.408300e+00 5.792600e-20
3.439800e+00 5.412400e-20
3.471700e+00 5.057700e-20
3.503800e+00 4.726800e-20
3.536300e+00 4.418100e-20
3.569000e+00 4.130000e-20
3.602100e+00 3.861300e-20
3.635500e+00 3.610500e-20
3.669100e+00 3.376400e-20
3.703100e+00 3.158000e-20
3.737400e+00 2.954200e-20
3.772000e+00 2.764000e-20
3.807000e+00 2.586500e-20
3.842200e+00 2.420800e-20
3.877800e+00 2.266200e-20
3.913700e+00 2.121900e-20
3.950000e+00 1.987200e-20
3.986600e+00 1.861400e-20
4.023500e+00 1.744100e-20
4.060800e+00 1.634600e-20
4.098400e+00 1.532300e-20
4.136300e+00 1.436900e-20
4.174700e+00 1.347800e-20
4.213300e+00 1.264700e-20
4.252300e+00 1.187100e-20
4.291700e+00 1.114700e-20
4.331500e+00 1.047200e-20
4.371600e+00 9.841000e-21
4.412100e+00 9.252500e-21
4.453000e+00 8.703400e-21
4.494200e+00 8.191000e-21
4.535800e+00 7.713000e-21
4.577800e+00 7.267000e-21
4.620200e+00 6.850900e-21
4.663000e+00 6.462700e-21
4.706200e+00 6.100700e-21
4.749800e+00 5.763000e-21
4.793800e+00 5.448000e-21
4.838200e+00 5.154200e-21
4.883000e+00 4.880300e-21
4.928200e+00 4.624800e-21
4.973900e+00 4.386500e-21
5.020000e+00 4.164300e-21
5.066500e+00 3.957100e-21
5.113400e+00 3.763800e-21
5.160700e+00 3.583500e-21
5.208500e+00 3.415400e-21
5.256800e+00 3.258400e-21
5.305500e+00 3.112000e-21
5.354600e+00 2.975300e-21
5.404200e+00 2.847600e-21
5.454300e+00 2.728300e-21
5.504800e+00 2.616800e-21
5.555800e+00 2.512500e-21
5.607200e+00 2.415000e-21
5.659200e+00 2.323600e-21
5.711600e+00 2.238000e-21
5.764500e+00 2.157600e-21
5.817900e+00 2.082200e-21
5.871800e+00 2.011400e-21
5.926200e+00 1.944800e-21
5.981000e+00 1.882000e-21
6.036400e+00 1.822800e-21
6.092300e+00 1.766900e-21
6.148800e+00 1.714100e-21
6.205700e+00 1.664200e-21
6.263200e+00 1.616800e-21
6.321200e+00 1.571800e-21
6.379800e+00 1.529100e-21
6.438900e+00 1.488400e-21
6.498500e+00 1.449700e-21
6.558700e+00 1.412700e-21
6.619400e+00 1.377400e-21
6.680700e+00 1.343500e-21
6.742600e+00 1.311100e-21
6.805100e+00 1.280000e-21
6.868100e+00 1.250100e-21
6.931700e+00 1.221400e-21
6.995900e+00 1.193700e-21
7.060700e+00 1.167000e-21
7.126100e+00 1.141300e-21
7.192100e+00 1.116400e-21
7.258700e+00 1.092400e-21
7.326000e+00 1.069100e-21
7.393800e+00 1.046500e-21
7.462300e+00 1.024700e-21
7.531400e+00 1.003400e-21
7.601200e+00 9.828500e-22
7.671600e+00 9.628300e-22
7.742600e+00 9.433800e-22
7.814400e+00 9.244500e-22
7.886700e+00 9.060400e-22
7.959800e+00 8.881000e-22
8.033500e+00 8.681600e-22
8.107900e+00 8.509900e-22
8.183000e+00 8.342600e-22
8.258800e+00 8.179200e-22
8.335300e+00 8.019600e-22
8.412500e+00 7.863800e-22
8.490400e+00 7.711700e-22
8.569100e+00 7.563000e-22
8.648400e+00 7.417700e-22
8.728500e+00 7.275700e-22
8.809400e+00 7.136900e-22
8.891000e+00 7.001000e-22
8.973300e+00 6.868300e-22
9.056400e+00 6.738400e-22
9.140300e+00 6.611400e-22
9.225000e+00 6.487300e-22
9.310400e+00 6.365700e-22
9.396600e+00 6.246900e-22
9.483700e+00 6.130600e-22
9.571500e+00 6.017000e-22
9.660200e+00 5.905900e-22
9.749600e+00 5.797300e-22
9.840000e+00 5.691200e-22
9.931100e+00 5.587600e-22
1.002300e+01 5.486400e-22
1.011600e+01 5.384500e-22
1.021000e+01 5.284400e-22
1.030400e+01 5.187000e-22
1.040000e+01 5.090300e-22
1.049600e+01 4.996200e-22
1.059300e+01 4.903800e-22
1.069100e+01 4.813000e-22
1.079000e+01 4.723800e-22
1.089000e+01 4.636100e-22
1.099100e+01 4.550100e-22
1.109300e+01 4.465600e-22
1.119600e+01 4.382600e-22
1.129900e+01 4.301800e-22
1.140400e+01 4.221800e-22
1.151000e+01 4.143300e-22
1.161600e+01 4.066900e-22
1.172400e+01 3.991200e-22
1.183200e+01 3.917600e-22
1.194200e+01 3.844700e-22
1.205300e+01 3.773200e-22
1.216400e+01 3.703600e-22
1.227700e+01 3.634800e-22
1.239100e+01 3.567200e-22
1.250500e+01 3.501500e-22
1.262100e+01 3.436500e-22
1.273800e+01 3.372700e-22
1.285600e+01 3.310200e-22
1.297500e+01 3.248900e-22
1.309500e+01 3.188700e-22
1.321700e+01 3.129300e-22
1.333900e+01 3.071400e-22
1.346300e+01 3.014300e-22
1.358700e+01 2.958700e-22
1.371300e+01 2.903800e-22
1.384000e+01 2.850000e-22
1.396800e+01 2.797200e-22
1.409800e+01 2.745100e-22
1.422800e+01 2.694400e-22
1.436000e+01 2.644400e-22
1.449300e+01 2.595400e-22
1.462700e+01 2.547300e-22
1.476300e+01 2.499900e-22
1.490000e+01 2.453500e-22
1.503800e+01 2.408000e-22
1.517700e+01 2.363500e-22
1.531700e+01 2.319800e-22
1.545900e+01 2.276800e-22
1.560200e+01 2.234600e-22
1.574700e+01 2.193000e-22
1.589300e+01 2.152300e-22
1.604000e+01 2.112500e-22
1.618900e+01 2.073200e-22
1.633900e+01 2.034800e-22
1.649000e+01 1.997100e-22
1.664300e+01 1.960000e-22
1.679700e+01 1.923700e-22
1.695200e+01 1.888200e-22
1.710900e+01 1.853200e-22
1.726800e+01 1.818700e-22
1.742800e+01 1.785000e-22
1.758900e+01 1.752000e-22
1.775200e+01 1.719500e-22
1.791700e+01 1.687500e-22
1.808200e+01 1.656400e-22
1.825000e+01 1.625600e-22
1.841900e+01 1.595500e-22
1.859000e+01 1.565800e-22
1.876200e+01 1.536800e-22
1.893600e+01 1.508300e-22
1.911100e+01 1.480400e-22
1.928800e+01 1.452900e-22
1.946700e+01 1.425900e-22
1.964700e+01 1.399600e-22
1.982900e+01 1.373600e-22
2.001200e+01 1.347400e-22
2.019800e+01 1.322300e-22
2.038500e+01 1.297600e-22
2.057400e+01 1.273500e-22
2.076400e+01 1.249800e-22
2.095700e+01 1.226700e-22
2.115100e+01 1.204000e-22
2.134700e+01 1.181700e-22
2.154400e+01 1.159800e-22
2.174400e+01 1.138500e-22
2.194500e+01 1.117500e-22
2.214900e+01 1.097000e-22
2.235400e+01 1.076900e-22
2.256100e+01 1.057200e-22
2.277000e+01 1.037900e-22
2.298100e+01 1.018900e-22
2.319300e+01 1.000400e-22
2.340800e+01 9.821600e-23
2.362500e+01 9.643500e-23
2.384400e+01 9.469000e-23
2.406500e+01 9.298200e-23
2.428800e+01 9.130900e-23
2.451300e+01 8.967100e-23
2.474000e+01 8.806800e-23
2.496900e+01 8.650000e-23
2.520000e+01 8.496600e-23
2.543300e+01 8.337500e-23
2.566900e+01 8.180800e-23
2.590700e+01 8.027100e-23
2.614700e+01 7.876500e-23
2.638900e+01 7.728800e-23
2.663300e+01 7.584100e-23
2.688000e+01 7.441600e-23
2.712900e+01 7.302000e-23
2.738000e+01 7.165100e-23
2.763400e+01 7.030500e-23
2.789000e+01 6.898500e-23
2.814800e+01 6.769300e-23
2.840900e+01 6.642100e-23
2.867200e+01 6.517600e-23
2.893800e+01 6.395100e-23
2.920600e+01 6.275100e-23
2.947600e+01 6.157600e-23
2.974900e+01 6.042100e-23
3.002500e+01 5.928600e-23
3.030300e+01 5.817400e-23
3.058300e+01 5.708500e-23
3.086700e+01 5.601100e-23
3.115300e+01 5.496000e-23
3.144100e+01 5.393100e-23
3.173200e+01 5.292000e-23
3.202600e+01 5.192600e-23
3.232300e+01 5.095100e-23
3.262200e+01 4.999600e-23
3.292400e+01 4.905900e-23
3.322900e+01 4.813800e-23
3.353700e+01 4.723400e-23
3.384800e+01 4.634700e-23
3.416100e+01 4.547900e-23
3.447800e+01 4.462400e-23
3.479700e+01 4.378800e-23
3.511900e+01 4.296700e-23
3.544500e+01 4.215900e-23
3.577300e+01 4.136900e-23
3.610400e+01 4.059400e-23
3.643900e+01 3.983100e-23
3.677600e+01 3.908400e-23
3.711700e+01 3.835000e-23
3.746100e+01 3.763000e-23
3.780700e+01 3.692600e-23
3.815800e+01 3.623200e-23
3.851100e+01 3.555300e-23
3.886800e+01 3.488500e-23
3.922800e+01 3.423100e-23
3.959100e+01 3.358900e-23
3.995800e+01 3.295900e-23
4.032800e+01 3.237600e-23
4.070100e+01 3.180400e-23
4.107800e+01 3.124200e-23
4.145900e+01 3.069100e-23
4.184300e+01 3.014900e-23
4.223000e+01 2.961800e-23
4.262200e+01 2.909600e-23
4.301600e+01 2.858500e-23
4.341500e+01 2.808100e-23
4.381700e+01 2.758800e-23
4.422300e+01 2.710400e-23
4.463200e+01 2.662900e-23
4.504600e+01 2.616300e-23
4.546300e+01 2.570500e-23
4.588400e+01 2.525700e-23
4.630900e+01 2.481600e-23
4.673800e+01 2.438400e-23
4.717100e+01 2.396000e-23
4.760800e+01 2.354400e-23
4.804900e+01 2.313700e-23
4.849400e+01 2.273700e-23
4.894300e+01 2.234500e-23
4.939600e+01 2.195900e-23
4.985400e+01 2.158200e-23
5.031500e+01 2.121200e-23
5.078200e+01 2.084800e-23
5.125200e+01 2.049200e-23
5.172700e+01 2.014300e-23
5.220600e+01 1.980000e-23
5.268900e+01 1.946500e-23
5.317700e+01 1.913500e-23
5.367000e+01 1.881300e-23
5.416700e+01 1.849600e-23
5.466900e+01 1.818600e-23
5.517500e+01 1.788100e-23
5.568600e+01 1.758400e-23
5.620200e+01 1.729200e-23
5.672200e+01 1.700500e-23
5.724800e+01 1.672500e-23
5.777800e+01 1.645000e-23
5.831300e+01 1.618000e-23
5.885300e+01 1.591600e-23
5.939800e+01 1.565700e-23
5.994800e+01 1.540400e-23
6.050400e+01 1.515500e-23
6.106400e+01 1.491200e-23
6.163000e+01 1.467300e-23
6.220000e+01 1.444000e-23
6.277700e+01 1.421100e-23
6.335800e+01 1.398800e-23
6.394500e+01 1.376800e-23
6.453700e+01 1.355400e-23
6.513500e+01 1.334300e-23
6.573800e+01 1.313800e-23
6.634700e+01 1.293600e-23
6.696200e+01 1.273900e-23
6.758200e+01 1.254600e-23
6.820800e+01 1.235700e-23
6.884000e+01 1.217300e-23
6.947700e+01 1.199200e-23
7.012100e+01 1.181500e-23
7.077000e+01 1.164200e-23
7.142600e+01 1.147300e-23
7.208700e+01 1.130700e-23
7.275500e+01 1.114500e-23
7.342900e+01 1.098700e-23
7.410900e+01 1.083100e-23
7.479500e+01 1.068000e-23
7.548800e+01 1.053200e-23
7.618700e+01 1.038800e-23
7.689300e+01 1.024700e-23
7.760500e+01 1.010900e-23
7.832400e+01 9.973400e-24
7.904900e+01 9.841900e-24
7.978100e+01 9.713200e-24
8.052000e+01 9.587600e-24
8.126600e+01 9.464900e-24
8.201900e+01 9.345200e-24
8.277900e+01 9.228300e-24
8.354500e+01 9.114200e-24
8.431900e+01 9.002900e-24
8.510000e+01 8.894200e-24
8.588800e+01 8.788300e-24
8.668400e+01 8.684900e-24
8.748700e+01 8.584200e-24
8.829700e+01 8.485900e-24
8.911500e+01 8.390200e-24
8.994000e+01 8.296900e-24
9.077300e+01 8.205900e-24
9.161400e+01 8.117400e-24
9.246300e+01 8.031100e-24
9.331900e+01 7.947000e-24
9.418300e+01 7.865200e-24
9.505600e+01 7.785600e-24
9.593600e+01 7.708100e-24
9.682500e+01 7.632700e-24
9.772100e+01 7.559400e-24
9.862700e+01 7.488100e-24
9.954000e+01 7.418700e-24
1.004600e+02 7.362800e-24
1.013900e+02 7.296400e-24
1.023300e+02 7.232000e-24
1.032800e+02 7.169300e-24
1.042400e+02 7.108500e-24
1.052000e+02 7.049300e-24
1.061800e+02 6.991900e-24
1.071600e+02 6.936100e-24
1.081500e+02 6.882000e-24
1.091500e+02 6.829600e-24
1.101600e+02 6.778600e-24
1.111800e+02 6.729200e-24
1.122100e+02 6.681400e-24
1.132500e+02 6.635000e-24
1.143000e+02 6.590000e-24
1.153600e+02 6.546500e-24
1.164300e+02 6.504300e-24
1.175100e+02 6.463500e-24
1.186000e+02 6.424000e-24
1.197000e+02 6.385900e-24
1.208000e+02 6.349000e-24
1.219200e+02 6.313300e-24
1.230500e+02 6.278900e-24
1.241900e+02 6.245600e-24
1.253400e+02 6.213500e-24
1.265000e+02 6.182600e-24
1.276800e+02 6.152700e-24
1.288600e+02 6.124100e-24
1.300500e+02 6.096400e-24
1.312600e+02 6.069800e-24
1.324700e+02 6.044300e-24
1.337000e+02 6.019700e-24
1.349400e+02 5.996100e-24
1.361900e+02 5.973600e-24
1.374500e+02 5.951900e-24
1.387200e+02 5.931300e-24
1.400100e+02 5.911500e-24
1.413000e+02 5.892800e-24
1.426100e+02 5.874900e-24
1.439300e+02 5.857900e-24
1.452700e+02 5.841900e-24
1.466100e+02 5.826800e-24
1.479700e+02 5.812600e-24
1.493400e+02 5.799300e-24
1.507200e+02 5.787100e-24
1.521200e+02 5.775700e-24
1.535300e+02 5.765400e-24
1.549500e+02 5.756100e-24
1.563800e+02 5.748300e-24
1.578300e+02 5.741600e-24
1.593000e+02 5.736000e-24
1.607700e+02 5.732900e-24
1.622600e+02 5.724200e-24
1.637600e+02 5.715600e-24
1.652800e+02 5.707000e-24
1.668100e+02 5.698500e-24
1.683600e+02 5.689900e-24
1.699100e+02 5.681400e-24
1.714900e+02 5.672800e-24
1.730800e+02 5.664200e-24
1.746800e+02 5.655700e-24
1.763000e+02 5.647200e-24
1.779300e+02 5.638800e-24
1.795800e+02 5.630300e-24
1.812400e+02 5.621800e-24
1.829200e+02 5.613400e-24
1.846100e+02 5.604900e-24
1.863200e+02 5.596500e-24
1.880500e+02 5.588100e-24
1.897900e+02 5.579700e-24
1.915500e+02 5.571300e-24
1.933200e+02 5.562900e-24
1.951100e+02 5.554600e-24
1.969200e+02 5.546200e-24
1.987500e+02 5.537800e-24
2.005900e+02 5.542600e-24
2.024400e+02 5.547200e-24
2.043200e+02 5.552100e-24
2.062100e+02 5.557100e-24
2.081200e+02 5.562200e-24
2.100500e+02 5.567500e-24
2.120000e+02 5.573100e-24
2.139600e+02 5.578800e-24
2.159400e+02 5.584900e-24
2.179400e+02 5.591100e-24
2.199600e+02 5.597800e-24
2.220000e+02 5.604500e-24
2.240500e+02 5.611700e-24
2.261300e+02 5.619100e-24
2.282200e+02 5.626900e-24
2.303400e+02 5.634800e-24
2.324700e+02 5.643300e-24
2.346200e+02 5.651900e-24
2.368000e+02 5.660800e-24
2.389900e+02 5.670100e-24
2.412000e+02 5.679700e-24
2.434400e+02 5.689600e-24
2.456900e+02 5.699700e-24
2.479700e+02 5.710400e-24
2.502600e+02 5.721200e-24
2.525800e+02 5.732400e-24
2.549200e+02 5.743900e-24
2.572800e+02 5.755800e-24
2.596700e+02 5.767900e-24
2.620700e+02 5.780400e-24
2.645000e+02 5.793300e-24
2.669500e+02 5.806400e-24
2.694200e+02 5.819900e-24
2.719200e+02 5.833800e-24
2.744300e+02 5.848000e-24
2.769800e+02 5.862500e-24
2.795400e+02 5.877400e-24
2.821300e+02 5.892600e-24
2.847400e+02 5.908200e-24
2.873800e+02 5.924100e-24
2.900400e+02 5.940400e-24
2.927300e+02 5.957000e-24
2.954400e+02 5.973900e-24
2.981800e+02 5.991300e-24
3.009400e+02 6.013900e-24
3.037300e+02 6.031800e-24
3.065400e+02 6.050000e-24
3.093800e+02 6.068600e-24
3.122400e+02 6.087600e-24
3.151400e+02 6.107000e-24
3.180600e+02 6.126800e-24
3.210000e+02 6.147000e-24
3.239700e+02 6.167600e-24
3.269700e+02 6.188600e-24
3.300000e+02 6.210100e-24
3.330600e+02 6.231900e-24
3.361400e+02 6.254100e-24
3.392600e+02 6.276800e-24
3.424000e+02 6.300000e-24
3.455700e+02 6.323500e-24
3.487700e+02 6.347600e-24
3.520000e+02 6.372100e-24
3.552600e+02 6.397100e-24
3.585500e+02 6.422700e-24
3.618700e+02 6.448800e-24
3.652300e+02 6.475500e-24
3.686100e+02 6.502900e-24
3.720200e+02 6.531000e-24
3.754700e+02 6.560100e-24
3.789500e+02 6.590300e-24
3.824600e+02 6.622000e-24
3.860000e+02 6.656000e-24
3.895700e+02 6.693500e-24
3.931800e+02 6.737600e-24
3.968200e+02 6.795600e-24
4.005000e+02 6.891700e-24
4.042100e+02 6.922600e-24
4.079500e+02 6.953600e-24
4.117300e+02 6.984800e-24
4.155500e+02 7.016200e-24
4.193900e+02 7.047600e-24
4.232800e+02 7.008900e-24
4.272000e+02 7.013800e-24
4.311600e+02 7.033800e-24
4.351500e+02 7.060500e-24
4.391800e+02 7.090700e-24
4.432500e+02 7.123100e-24
4.473500e+02 7.157000e-24
4.515000e+02 7.192000e-24
4.556800e+02 7.228000e-24
4.599000e+02 7.264800e-24
4.641600e+02 7.302300e-24
4.684600e+02 7.340500e-24
4.728000e+02 7.379400e-24
4.771800e+02 7.418900e-24
4.816000e+02 7.458900e-24
4.860600e+02 7.499600e-24
4.905600e+02 7.540900e-24
4.951000e+02 7.582800e-24
4.996900e+02 7.625300e-24
5.043200e+02 7.668400e-24
5.089900e+02 7.712000e-24
5.137000e+02 7.756300e-24
5.184600e+02 7.801200e-24
5.232600e+02 7.846700e-24
5.281100e+02 7.892700e-24
5.330000e+02 7.939400e-24
5.379400e+02 7.986800e-24
5.429200e+02 8.034700e-24
5.479500e+02 8.083200e-24
5.530200e+02 8.132400e-24
5.581400e+02 8.182300e-24
5.633100e+02 8.232700e-24
5.685300e+02 8.283800e-24
5.738000e+02 8.335600e-24
5.791100e+02 8.388000e-24
5.844800e+02 8.441100e-24
5.898900e+02 8.494900e-24
5.953500e+02 8.549300e-24
6.008700e+02 8.604400e-24
6.064300e+02 8.660200e-24
6.120500e+02 8.716600e-24
6.177200e+02 8.773800e-24
6.234400e+02 8.831700e-24
6.292100e+02 8.890300e-24
6.350400e+02 8.949600e-24
6.409200e+02 9.009600e-24
6.468600e+02 9.070400e-24
6.528500e+02 9.131900e-24
6.589000e+02 9.194200e-24
6.650000e+02 9.257200e-24
6.711600e+02 9.321000e-24
6.773800e+02 9.385700e-24
6.836500e+02 9.451200e-24
6.899800e+02 9.517500e-24
6.963700e+02 9.585000e-24
7.028200e+02 9.653700e-24
7.093300e+02 9.724300e-24
7.159000e+02 9.799000e-24
7.225300e+02 9.889300e-24
7.292300e+02 9.954900e-24
7.359800e+02 1.002100e-23
7.428000e+02 1.008700e-23
7.496800e+02 1.015400e-23
7.566200e+02 1.022400e-23
7.636300e+02 1.029600e-23
7.707000e+02 1.037100e-23
7.778400e+02 1.044700e-23
7.850500e+02 1.052400e-23
7.923200e+02 1.060200e-23
7.996600e+02 1.068100e-23
8.070600e+02 1.076100e-23
8.145400e+02 1.084200e-23
8.220800e+02 1.092400e-23
8.297000e+02 1.100600e-23
8.373800e+02 1.109000e-23
8.451400e+02 1.117400e-23
8.529600e+02 1.126000e-23
8.608600e+02 1.134600e-23
8.688400e+02 1.143300e-23
8.768900e+02 1.152200e-23
8.850100e+02 1.161100e-23
8.932000e+02 1.170100e-23
9.014800e+02 1.179300e-23
9.098300e+02 1.188500e-23
9.182500e+02 1.197800e-23
9.267600e+02 1.207200e-23
9.353400e+02 1.216700e-23
9.440100e+02 1.226400e-23
9.527500e+02 1.236100e-23
9.615700e+02 1.245900e-23
9.704800e+02 1.255800e-23
9.794700e+02 1.265900e-23
9.885400e+02 1.276000e-23
9.977000e+02 1.286300e-23
1.006900e+03 1.296700e-23
1.016300e+03 1.307100e-23
1.025700e+03 1.317700e-23
1.035200e+03 1.328400e-23
1.044800e+03 1.349000e-23
1.054400e+03 1.350100e-23
1.064200e+03 1.361200e-23
1.074100e+03 1.372300e-23
1.084000e+03 1.383600e-23
1.094100e+03 1.394900e-23
1.104200e+03 1.406500e-23
1.114400e+03 1.418100e-23
1.124700e+03 1.429900e-23
1.135200e+03 1.442000e-23
1.145700e+03 1.457000e-23
1.156300e+03 1.468800e-23
1.167000e+03 1.478200e-23
1.177800e+03 1.490400e-23
1.188700e+03 1.502800e-23
1.199700e+03 1.515300e-23
1.210800e+03 1.528100e-23
1.222000e+03 1.540900e-23
1.233400e+03 1.553900e-23
1.244800e+03 1.567000e-23
1.256300e+03 1.580300e-23
1.268000e+03 1.593600e-23
1.279700e+03 1.607200e-23
1.291500e+03 1.620800e-23
1.303500e+03 1.634600e-23
1.315600e+03 1.648500e-23
1.327800e+03 1.662600e-23
1.340100e+03 1.676800e-23
1.352500e+03 1.691200e-23
1.365000e+03 1.705700e-23
1.377700e+03 1.720300e-23
1.390400e+03 1.735100e-23
1.403300e+03 1.750000e-23
1.416300e+03 1.765100e-23
1.429400e+03 1.780300e-23
1.442600e+03 1.795700e-23
1.456000e+03 1.811300e-23
1.469500e+03 1.827000e-23
1.483100e+03 1.842800e-23
1.496800e+03 1.858800e-23
1.510700e+03 1.875000e-23
1.524700e+03 1.891300e-23
1.538800e+03 1.907800e-23
1.553100e+03 1.924400e-23
1.567500e+03 1.941200e-23
1.582000e+03 1.958200e-23
1.596600e+03 1.975300e-23
1.611400e+03 1.992600e-23
1.626300e+03 2.010100e-23
1.641400e+03 2.027800e-23
1.656600e+03 2.045800e-23
1.671900e+03 2.065800e-23
1.687400e+03 2.081800e-23
1.703100e+03 2.100000e-23
1.718800e+03 2.118500e-23
1.734800e+03 2.137200e-23
1.750800e+03 2.156100e-23
1.767000e+03 2.175200e-23
1.783400e+03 2.194400e-23
1.799900e+03 2.213900e-23
1.816600e+03 2.233500e-23
1.833400e+03 2.253300e-23
1.850400e+03 2.273300e-23
1.867500e+03 2.293500e-23
1.884800e+03 2.313900e-23
1.902300e+03 2.334500e-23
1.919900e+03 2.355200e-23
1.937700e+03 2.376200e-23
1.955700e+03 2.397400e-23
1.973800e+03 2.418800e-23
1.992000e+03 2.440400e-23
2.010500e+03 2.462300e-23
2.029100e+03 2.484200e-23
2.047900e+03 2.506400e-23
2.066900e+03 2.528900e-23
2.086000e+03 2.551500e-23
2.105300e+03 2.574400e-23
2.124800e+03 2.597500e-23
2.144500e+03 2.620800e-23
2.164400e+03 2.644300e-23
2.184400e+03 2.668100e-23
2.204700e+03 2.692100e-23
2.225100e+03 2.716300e-23
2.245700e+03 2.740700e-23
2.266500e+03 2.765400e-23
2.287500e+03 2.791600e-23
2.308700e+03 2.815500e-23
2.330100e+03 2.840800e-23
2.351600e+03 2.866500e-23
2.373400e+03 2.892300e-23
2.395400e+03 2.918400e-23
2.417600e+03 2.944800e-23
2.440000e+03 2.971400e-23
2.462600e+03 2.998300e-23
2.485400e+03 3.025400e-23
2.508400e+03 3.052800e-23
2.531600e+03 3.080400e-23
2.555100e+03 3.108300e-23
2.578800e+03 3.136500e-23
2.602600e+03 3.164900e-23
2.626800e+03 3.193600e-23
2.651100e+03 3.222600e-23
2.675600e+03 3.251900e-23
2.700400e+03 3.281400e-23
2.725400e+03 3.311200e-23
2.750700e+03 3.341300e-23
2.776200e+03 3.371600e-23
2.801900e+03 3.402300e-23
2.827800e+03 3.433200e-23
2.854000e+03 3.464500e-23
2.880400e+03 3.496000e-23
2.907100e+03 3.527800e-23
2.934000e+03 3.559900e-23
2.961200e+03 3.592400e-23
2.988700e+03 3.625100e-23
3.016300e+03 3.658300e-23
3.044300e+03 3.691500e-23
3.072500e+03 3.725200e-23
3.100900e+03 3.759200e-23
3.129600e+03 3.793500e-23
3.158600e+03 3.828100e-23
3.187900e+03 3.863000e-23
3.217400e+03 3.898300e-23
3.247200e+03 3.933900e-23
3.277300e+03 3.969900e-23
3.307600e+03 4.006100e-23
3.338300e+03 4.042800e-23
3.369200e+03 4.079700e-23
3.400400e+03 4.117100e-23
3.431900e+03 4.154700e-23
3.463700e+03 4.192700e-23
3.495800e+03 4.231100e-23
3.528200e+03 4.269800e-23
3.560800e+03 4.308900e-23
3.593800e+03 4.348400e-23
3.627100e+03 4.388200e-23
3.660700e+03 4.428400e-23
3.694600e+03 4.469000e-23
3.728800e+03 4.510000e-23
3.763400e+03 4.551300e-23
3.798200e+03 4.593000e-23
3.833400e+03 4.637600e-23
3.868900e+03 4.677700e-23
3.904700e+03 4.720600e-23
3.940900e+03 4.763900e-23
3.977400e+03 4.807600e-23
4.014200e+03 4.851800e-23
4.051400e+03 4.896300e-23
4.088900e+03 4.941300e-23
4.126800e+03 4.986600e-23
4.165000e+03 5.032400e-23
4.203600e+03 5.078700e-23
4.242600e+03 5.125300e-23
4.281900e+03 5.172400e-23
4.321500e+03 5.220000e-23
4.361500e+03 5.267900e-23
4.401900e+03 5.316400e-23
4.442700e+03 5.365200e-23
4.483900e+03 5.414600e-23
4.525400e+03 5.464400e-23
4.567300e+03 5.514600e-23
4.609600e+03 5.565400e-23
4.652300e+03 5.616600e-23
4.695400e+03 5.668200e-23
4.738900e+03 5.720400e-23
4.782800e+03 5.773000e-23
4.827100e+03 5.826200e-23
4.871800e+03 5.879800e-23
4.916900e+03 5.933900e-23
4.962400e+03 5.988600e-23
5.008400e+03 6.043700e-23
5.054800e+03 6.099400e-23
5.101600e+03 6.155600e-23
5.148900e+03 6.212300e-23
5.196600e+03 6.269500e-23
5.244700e+03 6.327300e-23
5.293300e+03 6.385600e-23
5.342300e+03 6.444400e-23
5.391800e+03 6.503800e-23
5.441700e+03 6.563700e-23
5.492100e+03 6.624200e-23
5.543000e+03 6.685300e-23
5.594300e+03 6.746900e-23
5.646100e+03 6.809100e-23
5.698400e+03 6.871900e-23
5.751200e+03 6.935300e-23
5.804500e+03 6.999300e-23
5.858200e+03 7.063800e-23
5.912500e+03 7.129000e-23
5.967300e+03 7.194700e-23
6.022500e+03 7.261100e-23
6.078300e+03 7.328100e-23
6.134600e+03 7.395700e-23
6.191400e+03 7.463900e-23
6.248800e+03 7.532800e-23
6.306700e+03 7.602300e-23
6.365100e+03 7.672500e-23
6.424000e+03 7.743300e-23
6.483500e+03 7.814800e-23
6.543600e+03 7.886900e-23
6.604200e+03 7.959700e-23
6.665400e+03 8.033200e-23
6.727100e+03 8.107400e-23
6.789400e+03 8.182200e-23
6.852300e+03 8.257800e-23
6.915800e+03 8.334100e-23
6.979800e+03 8.411000e-23
7.044500e+03 8.488700e-23
7.109700e+03 8.567100e-23
7.175600e+03 8.646200e-23
7.242000e+03 8.726000e-23
7.309100e+03 8.806600e-23
7.376800e+03 8.888000e-23
7.445100e+03 8.970100e-23
7.514100e+03 9.053000e-23
7.583700e+03 9.136600e-23
7.653900e+03 9.221000e-23
7.724800e+03 9.306200e-23
7.796400e+03 9.392200e-23
7.868600e+03 9.479000e-23
7.941500e+03 9.566600e-23
8.015000e+03 9.655000e-23
8.089200e+03 9.744200e-23
8.164200e+03 9.834300e-23
8.239800e+03 9.925200e-23
8.316100e+03 1.001700e-22
8.393100e+03 1.011000e-22
8.470900e+03 1.020300e-22
8.549300e+03 1.029700e-22
8.628500e+03 1.039200e-22
8.708400e+03 1.048900e-22
8.789100e+03 1.058500e-22
8.870500e+03 1.068300e-22
8.952700e+03 1.078200e-22
9.035600e+03 1.088200e-22
9.119300e+03 1.098200e-22
9.203700e+03 1.108400e-22
9.289000e+03 1.118600e-22
9.375000e+03 1.129000e-22
9.461800e+03 1.139400e-22
9.549500e+03 1.150000e-22
9.637900e+03 1.160600e-22
9.727200e+03 1.171300e-22
9.817300e+03 1.182200e-22
9.908200e+03 1.193100e-22
1.000000e+04 1.204100e-22
