# O4 Sensitivity 0.04excess-PR-50WatBS-40K-FeasibleLaserNoise
# frequency(Hz) strain(/rtHz) LF_noise susp_thermal mirror_thermal quantum laser_noise
1.0000e+00 4.0000e-12 4.0000e-12 1.5000e-19 3.9960e-23 2.0500e-20 1.3250e-19
1.0090e+00 3.7906e-12 3.7906e-12 1.4360e-19 3.9820e-23 2.0125e-20 1.2922e-19
1.0190e+00 3.5729e-12 3.5729e-12 1.3760e-19 3.9680e-23 1.9756e-20 1.2570e-19
1.0280e+00 3.3892e-12 3.3892e-12 1.3200e-19 3.9540e-23 1.9395e-20 1.2264e-19
1.0380e+00 3.1980e-12 3.1980e-12 1.2680e-19 3.9400e-23 1.9040e-20 1.1936e-19
1.0470e+00 3.0365e-12 3.0365e-12 1.2190e-19 3.9260e-23 1.8691e-20 1.1651e-19
1.0570e+00 2.8682e-12 2.8682e-12 1.1730e-19 3.9120e-23 1.8349e-20 1.1345e-19
1.0670e+00 2.7107e-12 2.7107e-12 1.1290e-19 3.8980e-23 1.8013e-20 1.1050e-19
1.0770e+00 2.5631e-12 2.5631e-12 1.0890e-19 3.8840e-23 1.7683e-20 1.0765e-19
1.0870e+00 2.4248e-12 2.4248e-12 1.0500e-19 3.8700e-23 1.7360e-20 1.0490e-19
1.0970e+00 2.2952e-12 2.2952e-12 1.0140e-19 3.8570e-23 1.7042e-20 1.0224e-19
1.1070e+00 2.1736e-12 2.1736e-12 9.7990e-20 3.8430e-23 1.6730e-20 9.9680e-20
1.1170e+00 2.0594e-12 2.0594e-12 9.4770e-20 3.8290e-23 1.6423e-20 9.7201e-20
1.1270e+00 1.9522e-12 1.9522e-12 9.1730e-20 3.8160e-23 1.6123e-20 9.4805e-20
1.1380e+00 1.8416e-12 1.8416e-12 8.8850e-20 3.8020e-23 1.5827e-20 9.2262e-20
1.1480e+00 1.7475e-12 1.7475e-12 8.6140e-20 3.7890e-23 1.5537e-20 9.0029e-20
1.1590e+00 1.6503e-12 1.6503e-12 8.3580e-20 3.7750e-23 1.5253e-20 8.7657e-20
1.1700e+00 1.5594e-12 1.5594e-12 8.1150e-20 3.7620e-23 1.4973e-20 8.5369e-20
1.1810e+00 1.4742e-12 1.4742e-12 7.8860e-20 3.7490e-23 1.4699e-20 8.3161e-20
1.1910e+00 1.4015e-12 1.4015e-12 7.6700e-20 3.7360e-23 1.4430e-20 8.1221e-20
1.2020e+00 1.3263e-12 1.3263e-12 7.4660e-20 3.7220e-23 1.4166e-20 7.9157e-20
1.2140e+00 1.2495e-12 1.2495e-12 7.2730e-20 3.7090e-23 1.3906e-20 7.6985e-20
1.2250e+00 1.1837e-12 1.1837e-12 7.0920e-20 3.6960e-23 1.3651e-20 7.5065e-20
1.2360e+00 1.1219e-12 1.1219e-12 6.9210e-20 3.6830e-23 1.3401e-20 7.3210e-20
1.2480e+00 1.0587e-12 1.0587e-12 6.7600e-20 3.6700e-23 1.3156e-20 7.1256e-20
1.2590e+00 1.0044e-12 1.0044e-12 6.6090e-20 3.6570e-23 1.2915e-20 6.9526e-20
1.2710e+00 9.4883e-13 9.4883e-13 6.4670e-20 3.6440e-23 1.2678e-20 6.7704e-20
1.2830e+00 8.9681e-13 8.9681e-13 6.3350e-20 3.6310e-23 1.2446e-20 6.5945e-20
1.2950e+00 8.4809e-13 8.4809e-13 6.2110e-20 3.6190e-23 1.2218e-20 6.4249e-20
1.3070e+00 8.0243e-13 8.0243e-13 6.0960e-20 3.6060e-23 1.1994e-20 6.2611e-20
1.3190e+00 7.5961e-13 7.5961e-13 5.9900e-20 3.5930e-23 1.1774e-20 6.1029e-20
1.3310e+00 7.1944e-13 7.1944e-13 5.8930e-20 3.5810e-23 1.1558e-20 5.9501e-20
1.3430e+00 6.8172e-13 6.8172e-13 5.8040e-20 3.5680e-23 1.1346e-20 5.8024e-20
1.3560e+00 6.4343e-13 6.4343e-13 5.7230e-20 3.5560e-23 1.1138e-20 5.6480e-20
1.3680e+00 6.1030e-13 6.1030e-13 5.6510e-20 3.5430e-23 1.0934e-20 5.5103e-20
1.3810e+00 5.7663e-13 5.7663e-13 5.5870e-20 3.5310e-23 1.0734e-20 5.3663e-20
1.3940e+00 5.4511e-13 5.4511e-13 5.5320e-20 3.5180e-23 1.0537e-20 5.2274e-20
1.4070e+00 5.1558e-13 5.1558e-13 5.4860e-20 3.5060e-23 1.0344e-20 5.0933e-20
1.4200e+00 4.8790e-13 4.8790e-13 5.4480e-20 3.4940e-23 1.0154e-20 4.9638e-20
1.4330e+00 4.6194e-13 4.6194e-13 5.4200e-20 3.4810e-23 9.9677e-21 4.8387e-20
1.4460e+00 4.3757e-13 4.3757e-13 5.4020e-20 3.4690e-23 9.7849e-21 4.7179e-20
1.4590e+00 4.1469e-13 4.1469e-13 5.3940e-20 3.4570e-23 9.6055e-21 4.6011e-20
1.4730e+00 3.9160e-13 3.9160e-13 5.3960e-20 3.4450e-23 9.4293e-21 4.4797e-20
1.4870e+00 3.6999e-13 3.6999e-13 5.4090e-20 3.4330e-23 9.2563e-21 4.3626e-20
1.5000e+00 3.5117e-13 3.5117e-13 5.4350e-20 3.4210e-23 9.0865e-21 4.2576e-20
1.5140e+00 3.3213e-13 3.3213e-13 5.4740e-20 3.4090e-23 8.9198e-21 4.1483e-20
1.5280e+00 3.1428e-13 3.1428e-13 5.5270e-20 3.3970e-23 8.7561e-21 4.0427e-20
1.5420e+00 2.9755e-13 2.9755e-13 5.5960e-20 3.3850e-23 8.5955e-21 3.9408e-20
1.5570e+00 2.8076e-13 2.8076e-13 5.6820e-20 3.3730e-23 8.4377e-21 3.8354e-20
1.5710e+00 2.6607e-13 2.6607e-13 5.7880e-20 3.3620e-23 8.2829e-21 3.7405e-20
1.5860e+00 2.5133e-13 2.5133e-13 5.9160e-20 3.3500e-23 8.1309e-21 3.6423e-20
1.6000e+00 2.3842e-13 2.3842e-13 6.0690e-20 3.3380e-23 7.9816e-21 3.5537e-20
1.6150e+00 2.2544e-13 2.2544e-13 6.2520e-20 3.3270e-23 7.8351e-21 3.4621e-20
1.6300e+00 2.1327e-13 2.1327e-13 6.4690e-20 3.3150e-23 7.6913e-21 3.3736e-20
1.6450e+00 2.0187e-13 2.0187e-13 6.7280e-20 3.3030e-23 7.5501e-21 3.2882e-20
1.6600e+00 1.9117e-13 1.9117e-13 7.0360e-20 3.2920e-23 7.4114e-21 3.2057e-20
1.6760e+00 1.8047e-13 1.8047e-13 7.4060e-20 3.2800e-23 7.2753e-21 3.1207e-20
1.6910e+00 1.7108e-13 1.7108e-13 7.8520e-20 3.2690e-23 7.1417e-21 3.0438e-20
1.7070e+00 1.6168e-13 1.6168e-13 8.3960e-20 3.2580e-23 7.0106e-21 2.9646e-20
1.7230e+00 1.5288e-13 1.5288e-13 9.0680e-20 3.2460e-23 6.8818e-21 2.8882e-20
1.7390e+00 1.4463e-13 1.4463e-13 9.9140e-20 3.2350e-23 6.7554e-21 2.8144e-20
1.7550e+00 1.3690e-13 1.3690e-13 1.1000e-19 3.2240e-23 6.6313e-21 2.7431e-20
1.7710e+00 1.2964e-13 1.2964e-13 1.2450e-19 3.2130e-23 6.5094e-21 2.6743e-20
1.7880e+00 1.2242e-13 1.2242e-13 1.4450e-19 3.2010e-23 6.3898e-21 2.6037e-20
1.8040e+00 1.1605e-13 1.1605e-13 1.7380e-19 3.1900e-23 6.2724e-21 2.5396e-20
1.8210e+00 1.0970e-13 1.0970e-13 2.2070e-19 3.1790e-23 6.1571e-21 2.4737e-20
1.8380e+00 1.0375e-13 1.0375e-13 3.0730e-19 3.1680e-23 6.0439e-21 2.4102e-20
1.8550e+00 9.8174e-14 9.8174e-14 5.1970e-19 3.1570e-23 5.9328e-21 2.3489e-20
1.8720e+00 9.2945e-14 9.2945e-14 1.8450e-18 3.1460e-23 5.8237e-21 2.2896e-20
1.8890e+00 8.8038e-14 8.8038e-14 1.1210e-18 3.1350e-23 5.7166e-21 2.2324e-20
1.9070e+00 8.3168e-14 8.3168e-14 4.2080e-19 3.1250e-23 5.6115e-21 2.1739e-20
1.9240e+00 7.8855e-14 7.8855e-14 2.5570e-19 3.1140e-23 5.5083e-21 2.1205e-20
1.9420e+00 7.4570e-14 7.4570e-14 1.8200e-19 3.1030e-23 5.4070e-21 2.0660e-20
1.9600e+00 7.0554e-14 7.0554e-14 1.4030e-19 3.0920e-23 5.3075e-21 2.0133e-20
1.9780e+00 6.6789e-14 6.6789e-14 1.1360e-19 3.0820e-23 5.2099e-21 1.9624e-20
1.9970e+00 6.3065e-14 6.3065e-14 9.4960e-20 3.0710e-23 5.1140e-21 1.9106e-20
2.0150e+00 5.9760e-14 5.9760e-14 8.1270e-20 3.0600e-23 5.0199e-21 1.8632e-20
2.0340e+00 5.6488e-14 5.6488e-14 7.0810e-20 3.0500e-23 4.9275e-21 1.8148e-20
2.0530e+00 5.3423e-14 5.3423e-14 6.2550e-20 3.0390e-23 4.8368e-21 1.7682e-20
2.0720e+00 5.0550e-14 5.0550e-14 5.5870e-20 3.0290e-23 4.7477e-21 1.7232e-20
2.0910e+00 4.7856e-14 4.7856e-14 5.0370e-20 3.0180e-23 4.6603e-21 1.6797e-20
2.1100e+00 4.5328e-14 4.5328e-14 4.5760e-20 3.0080e-23 4.5745e-21 1.6377e-20
2.1300e+00 4.2833e-14 4.2833e-14 4.1840e-20 2.9970e-23 4.4902e-21 1.5950e-20
2.1490e+00 4.0611e-14 4.0611e-14 3.8470e-20 2.9870e-23 4.4075e-21 1.5558e-20
2.1690e+00 3.8415e-14 3.8415e-14 3.5550e-20 2.9770e-23 4.3263e-21 1.5160e-20
2.1890e+00 3.6357e-14 3.6357e-14 3.2990e-20 2.9670e-23 4.2466e-21 1.4775e-20
2.2100e+00 3.4333e-14 3.4333e-14 3.0730e-20 2.9560e-23 4.1683e-21 1.4385e-20
2.2300e+00 3.2526e-14 3.2526e-14 2.8720e-20 2.9460e-23 4.0915e-21 1.4027e-20
2.2510e+00 3.0747e-14 3.0747e-14 2.6920e-20 2.9360e-23 4.0160e-21 1.3664e-20
2.2720e+00 2.9081e-14 2.9081e-14 2.5300e-20 2.9260e-23 3.9420e-21 1.3313e-20
2.2930e+00 2.7519e-14 2.7519e-14 2.3840e-20 2.9160e-23 3.8693e-21 1.2974e-20
2.3140e+00 2.6054e-14 2.6054e-14 2.2510e-20 2.9060e-23 3.7979e-21 1.2647e-20
2.3350e+00 2.4680e-14 2.4680e-14 2.1300e-20 2.8960e-23 3.7278e-21 1.2332e-20
2.3570e+00 2.3329e-14 2.3329e-14 2.0200e-20 2.8860e-23 3.6590e-21 1.2012e-20
2.3790e+00 2.2064e-14 2.2064e-14 1.9180e-20 2.8760e-23 3.5915e-21 1.1703e-20
2.4010e+00 2.0879e-14 2.0879e-14 1.8240e-20 2.8660e-23 3.5252e-21 1.1406e-20
2.4230e+00 1.9767e-14 1.9767e-14 1.7370e-20 2.8560e-23 3.4601e-21 1.1118e-20
2.4460e+00 1.8678e-14 1.8678e-14 1.6570e-20 2.8460e-23 3.3962e-21 1.0828e-20
2.4680e+00 1.7701e-14 1.7701e-14 1.5820e-20 2.8370e-23 3.3335e-21 1.0560e-20
2.4910e+00 1.6742e-14 1.6742e-14 1.5130e-20 2.8270e-23 3.2719e-21 1.0289e-20
2.5140e+00 1.5844e-14 1.5844e-14 1.4480e-20 2.8170e-23 3.2115e-21 1.0028e-20
2.5370e+00 1.5002e-14 1.5002e-14 1.3870e-20 2.8070e-23 3.1521e-21 9.7751e-21
2.5610e+00 1.4178e-14 1.4178e-14 1.3300e-20 2.7980e-23 3.0939e-21 9.5208e-21
2.5850e+00 1.3406e-14 1.3406e-14 1.2760e-20 2.7880e-23 3.0367e-21 9.2753e-21
2.6090e+00 1.2683e-14 1.2683e-14 1.2260e-20 2.7790e-23 2.9805e-21 9.0384e-21
2.6330e+00 1.2005e-14 1.2005e-14 1.1780e-20 2.7690e-23 2.9254e-21 8.8096e-21
2.6570e+00 1.1369e-14 1.1369e-14 1.1330e-20 2.7600e-23 2.8713e-21 8.5886e-21
2.6820e+00 1.0747e-14 1.0747e-14 1.0910e-20 2.7500e-23 2.8181e-21 8.3663e-21
2.7070e+00 1.0166e-14 1.0166e-14 1.0510e-20 2.7410e-23 2.7660e-21 8.1518e-21
2.7320e+00 9.6200e-15 9.6200e-15 1.0130e-20 2.7310e-23 2.7148e-21 7.9446e-21
2.7570e+00 9.1083e-15 9.1083e-15 9.7660e-21 2.7220e-23 2.6645e-21 7.7446e-21
2.7830e+00 8.6096e-15 8.6096e-15 9.4220e-21 2.7130e-23 2.6151e-21 7.5437e-21
2.8080e+00 8.1598e-15 8.1598e-15 9.0950e-21 2.7030e-23 2.5667e-21 7.3571e-21
2.8340e+00 7.7208e-15 7.7208e-15 8.7840e-21 2.6940e-23 2.5191e-21 7.1697e-21
2.8610e+00 7.2938e-15 7.2938e-15 8.4870e-21 2.6850e-23 2.4724e-21 6.9818e-21
2.8870e+00 6.9084e-15 6.9084e-15 8.2030e-21 2.6760e-23 2.4266e-21 6.8072e-21
2.9140e+00 6.5332e-15 6.5332e-15 7.9330e-21 2.6670e-23 2.3816e-21 6.6321e-21
2.9410e+00 6.1814e-15 6.1814e-15 7.6740e-21 2.6580e-23 2.3374e-21 6.4630e-21
2.9680e+00 5.8516e-15 5.8516e-15 7.4260e-21 2.6480e-23 2.2940e-21 6.2997e-21
2.9960e+00 5.5311e-15 5.5311e-15 7.1890e-21 2.6390e-23 2.2515e-21 6.1362e-21
3.0230e+00 5.2412e-15 5.2412e-15 6.9620e-21 2.6300e-23 2.2097e-21 5.9840e-21
3.0510e+00 4.9591e-15 4.9591e-15 6.7440e-21 2.6210e-23 2.1686e-21 5.8315e-21
3.0800e+00 4.6855e-15 4.6855e-15 6.5350e-21 2.6120e-23 2.1283e-21 5.6791e-21
3.1080e+00 4.4379e-15 4.4379e-15 6.3340e-21 2.6030e-23 2.0888e-21 5.5370e-21
3.1370e+00 4.1973e-15 4.1973e-15 6.1410e-21 2.5950e-23 2.0500e-21 5.3948e-21
3.1660e+00 3.9719e-15 3.9719e-15 5.9550e-21 2.5860e-23 2.0119e-21 5.2576e-21
3.1950e+00 3.7604e-15 3.7604e-15 5.7770e-21 2.5770e-23 1.9744e-21 5.1251e-21
3.2250e+00 3.5553e-15 3.5553e-15 5.6050e-21 2.5680e-23 1.9377e-21 4.9927e-21
3.2550e+00 3.3632e-15 3.3632e-15 5.4400e-21 2.5590e-23 1.9016e-21 4.8649e-21
3.2850e+00 3.1831e-15 3.1831e-15 5.2800e-21 2.5510e-23 1.8662e-21 4.7416e-21
3.3150e+00 3.0141e-15 3.0141e-15 5.1270e-21 2.5420e-23 1.8315e-21 4.6224e-21
3.3460e+00 2.8504e-15 2.8504e-15 4.9790e-21 2.5330e-23 1.7974e-21 4.5035e-21
3.3770e+00 2.6970e-15 2.6970e-15 4.8360e-21 2.5250e-23 1.7639e-21 4.3887e-21
3.4080e+00 2.5531e-15 2.5531e-15 4.6980e-21 2.5160e-23 1.7310e-21 4.2778e-21
3.4400e+00 2.4138e-15 2.4138e-15 4.5650e-21 2.5070e-23 1.6987e-21 4.1673e-21
3.4720e+00 2.2834e-15 2.2834e-15 4.4360e-21 2.4990e-23 1.6670e-21 4.0607e-21
3.5040e+00 2.1611e-15 2.1611e-15 4.3120e-21 2.4900e-23 1.6359e-21 3.9577e-21
3.5360e+00 2.0464e-15 2.0464e-15 4.1920e-21 2.4820e-23 1.6054e-21 3.8582e-21
3.5690e+00 1.9354e-15 1.9354e-15 4.0760e-21 2.4730e-23 1.5754e-21 3.7591e-21
3.6020e+00 1.8315e-15 1.8315e-15 3.9630e-21 2.4650e-23 1.5459e-21 3.6635e-21
3.6350e+00 1.7339e-15 1.7339e-15 3.8550e-21 2.4570e-23 1.5170e-21 3.5711e-21
3.6690e+00 1.6397e-15 1.6397e-15 3.7500e-21 2.4480e-23 1.4887e-21 3.4793e-21
3.7030e+00 1.5514e-15 1.5514e-15 3.6480e-21 2.4400e-23 1.4608e-21 3.3905e-21
3.7370e+00 1.4687e-15 1.4687e-15 3.5490e-21 2.4320e-23 1.4335e-21 3.3049e-21
3.7720e+00 1.3888e-15 1.3888e-15 3.4540e-21 2.4230e-23 1.4067e-21 3.2197e-21
3.8070e+00 1.3139e-15 1.3139e-15 3.3610e-21 2.4150e-23 1.3803e-21 3.1375e-21
3.8420e+00 1.2437e-15 1.2437e-15 3.2710e-21 2.4070e-23 1.3544e-21 3.0582e-21
3.8780e+00 1.1760e-15 1.1760e-15 3.1840e-21 2.3990e-23 1.3291e-21 2.9793e-21
3.9140e+00 1.1126e-15 1.1126e-15 3.1000e-21 2.3900e-23 1.3041e-21 2.9032e-21
3.9500e+00 1.0531e-15 1.0531e-15 3.0180e-21 2.3820e-23 1.2797e-21 2.8297e-21
3.9870e+00 9.9582e-16 9.9582e-16 2.9390e-21 2.3740e-23 1.2556e-21 2.7568e-21
4.0240e+00 9.4213e-16 9.4213e-16 2.8620e-21 2.3660e-23 1.2321e-21 2.6864e-21
4.0610e+00 8.9179e-16 8.9179e-16 2.7870e-21 2.3580e-23 1.2089e-21 2.6185e-21
4.0980e+00 8.4456e-16 8.4456e-16 2.7150e-21 2.3500e-23 1.1862e-21 2.5528e-21
4.1360e+00 7.9906e-16 7.9906e-16 2.6450e-21 2.3420e-23 1.1639e-21 2.4877e-21
4.1750e+00 7.5530e-16 7.5530e-16 2.5760e-21 2.3340e-23 1.1420e-21 2.4232e-21
4.2130e+00 7.1534e-16 7.1534e-16 2.5100e-21 2.3260e-23 1.1205e-21 2.3625e-21
4.2520e+00 6.7686e-16 6.7686e-16 2.4460e-21 2.3180e-23 1.0994e-21 2.3023e-21
4.2920e+00 6.3988e-16 6.3988e-16 2.3830e-21 2.3100e-23 1.0786e-21 2.2427e-21
4.3310e+00 6.0608e-16 6.0608e-16 2.3220e-21 2.3030e-23 1.0583e-21 2.1866e-21
4.3720e+00 5.7277e-16 5.7277e-16 2.2630e-21 2.2950e-23 1.0383e-21 2.1297e-21
4.4120e+00 5.4231e-16 5.4231e-16 2.2060e-21 2.2870e-23 1.0187e-21 2.0761e-21
4.4530e+00 5.1303e-16 5.1303e-16 2.1500e-21 2.2790e-23 9.9949e-22 2.0230e-21
4.4940e+00 4.8558e-16 4.8558e-16 2.0960e-21 2.2710e-23 9.8060e-22 1.9717e-21
4.5360e+00 4.5922e-16 4.5922e-16 2.0430e-21 2.2640e-23 9.6206e-22 1.9210e-21
4.5780e+00 4.3452e-16 4.3452e-16 1.9920e-21 2.2560e-23 9.4386e-22 1.8721e-21
4.6200e+00 4.1135e-16 4.1135e-16 1.9420e-21 2.2480e-23 9.2599e-22 1.8248e-21
4.6630e+00 3.8911e-16 3.8911e-16 1.8930e-21 2.2410e-23 9.0845e-22 1.7781e-21
4.7060e+00 3.6825e-16 3.6825e-16 1.8460e-21 2.2330e-23 8.9123e-22 1.7330e-21
4.7500e+00 3.4826e-16 3.4826e-16 1.8000e-21 2.2250e-23 8.7432e-22 1.6884e-21
4.7940e+00 3.2951e-16 3.2951e-16 1.7550e-21 2.2180e-23 8.5773e-22 1.6454e-21
4.8380e+00 3.1194e-16 3.1194e-16 1.7120e-21 2.2100e-23 8.4144e-22 1.6038e-21
4.8830e+00 2.9508e-16 2.9508e-16 1.6700e-21 2.2030e-23 8.2545e-22 1.5628e-21
4.9280e+00 2.7928e-16 2.7928e-16 1.6290e-21 2.1950e-23 8.0976e-22 1.5232e-21
4.9740e+00 2.6413e-16 2.6413e-16 1.5880e-21 2.1880e-23 7.9435e-22 1.4840e-21
5.0200e+00 2.4994e-16 2.4994e-16 1.5500e-21 2.1800e-23 7.7922e-22 1.4463e-21
5.0660e+00 2.3663e-16 2.3663e-16 1.5120e-21 2.1730e-23 7.6438e-22 1.4098e-21
5.1130e+00 2.2387e-16 2.2387e-16 1.4750e-21 2.1660e-23 7.4980e-22 1.3738e-21
5.1610e+00 2.1167e-16 2.1167e-16 1.4390e-21 2.1580e-23 7.3549e-22 1.3383e-21
5.2090e+00 2.0023e-16 2.0023e-16 1.4040e-21 2.1510e-23 7.2145e-22 1.3041e-21
5.2570e+00 1.8951e-16 1.8951e-16 1.3700e-21 2.1440e-23 7.0766e-22 1.2710e-21
5.3050e+00 1.7945e-16 1.7945e-16 1.3360e-21 2.1360e-23 6.9413e-22 1.2391e-21
5.3550e+00 1.6963e-16 1.6963e-16 1.3040e-21 2.1290e-23 6.8085e-22 1.2070e-21
5.4040e+00 1.6061e-16 1.6061e-16 1.2730e-21 2.1220e-23 6.6781e-22 1.1766e-21
5.4540e+00 1.5197e-16 1.5197e-16 1.2420e-21 2.1150e-23 6.5501e-22 1.1466e-21
5.5050e+00 1.4372e-16 1.4372e-16 1.2120e-21 2.1070e-23 6.4245e-22 1.1171e-21
5.5560e+00 1.3598e-16 1.3598e-16 1.1830e-21 2.1000e-23 6.3011e-22 1.0886e-21
5.6070e+00 1.2873e-16 1.2873e-16 1.1550e-21 2.0930e-23 6.1801e-22 1.0612e-21
5.6590e+00 1.2179e-16 1.2179e-16 1.1270e-21 2.0860e-23 6.0612e-22 1.0341e-21
5.7120e+00 1.1517e-16 1.1517e-16 1.1000e-21 2.0790e-23 5.9446e-22 1.0074e-21
5.7640e+00 1.0907e-16 1.0907e-16 1.0740e-21 2.0720e-23 5.8301e-22 9.8219e-22
5.8180e+00 1.0314e-16 1.0314e-16 1.0480e-21 2.0650e-23 5.7177e-22 9.5688e-22
5.8720e+00 9.7576e-17 9.7576e-17 1.0230e-21 2.0580e-23 5.6074e-22 9.3244e-22
5.9260e+00 9.2361e-17 9.2361e-17 9.9920e-22 2.0510e-23 5.4991e-22 9.0885e-22
5.9810e+00 8.7381e-17 8.7381e-17 9.7560e-22 2.0440e-23 5.3929e-22 8.8564e-22
6.0360e+00 8.2711e-17 8.2711e-17 9.5250e-22 2.0370e-23 5.2885e-22 8.6323e-22
6.0920e+00 7.8253e-17 7.8253e-17 9.3010e-22 2.0300e-23 5.1861e-22 8.4119e-22
6.1490e+00 7.4000e-17 7.4000e-17 9.0830e-22 2.0230e-23 5.0856e-22 8.1954e-22
6.2060e+00 7.0015e-17 7.0015e-17 8.8700e-22 2.0160e-23 4.9870e-22 7.9864e-22
6.2630e+00 6.6277e-17 6.6277e-17 8.6630e-22 2.0090e-23 4.8902e-22 7.7846e-22
6.3210e+00 6.2711e-17 6.2711e-17 8.4610e-22 2.0020e-23 4.7951e-22 7.5862e-22
6.3800e+00 5.9311e-17 5.9311e-17 8.2640e-22 1.9950e-23 4.7018e-22 7.3914e-22
6.4390e+00 5.6124e-17 5.6124e-17 8.0720e-22 1.9890e-23 4.6103e-22 7.2033e-22
6.4980e+00 5.3135e-17 5.3135e-17 7.8850e-22 1.9820e-23 4.5204e-22 7.0217e-22
6.5590e+00 5.0238e-17 5.0238e-17 7.7030e-22 1.9750e-23 4.4322e-22 6.8404e-22
6.6190e+00 4.7567e-17 4.7567e-17 7.5260e-22 1.9680e-23 4.3457e-22 6.6682e-22
6.6810e+00 4.4979e-17 4.4979e-17 7.3530e-22 1.9620e-23 4.2607e-22 6.4964e-22
6.7430e+00 4.2554e-17 4.2554e-17 7.1850e-22 1.9550e-23 4.1773e-22 6.3305e-22
6.8050e+00 4.0280e-17 4.0280e-17 7.0210e-22 1.9480e-23 4.0955e-22 6.1703e-22
6.8680e+00 3.8113e-17 3.8113e-17 6.8620e-22 1.9420e-23 4.0151e-22 6.0132e-22
6.9320e+00 3.6050e-17 3.6050e-17 6.7060e-22 1.9350e-23 3.9363e-22 5.8590e-22
6.9960e+00 3.4116e-17 3.4116e-17 6.5550e-22 1.9280e-23 3.8589e-22 5.7102e-22
7.0610e+00 3.2275e-17 3.2275e-17 6.4080e-22 1.9220e-23 3.7830e-22 5.5642e-22
7.1260e+00 3.0548e-17 3.0548e-17 6.2640e-22 1.9150e-23 3.7085e-22 5.4233e-22
7.1920e+00 2.8904e-17 2.8904e-17 6.1250e-22 1.9090e-23 3.6353e-22 5.2851e-22
7.2590e+00 2.7340e-17 2.7340e-17 5.9890e-22 1.9020e-23 3.5636e-22 5.1496e-22
7.3260e+00 2.5874e-17 2.5874e-17 5.8570e-22 1.8960e-23 3.4931e-22 5.0189e-22
7.3940e+00 2.4478e-17 2.4478e-17 5.7290e-22 1.8890e-23 3.4240e-22 4.8907e-22
7.4620e+00 2.3170e-17 2.3170e-17 5.6040e-22 1.8830e-23 3.3561e-22 4.7669e-22
7.5310e+00 2.1925e-17 2.1925e-17 5.4830e-22 1.8760e-23 3.2896e-22 4.6457e-22
7.6010e+00 2.0741e-17 2.0741e-17 5.3650e-22 1.8700e-23 3.2242e-22 4.5269e-22
7.6720e+00 1.9616e-17 1.9616e-17 5.2500e-22 1.8630e-23 3.1601e-22 4.4106e-22
7.7430e+00 1.8561e-17 1.8561e-17 5.1390e-22 1.8570e-23 3.0972e-22 4.2983e-22
7.8140e+00 1.7572e-17 1.7572e-17 5.0310e-22 1.8510e-23 3.0355e-22 4.1898e-22
7.8870e+00 1.6618e-17 1.6618e-17 4.9270e-22 1.8440e-23 2.9749e-22 4.0821e-22
7.9600e+00 1.5725e-17 1.5725e-17 4.8260e-22 1.8380e-23 2.9154e-22 3.9782e-22
8.0340e+00 1.4875e-17 1.4875e-17 4.7280e-22 1.8320e-23 2.8571e-22 3.8764e-22
8.1080e+00 1.4079e-17 1.4079e-17 4.6330e-22 1.8260e-23 2.7998e-22 3.7782e-22
8.1830e+00 1.3322e-17 1.3322e-17 4.5420e-22 1.8190e-23 2.7436e-22 3.6821e-22
8.2590e+00 1.2604e-17 1.2604e-17 4.4540e-22 1.8130e-23 2.6885e-22 3.5880e-22
8.3350e+00 1.1930e-17 1.1930e-17 4.3690e-22 1.8070e-23 2.6344e-22 3.4971e-22
8.4120e+00 1.1289e-17 1.1289e-17 4.2870e-22 1.8010e-23 2.5814e-22 3.4083e-22
8.4900e+00 1.0681e-17 1.0681e-17 4.2090e-22 1.7940e-23 2.5293e-22 3.3213e-22
8.5690e+00 1.0104e-17 1.0104e-17 4.1330e-22 1.7880e-23 2.4782e-22 3.2363e-22
8.6480e+00 9.5624e-18 9.5624e-18 4.0620e-22 1.7820e-23 2.4281e-22 3.1542e-22
8.7290e+00 9.0422e-18 9.0422e-18 3.9940e-22 1.7760e-23 2.3789e-22 3.0730e-22
8.8090e+00 8.5605e-18 8.5605e-18 3.9290e-22 1.7700e-23 2.3306e-22 2.9955e-22
8.8910e+00 8.0976e-18 8.0976e-18 3.8680e-22 1.7640e-23 2.2833e-22 2.9188e-22
8.9730e+00 7.6636e-18 7.6636e-18 3.8110e-22 1.7580e-23 2.2368e-22 2.8447e-22
9.0560e+00 7.2517e-18 7.2517e-18 3.7570e-22 1.7520e-23 2.1913e-22 2.7723e-22
9.1400e+00 6.8609e-18 6.8609e-18 3.7080e-22 1.7460e-23 2.1466e-22 2.7016e-22
9.2250e+00 6.4903e-18 6.4903e-18 3.6640e-22 1.7400e-23 2.1027e-22 2.6325e-22
9.3100e+00 6.1427e-18 6.1427e-18 3.6240e-22 1.7340e-23 2.0597e-22 2.5657e-22
9.3970e+00 5.8093e-18 5.8093e-18 3.5890e-22 1.7280e-23 2.0175e-22 2.4998e-22
9.4840e+00 5.4968e-18 5.4968e-18 3.5590e-22 1.7220e-23 1.9761e-22 2.4361e-22
9.5720e+00 5.2005e-18 5.2005e-18 3.5350e-22 1.7160e-23 1.9354e-22 2.3740e-22
9.6600e+00 4.9226e-18 4.9226e-18 3.5170e-22 1.7100e-23 1.8956e-22 2.3139e-22
9.7500e+00 4.6562e-18 4.6562e-18 3.5060e-22 1.7040e-23 1.8565e-22 2.2546e-22
9.8400e+00 4.4065e-18 4.4065e-18 3.5040e-22 1.6980e-23 1.8182e-22 2.1974e-22
9.9310e+00 4.1697e-18 4.1697e-18 3.5090e-22 1.6920e-23 1.7806e-22 2.1415e-22
1.0020e+01 3.9523e-18 3.9523e-18 3.5250e-22 1.6860e-23 1.7437e-22 2.0887e-22
1.0120e+01 3.7237e-18 3.7237e-18 3.5510e-22 1.6810e-23 1.7075e-22 2.0314e-22
1.0210e+01 3.5311e-18 3.5311e-18 3.5900e-22 1.6750e-23 1.6720e-22 1.9817e-22
1.0300e+01 3.3499e-18 3.3499e-18 3.6440e-22 1.6690e-23 1.6372e-22 1.9336e-22
1.0400e+01 3.1613e-18 3.1613e-18 3.7160e-22 1.6630e-23 1.6031e-22 1.8820e-22
1.0500e+01 2.9849e-18 2.9849e-18 3.8070e-22 1.6580e-23 1.5696e-22 1.8323e-22
1.0590e+01 2.8359e-18 2.8359e-18 3.9240e-22 1.6520e-23 1.5368e-22 1.7890e-22
1.0690e+01 2.6804e-18 2.6804e-18 4.0700e-22 1.6460e-23 1.5046e-22 1.7426e-22
1.0790e+01 2.5347e-18 2.5347e-18 4.2540e-22 1.6400e-23 1.4730e-22 1.6978e-22
1.0890e+01 2.3982e-18 2.3982e-18 4.4850e-22 1.6350e-23 1.4421e-22 1.6545e-22
1.0990e+01 2.2703e-18 2.2703e-18 4.7770e-22 1.6290e-23 1.4117e-22 1.6127e-22
1.1090e+01 2.1502e-18 2.1502e-18 5.1490e-22 1.6230e-23 1.3819e-22 1.5724e-22
1.1200e+01 2.0265e-18 2.0265e-18 5.6330e-22 1.6180e-23 1.3527e-22 1.5295e-22
1.1300e+01 1.9213e-18 1.9213e-18 6.2730e-22 1.6120e-23 1.3241e-22 1.4920e-22
1.1400e+01 1.8224e-18 1.8224e-18 7.1500e-22 1.6070e-23 1.2960e-22 1.4556e-22
1.1510e+01 1.7203e-18 1.7203e-18 8.4050e-22 1.6010e-23 1.2685e-22 1.4170e-22
1.1620e+01 1.6249e-18 1.6249e-18 1.0320e-21 1.5950e-23 1.2415e-22 1.3798e-22
1.1720e+01 1.5435e-18 1.5435e-18 1.3580e-21 1.5900e-23 1.2151e-22 1.3472e-22
1.1830e+01 1.4593e-18 1.4593e-18 2.0250e-21 1.5840e-23 1.1892e-22 1.3124e-22
1.1940e+01 1.3805e-18 1.3805e-18 4.1170e-21 1.5790e-23 1.1637e-22 1.2789e-22
1.2050e+01 1.3082e-18 1.3066e-18 6.4940e-20 1.5730e-23 1.1388e-22 1.2465e-22
1.2160e+01 1.2373e-18 1.2373e-18 3.5750e-21 1.5680e-23 1.1144e-22 1.2152e-22
1.2280e+01 1.1665e-18 1.1665e-18 1.8220e-21 1.5620e-23 1.0905e-22 1.1823e-22
1.2390e+01 1.1057e-18 1.1057e-18 1.2170e-21 1.5570e-23 1.0670e-22 1.1531e-22
1.2510e+01 1.0436e-18 1.0436e-18 9.1160e-22 1.5510e-23 1.0440e-22 1.1225e-22
1.2620e+01 9.9016e-19 9.9016e-19 7.2780e-22 1.5460e-23 1.0214e-22 1.0953e-22
1.2740e+01 9.3550e-19 9.3550e-19 6.0530e-22 1.5410e-23 9.9932e-23 1.0667e-22
1.2860e+01 8.8434e-19 8.8434e-19 5.1800e-22 1.5350e-23 9.7766e-23 1.0391e-22
1.2980e+01 8.3640e-19 8.3640e-19 4.5280e-22 1.5300e-23 9.5644e-23 1.0125e-22
1.3100e+01 7.9147e-19 7.9147e-19 4.0220e-22 1.5250e-23 9.3563e-23 9.8679e-23
1.3220e+01 7.4933e-19 7.4933e-19 3.6190e-22 1.5190e-23 9.1525e-23 9.6195e-23
1.3340e+01 7.0979e-19 7.0979e-19 3.2910e-22 1.5140e-23 8.9527e-23 9.3796e-23
1.3460e+01 6.7266e-19 6.7266e-19 3.0180e-22 1.5090e-23 8.7570e-23 9.1478e-23
1.3590e+01 6.3496e-19 6.3496e-19 2.7870e-22 1.5030e-23 8.5652e-23 8.9054e-23
1.3710e+01 6.0234e-19 6.0234e-19 2.5900e-22 1.4980e-23 8.3773e-23 8.6893e-23
1.3840e+01 5.6918e-19 5.6918e-19 2.4200e-22 1.4930e-23 8.1932e-23 8.4632e-23
1.3970e+01 5.3813e-19 5.3813e-19 2.2710e-22 1.4880e-23 8.0128e-23 8.2450e-23
1.4100e+01 5.0904e-19 5.0904e-19 2.1390e-22 1.4820e-23 7.8361e-23 8.0344e-23
1.4230e+01 4.8177e-19 4.8177e-19 2.0220e-22 1.4770e-23 7.6630e-23 7.8311e-23
1.4360e+01 4.5618e-19 4.5618e-19 1.9180e-22 1.4720e-23 7.4934e-23 7.6348e-23
1.4490e+01 4.3217e-19 4.3217e-19 1.8230e-22 1.4670e-23 7.3273e-23 7.4451e-23
1.4630e+01 4.0795e-19 4.0795e-19 1.7370e-22 1.4620e-23 7.1646e-23 7.2479e-23
1.4760e+01 3.8686e-19 3.8686e-19 1.6590e-22 1.4560e-23 7.0052e-23 7.0711e-23
1.4900e+01 3.6555e-19 3.6555e-19 1.5880e-22 1.4510e-23 6.8492e-23 6.8873e-23
1.5040e+01 3.4561e-19 3.4561e-19 1.5220e-22 1.4460e-23 6.6963e-23 6.7099e-23
1.5180e+01 3.2692e-19 3.2692e-19 1.4610e-22 1.4410e-23 6.5467e-23 6.5387e-23
1.5320e+01 3.0940e-19 3.0940e-19 1.4040e-22 1.4360e-23 6.4001e-23 6.3734e-23
1.5460e+01 2.9296e-19 2.9296e-19 1.3510e-22 1.4310e-23 6.2566e-23 6.2138e-23
1.5600e+01 2.7754e-19 2.7754e-19 1.3020e-22 1.4260e-23 6.1160e-23 6.0596e-23
1.5750e+01 2.6205e-19 2.6205e-19 1.2560e-22 1.4210e-23 5.9784e-23 5.9001e-23
1.5890e+01 2.4850e-19 2.4850e-19 1.2130e-22 1.4160e-23 5.8437e-23 5.7564e-23
1.6040e+01 2.3488e-19 2.3488e-19 1.1720e-22 1.4110e-23 5.7118e-23 5.6077e-23
1.6190e+01 2.2212e-19 2.2212e-19 1.1340e-22 1.4060e-23 5.5827e-23 5.4642e-23
1.6340e+01 2.1017e-19 2.1017e-19 1.0980e-22 1.4010e-23 5.4563e-23 5.3257e-23
1.6490e+01 1.9896e-19 1.9896e-19 1.0630e-22 1.3960e-23 5.3326e-23 5.1919e-23
1.6640e+01 1.8844e-19 1.8844e-19 1.0300e-22 1.3910e-23 5.2116e-23 5.0628e-23
1.6800e+01 1.7792e-19 1.7792e-19 9.9940e-23 1.3860e-23 5.0931e-23 4.9298e-23
1.6950e+01 1.6868e-19 1.6868e-19 9.6990e-23 1.3810e-23 4.9771e-23 4.8094e-23
1.7110e+01 1.5944e-19 1.5944e-19 9.4170e-23 1.3760e-23 4.8636e-23 4.6855e-23
1.7270e+01 1.5078e-19 1.5078e-19 9.1480e-23 1.3710e-23 4.7526e-23 4.5659e-23
1.7430e+01 1.4266e-19 1.4266e-19 8.8910e-23 1.3660e-23 4.6439e-23 4.4504e-23
1.7590e+01 1.3505e-19 1.3505e-19 8.6450e-23 1.3610e-23 4.5376e-23 4.3390e-23
1.7750e+01 1.2791e-19 1.2791e-19 8.4090e-23 1.3560e-23 4.4336e-23 4.2313e-23
1.7920e+01 1.2080e-19 1.2080e-19 8.1840e-23 1.3520e-23 4.3318e-23 4.1209e-23
1.8080e+01 1.1453e-19 1.1453e-19 7.9670e-23 1.3470e-23 4.2323e-23 4.0206e-23
1.8250e+01 1.0827e-19 1.0827e-19 7.7590e-23 1.3420e-23 4.1350e-23 3.9177e-23
1.8420e+01 1.0242e-19 1.0242e-19 7.5590e-23 1.3370e-23 4.0397e-23 3.8184e-23
1.8590e+01 9.6925e-20 9.6925e-20 7.3670e-23 1.3320e-23 3.9466e-23 3.7226e-23
1.8760e+01 9.1774e-20 9.1774e-20 7.1830e-23 1.3270e-23 3.8556e-23 3.6301e-23
1.8940e+01 8.6664e-20 8.6664e-20 7.0050e-23 1.3230e-23 3.7665e-23 3.5355e-23
1.9110e+01 8.2141e-20 8.2141e-20 6.8340e-23 1.3180e-23 3.6795e-23 3.4494e-23
1.9290e+01 7.7649e-20 7.7649e-20 6.6690e-23 1.3130e-23 3.5943e-23 3.3613e-23
1.9470e+01 7.3441e-20 7.3441e-20 6.5100e-23 1.3080e-23 3.5111e-23 3.2763e-23
1.9650e+01 6.9497e-20 6.9497e-20 6.3580e-23 1.3040e-23 3.4298e-23 3.1943e-23
1.9830e+01 6.5798e-20 6.5798e-20 6.2100e-23 1.2990e-23 3.3503e-23 3.1151e-23
2.0010e+01 6.2326e-20 6.2326e-20 6.0680e-23 1.2940e-23 3.2726e-23 3.0386e-23
2.0200e+01 5.8892e-20 5.8892e-20 5.9320e-23 1.2900e-23 3.1967e-23 2.9607e-23
2.0380e+01 5.5840e-20 5.5840e-20 5.8000e-23 1.2850e-23 3.1225e-23 2.8895e-23
2.0570e+01 5.2817e-20 5.2817e-20 5.6730e-23 1.2800e-23 3.0500e-23 2.8169e-23
2.0760e+01 4.9983e-20 4.9983e-20 5.5510e-23 1.2760e-23 2.9792e-23 2.7469e-23
2.0960e+01 4.7190e-20 4.7190e-20 5.4330e-23 1.2710e-23 2.9100e-23 2.6758e-23
2.1150e+01 4.4704e-20 4.4704e-20 5.3200e-23 1.2660e-23 2.8424e-23 2.6106e-23
2.1350e+01 4.2250e-20 4.2250e-20 5.2110e-23 1.2620e-23 2.7764e-23 2.5444e-23
2.1540e+01 4.0064e-20 4.0064e-20 5.1060e-23 1.2570e-23 2.7120e-23 2.4837e-23
2.1740e+01 3.7904e-20 3.7904e-20 5.0050e-23 1.2530e-23 2.6491e-23 2.4221e-23
2.1950e+01 3.5781e-20 3.5781e-20 4.9090e-23 1.2480e-23 2.5877e-23 2.3596e-23
2.2150e+01 3.3887e-20 3.3887e-20 4.8160e-23 1.2440e-23 2.5278e-23 2.3023e-23
2.2350e+01 3.2109e-20 3.2109e-20 4.7280e-23 1.2390e-23 2.4693e-23 2.2469e-23
2.2560e+01 3.0358e-20 3.0358e-20 4.6430e-23 1.2350e-23 2.4122e-23 2.1909e-23
2.2770e+01 2.8718e-20 2.8718e-20 4.5630e-23 1.2300e-23 2.3565e-23 2.1368e-23
2.2980e+01 2.7180e-20 2.7180e-20 4.4860e-23 1.2260e-23 2.3022e-23 2.0846e-23
2.3190e+01 2.5737e-20 2.5737e-20 4.4140e-23 1.2210e-23 2.2492e-23 2.0343e-23
2.3410e+01 2.4321e-20 2.4321e-20 4.3460e-23 1.2170e-23 2.1975e-23 1.9834e-23
2.3630e+01 2.2995e-20 2.2995e-20 4.2820e-23 1.2120e-23 2.1472e-23 1.9344e-23
2.3840e+01 2.1808e-20 2.1807e-20 4.2220e-23 1.2080e-23 2.0981e-23 1.8893e-23
2.4060e+01 2.0640e-20 2.0639e-20 4.1660e-23 1.2030e-23 2.0502e-23 1.8437e-23
2.4290e+01 1.9496e-20 1.9496e-20 4.1160e-23 1.1990e-23 2.0036e-23 1.7977e-23
2.4510e+01 1.8471e-20 1.8470e-20 4.0700e-23 1.1940e-23 1.9582e-23 1.7553e-23
2.4740e+01 1.7465e-20 1.7465e-20 4.0290e-23 1.1900e-23 1.9140e-23 1.7126e-23
2.4970e+01 1.6524e-20 1.6524e-20 3.9930e-23 1.1860e-23 1.8709e-23 1.6714e-23
2.5200e+01 1.5641e-20 1.5641e-20 3.9640e-23 1.1810e-23 1.8290e-23 1.6317e-23
2.5430e+01 1.4812e-20 1.4812e-20 3.9400e-23 1.1770e-23 1.7882e-23 1.5934e-23
2.5670e+01 1.4002e-20 1.4002e-20 3.9230e-23 1.1730e-23 1.7486e-23 1.5549e-23
2.5910e+01 1.3243e-20 1.3243e-20 3.9140e-23 1.1680e-23 1.7100e-23 1.5179e-23
2.6150e+01 1.2532e-20 1.2532e-20 3.9130e-23 1.1640e-23 1.6725e-23 1.4821e-23
2.6390e+01 1.1866e-20 1.1865e-20 3.9220e-23 1.1600e-23 1.6360e-23 1.4477e-23
2.6630e+01 1.1240e-20 1.1240e-20 3.9410e-23 1.1550e-23 1.6006e-23 1.4146e-23
2.6880e+01 1.0629e-20 1.0629e-20 3.9730e-23 1.1510e-23 1.5662e-23 1.3813e-23
2.7130e+01 1.0056e-20 1.0056e-20 4.0190e-23 1.1470e-23 1.5328e-23 1.3492e-23
2.7380e+01 9.5196e-21 9.5195e-21 4.0820e-23 1.1420e-23 1.5004e-23 1.3184e-23
2.7630e+01 9.0162e-21 9.0161e-21 4.1650e-23 1.1380e-23 1.4690e-23 1.2886e-23
2.7890e+01 8.5254e-21 8.5253e-21 4.2730e-23 1.1340e-23 1.4385e-23 1.2589e-23
2.8150e+01 8.0657e-21 8.0655e-21 4.4110e-23 1.1300e-23 1.4090e-23 1.2302e-23
2.8410e+01 7.6347e-21 7.6346e-21 4.5880e-23 1.1250e-23 1.3805e-23 1.2027e-23
2.8670e+01 7.2306e-21 7.2304e-21 4.8150e-23 1.1210e-23 1.3528e-23 1.1762e-23
2.8940e+01 6.8372e-21 6.8370e-21 5.1080e-23 1.1170e-23 1.3261e-23 1.1497e-23
2.9210e+01 6.4688e-21 6.4685e-21 5.4920e-23 1.1130e-23 1.3002e-23 1.1242e-23
2.9480e+01 6.1235e-21 6.1232e-21 6.0040e-23 1.1090e-23 1.2752e-23 1.0997e-23
2.9750e+01 5.7998e-21 5.7993e-21 6.7100e-23 1.1040e-23 1.2511e-23 1.0761e-23
3.0020e+01 5.4960e-21 5.4954e-21 7.7250e-23 1.1000e-23 1.2279e-23 1.0534e-23
3.0300e+01 5.2008e-21 5.1999e-21 9.2790e-23 1.0960e-23 1.2055e-23 1.0308e-23
3.0580e+01 4.9244e-21 4.9229e-21 1.1910e-22 1.0920e-23 1.1839e-23 1.0091e-23
3.0870e+01 4.6574e-21 4.6542e-21 1.7260e-22 1.0880e-23 1.1631e-23 9.8751e-24
3.1150e+01 4.4238e-21 4.4110e-21 3.3510e-22 1.0840e-23 1.1432e-23 9.6747e-24
3.1440e+01 3.2965e-20 4.1748e-21 3.2700e-20 1.0800e-23 1.1240e-23 9.4755e-24
3.1730e+01 3.9655e-21 3.9535e-21 3.0870e-22 1.0760e-23 1.1057e-23 9.2841e-24
3.2030e+01 3.7420e-21 3.7389e-21 1.5090e-22 1.0720e-23 1.0881e-23 9.0942e-24
3.2320e+01 3.5459e-21 3.5445e-21 9.8280e-23 1.0670e-23 1.0712e-23 8.9181e-24
3.2620e+01 3.3567e-21 3.3559e-21 7.2120e-23 1.0630e-23 1.0551e-23 8.7433e-24
3.2920e+01 3.1797e-21 3.1791e-21 5.6580e-23 1.0590e-23 1.0398e-23 8.5756e-24
3.3230e+01 3.0083e-21 3.0079e-21 4.6340e-23 1.0550e-23 1.0252e-23 8.4095e-24
3.3540e+01 2.8479e-21 2.8476e-21 3.9120e-23 1.0510e-23 1.0113e-23 8.2505e-24
3.3850e+01 2.6976e-21 2.6974e-21 3.3790e-23 1.0470e-23 9.9804e-24 8.0981e-24
3.4160e+01 2.5568e-21 2.5565e-21 2.9710e-23 1.0430e-23 9.8552e-24 7.9522e-24
3.4480e+01 2.4205e-21 2.4203e-21 2.6500e-23 1.0390e-23 9.7368e-24 7.8080e-24
3.4800e+01 2.2928e-21 2.2927e-21 2.3910e-23 1.0350e-23 9.6251e-24 7.6700e-24
3.5120e+01 2.1732e-21 2.1730e-21 2.1800e-23 1.0310e-23 9.5199e-24 7.5380e-24
3.5440e+01 2.0610e-21 2.0608e-21 2.0030e-23 1.0270e-23 9.4210e-24 7.4118e-24
3.5770e+01 1.9525e-21 1.9524e-21 1.8540e-23 1.0230e-23 9.3285e-24 7.2873e-24
3.6100e+01 1.8509e-21 1.8508e-21 1.7270e-23 1.0190e-23 9.2421e-24 7.1684e-24
3.6440e+01 1.7529e-21 1.7527e-21 1.6170e-23 1.0160e-23 9.1617e-24 7.0514e-24
3.6780e+01 1.6610e-21 1.6609e-21 1.5210e-23 1.0120e-23 9.0873e-24 6.9398e-24
3.7120e+01 1.5750e-21 1.5749e-21 1.4370e-23 1.0080e-23 9.0185e-24 6.8334e-24
3.7460e+01 1.4944e-21 1.4943e-21 1.3620e-23 1.0040e-23 8.9554e-24 6.7318e-24
3.7810e+01 1.4167e-21 1.4165e-21 1.2950e-23 9.9990e-24 8.8978e-24 6.6322e-24
3.8160e+01 1.3439e-21 1.3437e-21 1.2350e-23 9.9600e-24 8.8455e-24 6.5373e-24
3.8510e+01 1.2756e-21 1.2755e-21 1.1800e-23 9.9220e-24 8.7984e-24 6.4470e-24
3.8870e+01 1.2099e-21 1.2098e-21 1.1310e-23 9.8830e-24 8.7565e-24 6.3585e-24
3.9230e+01 1.1483e-21 1.1482e-21 1.0850e-23 9.8450e-24 8.7194e-24 6.2744e-24
3.9590e+01 1.0907e-21 1.0905e-21 1.0430e-23 9.8060e-24 8.6872e-24 6.1945e-24
3.9960e+01 1.0352e-21 1.0350e-21 1.0050e-23 9.7680e-24 8.6596e-24 6.1164e-24
4.0330e+01 9.8318e-22 9.8303e-22 9.6860e-24 9.7300e-24 8.6365e-24 6.0424e-24
4.0700e+01 9.3449e-22 9.3434e-22 9.3500e-24 9.6920e-24 8.6179e-24 5.9721e-24
4.1080e+01 8.8766e-22 8.8750e-22 9.0360e-24 9.6540e-24 8.6035e-24 5.9036e-24
4.1460e+01 8.4383e-22 8.4366e-22 8.7410e-24 9.6160e-24 8.5932e-24 5.8388e-24
4.1840e+01 8.0277e-22 8.0260e-22 8.4620e-24 9.5780e-24 8.5870e-24 5.7774e-24
4.2230e+01 7.6331e-22 7.6314e-22 8.2000e-24 9.5400e-24 8.5846e-24 5.7178e-24
4.2620e+01 7.2637e-22 7.2620e-22 7.9510e-24 9.5030e-24 8.5860e-24 5.6615e-24
4.3020e+01 6.9092e-22 6.9074e-22 7.7140e-24 9.4650e-24 8.5910e-24 5.6069e-24
4.3410e+01 6.5856e-22 6.5837e-22 7.4890e-24 9.4280e-24 8.5995e-24 5.5567e-24
4.3820e+01 6.2672e-22 6.2652e-22 7.2750e-24 9.3910e-24 8.6114e-24 5.5069e-24
4.4220e+01 5.9764e-22 5.9744e-22 7.0700e-24 9.3540e-24 8.6265e-24 5.4612e-24
4.4630e+01 5.6974e-22 5.6953e-22 6.8740e-24 9.3170e-24 8.6449e-24 5.4171e-24
4.5050e+01 5.4301e-22 5.4279e-22 6.6860e-24 9.2800e-24 8.6663e-24 5.3746e-24
4.5460e+01 5.1858e-22 5.1836e-22 6.5060e-24 9.2430e-24 8.6906e-24 5.3356e-24
4.5880e+01 4.9516e-22 4.9492e-22 6.3330e-24 9.2060e-24 8.7179e-24 5.2982e-24
4.6310e+01 4.7272e-22 4.7248e-22 6.1660e-24 9.1690e-24 8.7478e-24 5.2623e-24
4.6740e+01 4.5173e-22 4.5149e-22 6.0060e-24 9.1330e-24 8.7805e-24 5.2287e-24
4.7170e+01 4.3209e-22 4.3184e-22 5.8510e-24 9.0960e-24 8.8157e-24 5.1974e-24
4.7610e+01 4.1329e-22 4.1302e-22 5.7020e-24 9.0600e-24 8.8534e-24 5.1674e-24
4.8050e+01 3.9570e-22 3.9542e-22 5.5580e-24 9.0230e-24 8.8935e-24 5.1395e-24
4.8490e+01 3.7923e-22 3.7894e-22 5.4190e-24 8.9870e-24 8.9359e-24 5.1136e-24
4.8940e+01 3.6346e-22 3.6316e-22 5.2840e-24 8.9510e-24 8.9806e-24 5.0890e-24
4.9400e+01 3.4838e-22 3.4808e-22 5.1540e-24 8.9150e-24 9.0274e-24 5.0657e-24
4.9850e+01 3.3458e-22 3.3426e-22 5.0280e-24 8.8790e-24 9.0764e-24 5.0446e-24
5.0320e+01 3.2108e-22 3.2075e-22 4.9050e-24 8.8430e-24 9.1274e-24 5.0243e-24
5.0780e+01 3.0871e-22 3.0837e-22 4.7870e-24 8.8080e-24 9.1804e-24 5.0061e-24
5.1250e+01 2.9687e-22 2.9652e-22 4.6720e-24 8.7720e-24 9.2353e-24 4.9890e-24
5.1730e+01 2.8555e-22 2.8519e-22 4.5610e-24 8.7360e-24 9.2920e-24 4.9731e-24
5.2210e+01 2.7495e-22 2.7458e-22 4.4530e-24 8.7010e-24 9.3506e-24 4.9586e-24
5.2690e+01 2.6502e-22 2.6463e-22 4.3480e-24 8.6660e-24 9.4109e-24 4.9455e-24
5.3180e+01 2.5551e-22 2.5510e-22 4.2460e-24 8.6300e-24 9.4730e-24 4.9334e-24
5.3670e+01 2.4659e-22 2.4617e-22 4.1470e-24 8.5950e-24 9.5367e-24 4.9226e-24
5.4170e+01 2.3806e-22 2.3762e-22 4.0510e-24 8.5600e-24 9.6020e-24 4.9128e-24
5.4670e+01 2.3005e-22 2.2960e-22 3.9570e-24 8.5250e-24 9.6689e-24 4.9042e-24
5.5170e+01 2.2252e-22 2.2206e-22 3.8670e-24 8.4900e-24 9.7374e-24 4.8966e-24
5.5690e+01 2.1517e-22 2.1469e-22 3.7780e-24 8.4560e-24 9.8074e-24 4.8899e-24
5.6200e+01 2.0840e-22 2.0790e-22 3.6930e-24 8.4210e-24 9.8788e-24 4.8843e-24
5.6720e+01 2.0190e-22 2.0139e-22 3.6090e-24 8.3860e-24 9.9517e-24 4.8795e-24
5.7250e+01 1.9566e-22 1.9514e-22 3.5280e-24 8.3520e-24 1.0026e-23 4.8757e-24
5.7780e+01 1.8980e-22 1.8925e-22 3.4490e-24 8.3170e-24 1.0102e-23 4.8727e-24
5.8310e+01 1.8427e-22 1.8370e-22 3.3730e-24 8.2830e-24 1.0179e-23 4.8706e-24
5.8850e+01 1.7895e-22 1.7837e-22 3.2980e-24 8.2490e-24 1.0257e-23 4.8693e-24
5.9400e+01 1.7384e-22 1.7324e-22 3.2260e-24 8.2150e-24 1.0337e-23 4.8688e-24
5.9950e+01 1.6902e-22 1.6840e-22 3.1550e-24 8.1800e-24 1.0418e-23 4.8690e-24
6.0500e+01 1.6446e-22 1.6382e-22 3.0860e-24 8.1470e-24 1.0501e-23 4.8700e-24
6.1060e+01 1.6006e-22 1.5940e-22 3.0200e-24 8.1130e-24 1.0584e-23 4.8717e-24
6.1630e+01 1.5583e-22 1.5515e-22 2.9550e-24 8.0790e-24 1.0669e-23 4.8740e-24
6.2200e+01 1.5182e-22 1.5112e-22 2.8910e-24 8.0450e-24 1.0755e-23 4.8771e-24
6.2780e+01 1.4795e-22 1.4723e-22 2.8300e-24 8.0120e-24 1.0843e-23 4.8808e-24
6.3360e+01 1.4428e-22 1.4353e-22 2.7700e-24 7.9780e-24 1.0931e-23 4.8851e-24
6.3940e+01 1.4078e-22 1.4001e-22 2.7120e-24 7.9450e-24 1.1021e-23 4.8899e-24
6.4540e+01 1.3735e-22 1.3656e-22 2.6550e-24 7.9110e-24 1.1112e-23 4.8955e-24
6.5130e+01 1.3413e-22 1.3332e-22 2.6000e-24 7.8780e-24 1.1204e-23 4.9015e-24
6.5740e+01 1.3097e-22 1.3013e-22 2.5470e-24 7.8450e-24 1.1297e-23 4.9083e-24
6.6350e+01 1.2795e-22 1.2708e-22 2.4950e-24 7.8120e-24 1.1392e-23 4.9155e-24
6.6960e+01 1.2507e-22 1.2418e-22 2.4440e-24 7.7790e-24 1.1488e-23 4.9231e-24
6.7580e+01 1.2228e-22 1.2136e-22 2.3950e-24 7.7460e-24 1.1585e-23 4.9314e-24
6.8210e+01 1.1956e-22 1.1861e-22 2.3470e-24 7.7130e-24 1.1683e-23 4.9402e-24
6.8840e+01 1.1696e-22 1.1599e-22 2.3010e-24 7.6800e-24 1.1782e-23 4.9494e-24
6.9480e+01 1.1444e-22 1.1343e-22 2.2550e-24 7.6480e-24 1.1882e-23 4.9592e-24
7.0120e+01 1.1202e-22 1.1098e-22 2.2110e-24 7.6150e-24 1.1984e-23 4.9693e-24
7.0770e+01 1.0967e-22 1.0860e-22 2.1690e-24 7.5830e-24 1.2086e-23 4.9800e-24
7.1430e+01 1.0737e-22 1.0627e-22 2.1270e-24 7.5500e-24 1.2190e-23 4.9912e-24
7.2090e+01 1.0517e-22 1.0404e-22 2.0870e-24 7.5180e-24 1.2295e-23 5.0028e-24
7.2750e+01 1.0306e-22 1.0189e-22 2.0480e-24 7.4860e-24 1.2402e-23 5.0147e-24
7.3430e+01 1.0096e-22 9.9758e-23 2.0100e-24 7.4540e-24 1.2509e-23 5.0272e-24
7.4110e+01 9.8947e-23 9.7708e-23 1.9740e-24 7.4220e-24 1.2617e-23 5.0401e-24
7.4800e+01 9.6980e-23 9.5704e-23 1.9380e-24 7.3900e-24 1.2727e-23 5.0535e-24
7.5490e+01 9.5088e-23 9.3773e-23 1.9030e-24 7.3580e-24 1.2838e-23 5.0671e-24
7.6190e+01 9.3238e-23 9.1884e-23 1.8700e-24 7.3260e-24 1.2950e-23 5.0813e-24
7.6890e+01 9.1455e-23 9.0060e-23 1.8370e-24 7.2940e-24 1.3063e-23 5.0957e-24
7.7610e+01 8.9688e-23 8.8250e-23 1.8060e-24 7.2630e-24 1.3178e-23 5.1108e-24
7.8320e+01 8.8007e-23 8.6527e-23 1.7760e-24 7.2310e-24 1.3293e-23 5.1259e-24
7.9050e+01 8.6340e-23 8.4814e-23 1.7460e-24 7.2000e-24 1.3410e-23 5.1417e-24
7.9780e+01 8.4731e-23 8.3158e-23 1.7180e-24 7.1690e-24 1.3528e-23 5.1578e-24
8.0520e+01 8.3156e-23 8.1536e-23 1.6900e-24 7.1370e-24 1.3647e-23 5.1743e-24
8.1270e+01 8.1615e-23 7.9945e-23 1.6630e-24 7.1060e-24 1.3768e-23 5.1913e-24
8.2020e+01 8.0127e-23 7.8406e-23 1.6380e-24 7.0750e-24 1.3889e-23 5.2085e-24
8.2780e+01 7.8669e-23 7.6896e-23 1.6130e-24 7.0440e-24 1.4012e-23 5.2262e-24
8.3550e+01 7.7243e-23 7.5415e-23 1.5890e-24 7.0130e-24 1.4136e-23 5.2443e-24
8.4320e+01 7.5864e-23 7.3980e-23 1.5660e-24 6.9820e-24 1.4262e-23 5.2626e-24
8.5100e+01 7.4513e-23 7.2571e-23 1.5440e-24 6.9520e-24 1.4388e-23 5.2813e-24
8.5890e+01 7.3191e-23 7.1189e-23 1.5230e-24 6.9210e-24 1.4516e-23 5.3005e-24
8.6680e+01 7.1912e-23 6.9849e-23 1.5020e-24 6.8900e-24 1.4645e-23 5.3199e-24
8.7490e+01 7.0645e-23 6.8517e-23 1.4820e-24 6.8600e-24 1.4776e-23 5.3400e-24
8.8300e+01 6.9419e-23 6.7225e-23 1.4640e-24 6.8300e-24 1.4907e-23 5.3603e-24
8.9110e+01 6.8233e-23 6.5972e-23 1.4450e-24 6.7990e-24 1.5040e-23 5.3808e-24
8.9940e+01 6.7058e-23 6.4726e-23 1.4280e-24 6.7690e-24 1.5175e-23 5.4019e-24
9.0770e+01 6.5921e-23 6.3517e-23 1.4120e-24 6.7390e-24 1.5310e-23 5.4233e-24
9.1610e+01 6.4809e-23 6.2329e-23 1.3960e-24 6.7090e-24 1.5447e-23 5.4450e-24
9.2460e+01 6.3720e-23 6.1163e-23 1.3810e-24 6.6790e-24 1.5586e-23 5.4672e-24
9.3320e+01 6.2654e-23 6.0017e-23 1.3670e-24 6.6490e-24 1.5725e-23 5.4899e-24
9.4180e+01 6.1624e-23 5.8905e-23 1.3530e-24 6.6190e-24 1.5866e-23 5.5127e-24
9.5060e+01 6.0605e-23 5.7800e-23 1.3410e-24 6.5890e-24 1.6009e-23 5.5362e-24
9.5940e+01 5.9620e-23 5.6727e-23 1.3290e-24 6.5600e-24 1.6152e-23 5.5599e-24
9.6820e+01 5.8667e-23 5.5684e-23 1.3180e-24 6.5300e-24 1.6297e-23 5.5837e-24
9.7720e+01 5.7726e-23 5.4648e-23 1.3070e-24 6.5010e-24 1.6444e-23 5.6083e-24
9.8630e+01 5.6805e-23 5.3631e-23 1.2970e-24 6.4710e-24 1.6592e-23 5.6332e-24
9.9540e+01 5.5917e-23 5.2643e-23 1.2880e-24 6.4420e-24 1.6741e-23 5.6584e-24
1.0050e+02 5.5010e-23 5.1630e-23 1.2800e-24 6.4130e-24 1.6892e-23 5.6851e-24
1.0140e+02 5.4192e-23 5.0708e-23 1.2720e-24 6.3840e-24 1.7044e-23 5.7103e-24
1.0230e+02 5.3402e-23 4.9810e-23 1.2650e-24 6.3550e-24 1.7198e-23 5.7356e-24
1.0330e+02 5.2550e-23 4.8842e-23 1.2590e-24 6.3260e-24 1.7353e-23 5.7639e-24
1.0420e+02 5.1815e-23 4.7994e-23 1.2540e-24 6.2970e-24 1.7510e-23 5.7895e-24
1.0520e+02 5.1022e-23 4.7079e-23 1.2490e-24 6.2680e-24 1.7668e-23 5.8181e-24
1.0620e+02 5.0259e-23 4.6190e-23 1.2450e-24 6.2390e-24 1.7828e-23 5.8469e-24
1.0720e+02 4.9525e-23 4.5326e-23 1.2420e-24 6.2100e-24 1.7989e-23 5.8758e-24
1.0820e+02 4.8818e-23 4.4487e-23 1.2390e-24 6.1820e-24 1.8151e-23 5.9049e-24
1.0920e+02 4.8138e-23 4.3671e-23 1.2380e-24 6.1530e-24 1.8316e-23 5.9341e-24
1.1020e+02 4.7483e-23 4.2878e-23 1.2370e-24 6.1250e-24 1.8482e-23 5.9635e-24
1.1120e+02 4.6854e-23 4.2106e-23 1.2360e-24 6.0970e-24 1.8649e-23 5.9930e-24
1.1220e+02 4.6249e-23 4.1355e-23 1.2370e-24 6.0680e-24 1.8818e-23 6.0227e-24
1.1330e+02 4.5604e-23 4.0552e-23 1.2380e-24 6.0400e-24 1.8989e-23 6.0555e-24
1.1430e+02 4.5048e-23 3.9843e-23 1.2410e-24 6.0120e-24 1.9161e-23 6.0855e-24
1.1540e+02 4.4454e-23 3.9084e-23 1.2440e-24 5.9840e-24 1.9335e-23 6.1185e-24
1.1640e+02 4.3944e-23 3.8413e-23 1.2480e-24 5.9560e-24 1.9510e-23 6.1488e-24
1.1750e+02 4.3398e-23 3.7695e-23 1.2530e-24 5.9280e-24 1.9687e-23 6.1822e-24
1.1860e+02 4.2877e-23 3.6997e-23 1.2590e-24 5.9010e-24 1.9866e-23 6.2157e-24
1.1970e+02 4.2379e-23 3.6318e-23 1.2650e-24 5.8730e-24 2.0047e-23 6.2494e-24
1.2080e+02 4.1904e-23 3.5658e-23 1.2730e-24 5.8450e-24 2.0229e-23 6.2832e-24
1.2190e+02 4.1451e-23 3.5015e-23 1.2820e-24 5.8180e-24 2.0413e-23 6.3172e-24
1.2310e+02 4.0972e-23 3.4335e-23 1.2920e-24 5.7900e-24 2.0599e-23 6.3544e-24
1.2420e+02 4.0563e-23 3.3728e-23 1.3040e-24 5.7630e-24 2.0786e-23 6.3886e-24
1.2530e+02 4.0173e-23 3.3137e-23 1.3160e-24 5.7360e-24 2.0975e-23 6.4230e-24
1.2650e+02 3.9762e-23 3.2510e-23 1.3300e-24 5.7090e-24 2.1166e-23 6.4606e-24
1.2770e+02 3.9373e-23 3.1901e-23 1.3460e-24 5.6820e-24 2.1359e-23 6.4984e-24
1.2890e+02 3.9005e-23 3.1309e-23 1.3630e-24 5.6540e-24 2.1554e-23 6.5364e-24
1.3010e+02 3.8657e-23 3.0733e-23 1.3810e-24 5.6280e-24 2.1750e-23 6.5745e-24
1.3130e+02 3.8330e-23 3.0173e-23 1.4020e-24 5.6010e-24 2.1949e-23 6.6127e-24
1.3250e+02 3.8023e-23 2.9628e-23 1.4240e-24 5.5740e-24 2.2149e-23 6.6511e-24
1.3370e+02 3.7734e-23 2.9098e-23 1.4490e-24 5.5470e-24 2.2351e-23 6.6896e-24
1.3490e+02 3.7464e-23 2.8582e-23 1.4750e-24 5.5210e-24 2.2555e-23 6.7282e-24
1.3620e+02 3.7182e-23 2.8039e-23 1.5050e-24 5.4940e-24 2.2761e-23 6.7702e-24
1.3740e+02 3.6949e-23 2.7551e-23 1.5370e-24 5.4680e-24 2.2968e-23 6.8091e-24
1.3870e+02 3.6704e-23 2.7036e-23 1.5720e-24 5.4410e-24 2.3178e-23 6.8514e-24
1.4000e+02 3.6479e-23 2.6536e-23 1.6110e-24 5.4150e-24 2.3390e-23 6.8939e-24
1.4130e+02 3.6271e-23 2.6050e-23 1.6540e-24 5.3890e-24 2.3604e-23 6.9364e-24
1.4260e+02 3.6081e-23 2.5576e-23 1.7010e-24 5.3620e-24 2.3819e-23 6.9792e-24
1.4390e+02 3.5909e-23 2.5116e-23 1.7530e-24 5.3360e-24 2.4037e-23 7.0220e-24
1.4530e+02 3.5731e-23 2.4634e-23 1.8110e-24 5.3100e-24 2.4257e-23 7.0683e-24
1.4660e+02 3.5592e-23 2.4199e-23 1.8750e-24 5.2850e-24 2.4479e-23 7.1115e-24
1.4800e+02 3.5449e-23 2.3743e-23 1.9470e-24 5.2590e-24 2.4703e-23 7.1580e-24
1.4930e+02 3.5343e-23 2.3331e-23 2.0280e-24 5.2330e-24 2.4929e-23 7.2014e-24
1.5070e+02 3.5234e-23 2.2899e-23 2.1200e-24 5.2070e-24 2.5157e-23 7.2483e-24
1.5210e+02 3.5141e-23 2.2480e-23 2.2240e-24 5.1820e-24 2.5387e-23 7.2953e-24
1.5350e+02 3.5064e-23 2.2071e-23 2.3430e-24 5.1560e-24 2.5620e-23 7.3425e-24
1.5490e+02 3.5004e-23 2.1674e-23 2.4800e-24 5.1310e-24 2.5855e-23 7.3898e-24
1.5640e+02 3.4945e-23 2.1260e-23 2.6400e-24 5.1050e-24 2.6091e-23 7.4406e-24
1.5780e+02 3.4919e-23 2.0884e-23 2.8300e-24 5.0800e-24 2.6330e-23 7.4882e-24
1.5930e+02 3.4896e-23 2.0493e-23 3.0560e-24 5.0550e-24 2.6572e-23 7.5393e-24
1.6080e+02 3.4894e-23 2.0112e-23 3.3310e-24 5.0300e-24 2.6815e-23 7.5905e-24
1.6230e+02 3.4914e-23 1.9742e-23 3.6730e-24 5.0050e-24 2.7061e-23 7.6419e-24
1.6380e+02 3.4962e-23 1.9382e-23 4.1080e-24 4.9800e-24 2.7309e-23 7.6934e-24
1.6530e+02 3.5046e-23 1.9032e-23 4.6800e-24 4.9550e-24 2.7560e-23 7.7451e-24
1.6680e+02 3.5183e-23 1.8691e-23 5.4640e-24 4.9300e-24 2.7813e-23 7.7969e-24
1.6840e+02 3.5403e-23 1.8337e-23 6.6040e-24 4.9060e-24 2.8068e-23 7.8523e-24
1.6990e+02 3.5832e-23 1.8015e-23 8.4140e-24 4.8810e-24 2.8325e-23 7.9043e-24
1.7150e+02 3.6797e-23 1.7680e-23 1.1720e-23 4.8560e-24 2.8585e-23 7.9600e-24
1.7310e+02 4.0113e-23 1.7355e-23 1.9700e-23 4.8320e-24 2.8848e-23 8.0158e-24
1.7470e+02 7.4519e-23 1.7039e-23 6.5780e-23 4.8080e-24 2.9113e-23 8.0718e-24
1.7630e+02 5.8468e-23 1.6731e-23 4.6760e-23 4.7830e-24 2.9380e-23 8.1279e-24
1.7790e+02 3.9060e-23 1.6431e-23 1.6940e-23 4.7590e-24 2.9650e-23 8.1841e-24
1.7960e+02 3.6746e-23 1.6121e-23 1.0230e-23 4.7350e-24 2.9922e-23 8.2440e-24
1.8120e+02 3.6148e-23 1.5838e-23 7.2710e-24 4.7110e-24 3.0197e-23 8.3005e-24
1.8290e+02 3.5967e-23 1.5545e-23 5.6050e-24 4.6870e-24 3.0474e-23 8.3606e-24
1.8460e+02 3.5943e-23 1.5260e-23 4.5360e-24 4.6630e-24 3.0754e-23 8.4209e-24
1.8630e+02 3.5995e-23 1.4983e-23 3.7930e-24 4.6390e-24 3.1037e-23 8.4813e-24
1.8810e+02 3.6083e-23 1.4697e-23 3.2470e-24 4.6150e-24 3.1322e-23 8.5455e-24
1.8980e+02 3.6204e-23 1.4435e-23 2.8290e-24 4.5920e-24 3.1610e-23 8.6062e-24
1.9160e+02 3.6340e-23 1.4165e-23 2.4990e-24 4.5680e-24 3.1901e-23 8.6706e-24
1.9330e+02 3.6497e-23 1.3917e-23 2.2320e-24 4.5440e-24 3.2194e-23 8.7315e-24
1.9510e+02 3.6662e-23 1.3661e-23 2.0120e-24 4.5210e-24 3.2490e-23 8.7962e-24
1.9690e+02 3.6839e-23 1.3413e-23 1.8270e-24 4.4980e-24 3.2789e-23 8.8610e-24
1.9870e+02 3.7026e-23 1.3171e-23 1.6690e-24 4.4740e-24 3.3091e-23 8.9260e-24
2.0060e+02 3.7220e-23 1.2922e-23 1.5340e-24 4.4510e-24 3.3395e-23 8.9947e-24
2.0240e+02 3.7426e-23 1.2694e-23 1.4160e-24 4.4280e-24 3.3703e-23 9.0599e-24
2.0430e+02 3.7637e-23 1.2459e-23 1.3130e-24 4.4050e-24 3.4013e-23 9.1289e-24
2.0620e+02 3.7857e-23 1.2230e-23 1.2220e-24 4.3820e-24 3.4326e-23 9.1980e-24
2.0810e+02 3.8084e-23 1.2008e-23 1.1420e-24 4.3590e-24 3.4642e-23 9.2672e-24
2.1000e+02 3.8320e-23 1.1791e-23 1.0690e-24 4.3360e-24 3.4961e-23 9.3366e-24
2.1200e+02 3.8560e-23 1.1570e-23 1.0040e-24 4.3140e-24 3.5283e-23 9.4098e-24
2.1400e+02 3.8808e-23 1.1355e-23 9.4570e-25 4.2910e-24 3.5607e-23 9.4831e-24
2.1590e+02 3.9065e-23 1.1156e-23 8.9260e-25 4.2680e-24 3.5935e-23 9.5529e-24
2.1790e+02 3.9327e-23 1.0952e-23 8.4420e-25 4.2460e-24 3.6266e-23 9.6265e-24
2.2000e+02 3.9594e-23 1.0744e-23 8.0010e-25 4.2230e-24 3.6600e-23 9.7039e-24
2.2200e+02 3.9869e-23 1.0551e-23 7.5970e-25 4.2010e-24 3.6937e-23 9.7777e-24
2.2410e+02 4.0149e-23 1.0354e-23 7.2260e-25 4.1790e-24 3.7278e-23 9.8554e-24
2.2610e+02 4.0437e-23 1.0172e-23 6.8840e-25 4.1570e-24 3.7621e-23 9.9295e-24
2.2820e+02 4.0730e-23 9.9856e-24 6.5690e-25 4.1350e-24 3.7968e-23 1.0007e-23
2.3030e+02 4.1029e-23 9.8043e-24 6.2780e-25 4.1120e-24 3.8318e-23 1.0086e-23
2.3250e+02 4.1333e-23 9.6196e-24 6.0080e-25 4.0910e-24 3.8671e-23 1.0167e-23
2.3460e+02 4.1645e-23 9.4482e-24 5.7580e-25 4.0690e-24 3.9027e-23 1.0246e-23
2.3680e+02 4.1961e-23 9.2734e-24 5.5260e-25 4.0470e-24 3.9387e-23 1.0328e-23
2.3900e+02 4.2283e-23 9.1035e-24 5.3100e-25 4.0250e-24 3.9750e-23 1.0410e-23
2.4120e+02 4.2610e-23 8.9382e-24 5.1090e-25 4.0040e-24 4.0117e-23 1.0493e-23
2.4340e+02 4.2944e-23 8.7773e-24 4.9220e-25 3.9820e-24 4.0487e-23 1.0575e-23
2.4570e+02 4.3282e-23 8.6138e-24 4.7480e-25 3.9610e-24 4.0860e-23 1.0662e-23
2.4800e+02 4.3626e-23 8.4548e-24 4.5860e-25 3.9390e-24 4.1237e-23 1.0749e-23
2.5030e+02 4.3975e-23 8.3001e-24 4.4350e-25 3.9180e-24 4.1617e-23 1.0835e-23
2.5260e+02 4.4330e-23 8.1496e-24 4.2940e-25 3.8970e-24 4.2001e-23 1.0922e-23
2.5490e+02 4.4690e-23 8.0032e-24 4.1630e-25 3.8750e-24 4.2388e-23 1.1009e-23
2.5730e+02 4.5055e-23 7.8546e-24 4.0410e-25 3.8540e-24 4.2779e-23 1.1100e-23
2.5970e+02 4.5426e-23 7.7101e-24 3.9280e-25 3.8330e-24 4.3174e-23 1.1191e-23
2.6210e+02 4.5802e-23 7.5695e-24 3.8230e-25 3.8120e-24 4.3572e-23 1.1283e-23
2.6450e+02 4.6183e-23 7.4328e-24 3.7250e-25 3.7920e-24 4.3974e-23 1.1374e-23
2.6690e+02 4.6569e-23 7.2997e-24 3.6350e-25 3.7710e-24 4.4380e-23 1.1466e-23
2.6940e+02 4.6961e-23 7.1649e-24 3.5510e-25 3.7500e-24 4.4790e-23 1.1561e-23
2.7190e+02 4.7357e-23 7.0337e-24 3.4750e-25 3.7290e-24 4.5203e-23 1.1657e-23
2.7440e+02 4.7759e-23 6.9061e-24 3.4050e-25 3.7090e-24 4.5620e-23 1.1752e-23
2.7700e+02 4.8165e-23 6.7771e-24 3.3410e-25 3.6880e-24 4.6041e-23 1.1852e-23
2.7950e+02 4.8577e-23 6.6564e-24 3.2830e-25 3.6680e-24 4.6466e-23 1.1948e-23
2.8210e+02 4.8994e-23 6.5343e-24 3.2310e-25 3.6480e-24 4.6895e-23 1.2048e-23
2.8470e+02 4.9416e-23 6.4155e-24 3.1850e-25 3.6280e-24 4.7328e-23 1.2148e-23
2.8740e+02 4.9843e-23 6.2955e-24 3.1450e-25 3.6070e-24 4.7765e-23 1.2252e-23
2.9000e+02 5.0275e-23 6.1831e-24 3.1100e-25 3.5870e-24 4.8206e-23 1.2353e-23
2.9270e+02 5.0712e-23 6.0696e-24 3.0800e-25 3.5670e-24 4.8651e-23 1.2457e-23
2.9540e+02 5.1155e-23 5.9591e-24 3.0560e-25 3.5470e-24 4.9100e-23 1.2561e-23
2.9820e+02 5.1603e-23 5.8477e-24 3.0380e-25 3.5280e-24 4.9554e-23 1.2670e-23
3.0090e+02 5.2055e-23 5.7433e-24 3.0250e-25 3.5080e-24 5.0011e-23 1.2775e-23
3.0370e+02 5.2513e-23 5.6379e-24 3.0180e-25 3.4880e-24 5.0473e-23 1.2884e-23
3.0650e+02 5.2975e-23 5.5353e-24 3.0160e-25 3.4690e-24 5.0939e-23 1.2993e-23
3.0940e+02 5.3444e-23 5.4320e-24 3.0210e-25 3.4490e-24 5.1410e-23 1.3106e-23
3.1220e+02 5.3916e-23 5.3350e-24 3.0310e-25 3.4300e-24 5.1885e-23 1.3215e-23
3.1510e+02 5.4395e-23 5.2373e-24 3.0480e-25 3.4100e-24 5.2364e-23 1.3328e-23
3.1810e+02 5.4879e-23 5.1390e-24 3.0710e-25 3.3910e-24 5.2848e-23 1.3445e-23
3.2100e+02 5.5367e-23 5.0465e-24 3.1020e-25 3.3720e-24 5.3336e-23 1.3559e-23
3.2400e+02 5.5861e-23 4.9535e-24 3.1390e-25 3.3530e-24 5.3829e-23 1.3677e-23
3.2700e+02 5.6360e-23 4.8630e-24 3.1850e-25 3.3330e-24 5.4326e-23 1.3794e-23
3.3000e+02 5.6864e-23 4.7750e-24 3.2400e-25 3.3140e-24 5.4828e-23 1.3912e-23
3.3310e+02 5.7374e-23 4.6866e-24 3.3040e-25 3.2960e-24 5.5334e-23 1.4034e-23
3.3610e+02 5.7889e-23 4.6033e-24 3.3780e-25 3.2770e-24 5.5846e-23 1.4153e-23
3.3930e+02 5.8410e-23 4.5169e-24 3.4640e-25 3.2580e-24 5.6362e-23 1.4279e-23
3.4240e+02 5.8935e-23 4.4354e-24 3.5630e-25 3.2390e-24 5.6883e-23 1.4401e-23
3.4560e+02 5.9466e-23 4.3537e-24 3.6780e-25 3.2210e-24 5.7408e-23 1.4528e-23
3.4880e+02 6.0003e-23 4.2742e-24 3.8090e-25 3.2020e-24 5.7939e-23 1.4655e-23
3.5200e+02 6.0545e-23 4.1968e-24 3.9600e-25 3.1840e-24 5.8474e-23 1.4782e-23
3.5530e+02 6.1092e-23 4.1192e-24 4.1350e-25 3.1650e-24 5.9015e-23 1.4913e-23
3.5860e+02 6.1646e-23 4.0437e-24 4.3380e-25 3.1470e-24 5.9560e-23 1.5044e-23
3.6190e+02 6.2204e-23 3.9703e-24 4.5740e-25 3.1290e-24 6.0111e-23 1.5175e-23
3.6520e+02 6.2768e-23 3.8989e-24 4.8520e-25 3.1110e-24 6.0666e-23 1.5306e-23
3.6860e+02 6.3338e-23 3.8273e-24 5.1830e-25 3.0930e-24 6.1227e-23 1.5442e-23
3.7200e+02 6.3914e-23 3.7577e-24 5.5800e-25 3.0750e-24 6.1793e-23 1.5578e-23
3.7550e+02 6.4496e-23 3.6879e-24 6.0640e-25 3.0570e-24 6.2364e-23 1.5718e-23
3.7890e+02 6.5082e-23 3.6220e-24 6.6650e-25 3.0390e-24 6.2941e-23 1.5854e-23
3.8250e+02 6.5677e-23 3.5542e-24 7.4300e-25 3.0210e-24 6.3523e-23 1.5998e-23
3.8600e+02 6.6276e-23 3.4900e-24 8.4320e-25 3.0040e-24 6.4110e-23 1.6139e-23
3.8960e+02 6.6882e-23 3.4258e-24 9.7990e-25 2.9860e-24 6.4703e-23 1.6283e-23
3.9320e+02 6.7495e-23 3.3634e-24 1.1770e-24 2.9680e-24 6.5301e-23 1.6428e-23
3.9680e+02 6.8117e-23 3.3026e-24 1.4850e-24 2.9510e-24 6.5905e-23 1.6573e-23
4.0050e+02 6.8753e-23 3.2419e-24 2.0320e-24 2.9340e-24 6.6514e-23 1.6722e-23
4.0420e+02 6.9429e-23 3.1828e-24 3.2710e-24 2.9160e-24 6.7129e-23 1.6872e-23
4.0800e+02 7.0534e-23 3.1238e-24 8.7680e-24 2.8990e-24 6.7750e-23 1.7025e-23
4.1170e+02 7.1657e-23 3.0679e-24 1.2110e-23 2.8820e-24 6.8377e-23 1.7175e-23
4.1550e+02 7.1360e-23 3.0120e-24 3.5190e-24 2.8650e-24 6.9009e-23 1.7329e-23
4.1940e+02 7.1955e-23 2.9563e-24 2.0380e-24 2.8480e-24 6.9647e-23 1.7487e-23
4.2330e+02 7.2600e-23 2.9021e-24 1.4250e-24 2.8310e-24 7.0291e-23 1.7646e-23
4.2720e+02 7.3259e-23 2.8493e-24 1.0900e-24 2.8140e-24 7.0941e-23 1.7804e-23
4.3120e+02 7.3929e-23 2.7967e-24 8.7850e-25 2.7970e-24 7.1598e-23 1.7967e-23
4.3510e+02 7.4605e-23 2.7468e-24 7.3350e-25 2.7810e-24 7.2260e-23 1.8126e-23
4.3920e+02 7.5289e-23 2.6957e-24 6.2800e-25 2.7640e-24 7.2928e-23 1.8294e-23
4.4320e+02 7.5979e-23 2.6473e-24 5.4770e-25 2.7480e-24 7.3603e-23 1.8457e-23
4.4740e+02 7.6678e-23 2.5978e-24 4.8470e-25 2.7310e-24 7.4283e-23 1.8629e-23
4.5150e+02 7.7382e-23 2.5509e-24 4.3400e-25 2.7150e-24 7.4971e-23 1.8797e-23
4.5570e+02 7.8093e-23 2.5041e-24 3.9240e-25 2.6980e-24 7.5664e-23 1.8969e-23
4.5990e+02 7.8811e-23 2.4585e-24 3.5770e-25 2.6820e-24 7.6364e-23 1.9142e-23
4.6420e+02 7.9537e-23 2.4132e-24 3.2830e-25 2.6660e-24 7.7070e-23 1.9319e-23
4.6850e+02 8.0269e-23 2.3691e-24 3.0310e-25 2.6500e-24 7.7783e-23 1.9496e-23
4.7280e+02 8.1007e-23 2.3262e-24 2.8140e-25 2.6340e-24 7.8503e-23 1.9673e-23
4.7720e+02 8.1753e-23 2.2835e-24 2.6250e-25 2.6180e-24 7.9229e-23 1.9855e-23
4.8160e+02 8.2506e-23 2.2420e-24 2.4590e-25 2.6020e-24 7.9962e-23 2.0037e-23
4.8610e+02 8.3267e-23 2.2007e-24 2.3130e-25 2.5860e-24 8.0702e-23 2.0223e-23
4.9060e+02 8.4034e-23 2.1605e-24 2.1830e-25 2.5710e-24 8.1449e-23 2.0410e-23
4.9510e+02 8.4808e-23 2.1214e-24 2.0680e-25 2.5550e-24 8.2202e-23 2.0596e-23
4.9970e+02 8.5591e-23 2.0825e-24 1.9650e-25 2.5390e-24 8.2963e-23 2.0788e-23
5.0430e+02 8.6380e-23 2.0447e-24 1.8730e-25 2.5240e-24 8.3730e-23 2.0979e-23
5.0900e+02 8.7177e-23 2.0071e-24 1.7900e-25 2.5080e-24 8.4505e-23 2.1175e-23
5.1370e+02 8.7981e-23 1.9705e-24 1.7160e-25 2.4930e-24 8.5287e-23 2.1371e-23
5.1850e+02 8.8794e-23 1.9342e-24 1.6500e-25 2.4780e-24 8.6076e-23 2.1572e-23
5.2330e+02 8.9614e-23 1.8989e-24 1.5910e-25 2.4630e-24 8.6873e-23 2.1773e-23
5.2810e+02 9.0441e-23 1.8645e-24 1.5380e-25 2.4480e-24 8.7676e-23 2.1974e-23
5.3300e+02 9.1276e-23 1.8304e-24 1.4900e-25 2.4330e-24 8.8488e-23 2.2180e-23
5.3790e+02 9.2119e-23 1.7972e-24 1.4480e-25 2.4180e-24 8.9307e-23 2.2385e-23
5.4290e+02 9.2970e-23 1.7643e-24 1.4110e-25 2.4030e-24 9.0133e-23 2.2596e-23
5.4790e+02 9.3829e-23 1.7322e-24 1.3790e-25 2.3880e-24 9.0967e-23 2.2807e-23
5.5300e+02 9.4696e-23 1.7004e-24 1.3510e-25 2.3730e-24 9.1809e-23 2.3022e-23
5.5810e+02 9.5572e-23 1.6695e-24 1.3280e-25 2.3580e-24 9.2658e-23 2.3238e-23
5.6330e+02 9.6456e-23 1.6388e-24 1.3080e-25 2.3440e-24 9.3516e-23 2.3458e-23
5.6850e+02 9.7348e-23 1.6089e-24 1.2930e-25 2.3290e-24 9.4381e-23 2.3679e-23
5.7380e+02 9.8248e-23 1.5794e-24 1.2820e-25 2.3150e-24 9.5255e-23 2.3904e-23
5.7910e+02 9.9157e-23 1.5506e-24 1.2750e-25 2.3000e-24 9.6136e-23 2.4129e-23
5.8450e+02 1.0008e-22 1.5221e-24 1.2720e-25 2.2860e-24 9.7026e-23 2.4359e-23
5.8990e+02 1.0100e-22 1.4943e-24 1.2730e-25 2.2720e-24 9.7924e-23 2.4590e-23
5.9540e+02 1.0194e-22 1.4668e-24 1.2790e-25 2.2580e-24 9.8830e-23 2.4825e-23
6.0090e+02 1.0288e-22 1.4401e-24 1.2890e-25 2.2440e-24 9.9745e-23 2.5061e-23
6.0640e+02 1.0383e-22 1.4141e-24 1.3040e-25 2.2300e-24 1.0067e-22 2.5296e-23
6.1200e+02 1.0479e-22 1.3884e-24 1.3250e-25 2.2160e-24 1.0160e-22 2.5537e-23
6.1770e+02 1.0576e-22 1.3629e-24 1.3510e-25 2.2020e-24 1.0254e-22 2.5782e-23
6.2340e+02 1.0674e-22 1.3380e-24 1.3850e-25 2.1880e-24 1.0349e-22 2.6028e-23
6.2920e+02 1.0773e-22 1.3135e-24 1.4250e-25 2.1740e-24 1.0445e-22 2.6279e-23
6.3500e+02 1.0873e-22 1.2896e-24 1.4750e-25 2.1600e-24 1.0541e-22 2.6530e-23
6.4090e+02 1.0974e-22 1.2660e-24 1.5340e-25 2.1470e-24 1.0639e-22 2.6785e-23
6.4690e+02 1.1076e-22 1.2426e-24 1.6060e-25 2.1330e-24 1.0737e-22 2.7046e-23
6.5290e+02 1.1178e-22 1.2199e-24 1.6920e-25 2.1200e-24 1.0837e-22 2.7307e-23
6.5890e+02 1.1282e-22 1.1977e-24 1.7970e-25 2.1070e-24 1.0937e-22 2.7568e-23
6.6500e+02 1.1386e-22 1.1759e-24 1.9250e-25 2.0930e-24 1.1038e-22 2.7834e-23
6.7120e+02 1.1492e-22 1.1542e-24 2.0830e-25 2.0800e-24 1.1141e-22 2.8106e-23
6.7740e+02 1.1599e-22 1.1332e-24 2.2820e-25 2.0670e-24 1.1244e-22 2.8377e-23
6.8370e+02 1.1706e-22 1.1124e-24 2.5380e-25 2.0540e-24 1.1348e-22 2.8654e-23
6.9000e+02 1.1815e-22 1.0922e-24 2.8760e-25 2.0410e-24 1.1453e-22 2.8931e-23
6.9640e+02 1.1925e-22 1.0722e-24 3.3420e-25 2.0280e-24 1.1559e-22 2.9213e-23
7.0280e+02 1.2035e-22 1.0528e-24 4.0220e-25 2.0150e-24 1.1666e-22 2.9496e-23
7.0930e+02 1.2147e-22 1.0336e-24 5.0970e-25 2.0020e-24 1.1774e-22 2.9783e-23
7.1590e+02 1.2260e-22 1.0146e-24 7.0480e-25 1.9890e-24 1.1883e-22 3.0076e-23
7.2250e+02 1.2374e-22 9.9616e-25 1.1650e-24 1.9770e-24 1.1993e-22 3.0369e-23
7.2920e+02 1.2493e-22 9.7794e-25 3.5600e-24 1.9640e-24 1.2104e-22 3.0668e-23
7.3600e+02 1.2608e-22 9.5995e-25 3.2050e-24 1.9510e-24 1.2216e-22 3.0971e-23
7.4280e+02 1.2722e-22 9.4245e-25 1.0870e-24 1.9390e-24 1.2329e-22 3.1275e-23
7.4970e+02 1.2840e-22 9.2518e-25 6.4910e-25 1.9260e-24 1.2443e-22 3.1585e-23
7.5660e+02 1.2959e-22 9.0839e-25 4.5990e-25 1.9140e-24 1.2558e-22 3.1895e-23
7.6360e+02 1.3079e-22 8.9181e-25 3.5470e-25 1.9020e-24 1.2675e-22 3.2210e-23
7.7070e+02 1.3201e-22 8.7545e-25 2.8790e-25 1.8900e-24 1.2792e-22 3.2530e-23
7.7780e+02 1.3323e-22 8.5954e-25 2.4170e-25 1.8780e-24 1.2910e-22 3.2851e-23
7.8500e+02 1.3447e-22 8.4385e-25 2.0800e-25 1.8650e-24 1.3030e-22 3.3178e-23
7.9230e+02 1.3572e-22 8.2837e-25 1.8240e-25 1.8530e-24 1.3151e-22 3.3509e-23
7.9970e+02 1.3699e-22 8.1311e-25 1.6230e-25 1.8420e-24 1.3272e-22 3.3846e-23
8.0710e+02 1.3826e-22 7.9827e-25 1.4620e-25 1.8300e-24 1.3395e-22 3.4184e-23
8.1450e+02 1.3954e-22 7.8383e-25 1.3300e-25 1.8180e-24 1.3519e-22 3.4523e-23
8.2210e+02 1.4084e-22 7.6940e-25 1.2210e-25 1.8060e-24 1.3644e-22 3.4871e-23
8.2970e+02 1.4215e-22 7.5537e-25 1.1290e-25 1.7940e-24 1.3771e-22 3.5221e-23
8.3740e+02 1.4348e-22 7.4154e-25 1.0510e-25 1.7830e-24 1.3898e-22 3.5576e-23
8.4510e+02 1.4481e-22 7.2809e-25 9.8420e-26 1.7710e-24 1.4027e-22 3.5932e-23
8.5300e+02 1.4616e-22 7.1467e-25 9.2720e-26 1.7600e-24 1.4157e-22 3.6298e-23
8.6090e+02 1.4752e-22 7.0161e-25 8.7810e-26 1.7480e-24 1.4288e-22 3.6665e-23
8.6880e+02 1.4889e-22 6.8891e-25 8.3580e-26 1.7370e-24 1.4420e-22 3.7034e-23
8.7690e+02 1.5028e-22 6.7624e-25 7.9940e-26 1.7260e-24 1.4554e-22 3.7412e-23
8.8500e+02 1.5168e-22 6.6392e-25 7.6820e-26 1.7150e-24 1.4688e-22 3.7792e-23
8.9320e+02 1.5309e-22 6.5179e-25 7.4170e-26 1.7030e-24 1.4824e-22 3.8177e-23
9.0150e+02 1.5452e-22 6.3984e-25 7.1940e-26 1.6920e-24 1.4962e-22 3.8568e-23
9.0980e+02 1.5596e-22 6.2822e-25 7.0110e-26 1.6810e-24 1.5100e-22 3.8960e-23
9.1830e+02 1.5741e-22 6.1664e-25 6.8650e-26 1.6700e-24 1.5240e-22 3.9363e-23
9.2680e+02 1.5888e-22 6.0538e-25 6.7550e-26 1.6600e-24 1.5381e-22 3.9767e-23
9.3530e+02 1.6036e-22 5.9443e-25 6.6810e-26 1.6490e-24 1.5524e-22 4.0172e-23
9.4400e+02 1.6185e-22 5.8352e-25 6.6430e-26 1.6380e-24 1.5667e-22 4.0588e-23
9.5280e+02 1.6336e-22 5.7280e-25 6.6440e-26 1.6270e-24 1.5812e-22 4.1010e-23
9.6160e+02 1.6489e-22 5.6236e-25 6.6860e-26 1.6170e-24 1.5959e-22 4.1433e-23
9.7050e+02 1.6643e-22 5.5209e-25 6.7760e-26 1.6060e-24 1.6107e-22 4.1863e-23
9.7950e+02 1.6798e-22 5.4199e-25 6.9250e-26 1.5960e-24 1.6256e-22 4.2299e-23
9.8850e+02 1.6954e-22 5.3217e-25 7.1500e-26 1.5850e-24 1.6406e-22 4.2736e-23
9.9770e+02 1.7113e-22 5.2240e-25 7.4860e-26 1.5750e-24 1.6558e-22 4.3184e-23
1.0070e+03 1.7273e-22 5.1280e-25 8.0070e-26 1.5640e-24 1.6711e-22 4.3638e-23
1.0160e+03 1.7433e-22 5.0375e-25 8.9060e-26 1.5540e-24 1.6866e-22 4.4080e-23
1.0260e+03 1.7597e-22 4.9398e-25 1.0840e-25 1.5440e-24 1.7022e-22 4.4572e-23
1.0350e+03 1.7761e-22 4.8543e-25 1.7760e-25 1.5340e-24 1.7180e-22 4.5016e-23
1.0450e+03 1.7929e-22 4.7618e-25 2.3670e-24 1.5240e-24 1.7339e-22 4.5512e-23
1.0540e+03 1.8094e-22 4.6808e-25 1.6360e-25 1.5140e-24 1.7500e-22 4.5959e-23
1.0640e+03 1.8263e-22 4.5933e-25 1.2040e-25 1.5040e-24 1.7662e-22 4.6458e-23
1.0740e+03 1.8434e-22 4.5081e-25 1.1830e-25 1.4940e-24 1.7825e-22 4.6959e-23
1.0840e+03 1.8606e-22 4.4253e-25 1.2760e-25 1.4840e-24 1.7990e-22 4.7461e-23
1.0940e+03 1.8780e-22 4.3448e-25 1.4480e-25 1.4740e-24 1.8157e-22 4.7966e-23
1.1040e+03 1.8956e-22 4.2664e-25 1.7200e-25 1.4650e-24 1.8325e-22 4.8472e-23
1.1140e+03 1.9133e-22 4.1902e-25 2.1620e-25 1.4550e-24 1.8495e-22 4.8980e-23
1.1250e+03 1.9313e-22 4.1086e-25 2.9710e-25 1.4460e-24 1.8666e-22 4.9541e-23
1.1350e+03 1.9493e-22 4.0366e-25 4.8770e-25 1.4360e-24 1.8839e-22 5.0053e-23
1.1460e+03 1.9677e-22 3.9594e-25 1.4520e-24 1.4270e-24 1.9013e-22 5.0618e-23
1.1560e+03 1.9860e-22 3.8912e-25 1.4020e-24 1.4170e-24 1.9189e-22 5.1134e-23
1.1670e+03 2.0046e-22 3.8182e-25 4.6540e-25 1.4080e-24 1.9367e-22 5.1704e-23
1.1780e+03 2.0234e-22 3.7473e-25 2.7680e-25 1.3980e-24 1.9546e-22 5.2276e-23
1.1890e+03 2.0424e-22 3.6782e-25 1.9610e-25 1.3890e-24 1.9727e-22 5.2851e-23
1.2000e+03 2.0615e-22 3.6111e-25 1.5140e-25 1.3800e-24 1.9910e-22 5.3428e-23
1.2110e+03 2.0808e-22 3.5458e-25 1.2310e-25 1.3710e-24 2.0094e-22 5.4007e-23
1.2220e+03 2.1003e-22 3.4823e-25 1.0360e-25 1.3620e-24 2.0281e-22 5.4589e-23
1.2330e+03 2.1199e-22 3.4204e-25 8.9510e-26 1.3530e-24 2.0468e-22 5.5173e-23
1.2450e+03 2.1399e-22 3.3548e-25 7.8810e-26 1.3440e-24 2.0658e-22 5.5813e-23
1.2560e+03 2.1599e-22 3.2963e-25 7.0480e-26 1.3350e-24 2.0849e-22 5.6402e-23
1.2680e+03 2.1802e-22 3.2342e-25 6.3840e-26 1.3260e-24 2.1042e-22 5.7048e-23
1.2800e+03 2.2007e-22 3.1738e-25 5.8450e-26 1.3170e-24 2.1237e-22 5.7696e-23
1.2920e+03 2.2214e-22 3.1151e-25 5.4030e-26 1.3090e-24 2.1434e-22 5.8347e-23
1.3040e+03 2.2423e-22 3.0581e-25 5.0380e-26 1.3000e-24 2.1632e-22 5.9002e-23
1.3160e+03 2.2633e-22 3.0026e-25 4.7340e-26 1.2920e-24 2.1833e-22 5.9659e-23
1.3280e+03 2.2846e-22 2.9485e-25 4.4800e-26 1.2830e-24 2.2035e-22 6.0320e-23
1.3400e+03 2.3060e-22 2.8960e-25 4.2700e-26 1.2740e-24 2.2239e-22 6.0983e-23
1.3520e+03 2.3276e-22 2.8448e-25 4.0960e-26 1.2660e-24 2.2445e-22 6.1650e-23
1.3650e+03 2.3496e-22 2.7909e-25 3.9560e-26 1.2580e-24 2.2653e-22 6.2375e-23
1.3780e+03 2.3718e-22 2.7385e-25 3.8440e-26 1.2490e-24 2.2862e-22 6.3104e-23
1.3900e+03 2.3940e-22 2.6914e-25 3.7600e-26 1.2410e-24 2.3074e-22 6.3781e-23
1.4030e+03 2.4165e-22 2.6417e-25 3.7030e-26 1.2330e-24 2.3288e-22 6.4517e-23
1.4160e+03 2.4393e-22 2.5934e-25 3.6700e-26 1.2250e-24 2.3504e-22 6.5256e-23
1.4290e+03 2.4623e-22 2.5465e-25 3.6630e-26 1.2170e-24 2.3721e-22 6.6000e-23
1.4430e+03 2.4856e-22 2.4973e-25 3.6820e-26 1.2080e-24 2.3941e-22 6.6805e-23
1.4560e+03 2.5090e-22 2.4529e-25 3.7300e-26 1.2000e-24 2.4163e-22 6.7556e-23
1.4690e+03 2.5325e-22 2.4097e-25 3.8080e-26 1.1930e-24 2.4386e-22 6.8311e-23
1.4830e+03 2.5565e-22 2.3644e-25 3.9220e-26 1.1850e-24 2.4612e-22 6.9128e-23
1.4970e+03 2.5807e-22 2.3204e-25 4.0770e-26 1.1770e-24 2.4840e-22 6.9950e-23
1.5110e+03 2.6050e-22 2.2776e-25 4.2820e-26 1.1690e-24 2.5070e-22 7.0776e-23
1.5250e+03 2.6296e-22 2.2360e-25 4.5510e-26 1.1610e-24 2.5302e-22 7.1607e-23
1.5390e+03 2.6545e-22 2.1955e-25 4.9010e-26 1.1540e-24 2.5537e-22 7.2442e-23
1.5530e+03 2.6795e-22 2.1561e-25 5.3620e-26 1.1460e-24 2.5773e-22 7.3281e-23
1.5670e+03 2.7048e-22 2.1177e-25 5.9820e-26 1.1380e-24 2.6012e-22 7.4126e-23
1.5820e+03 2.7304e-22 2.0777e-25 6.8390e-26 1.1310e-24 2.6253e-22 7.5035e-23
1.5970e+03 2.7563e-22 2.0389e-25 8.0810e-26 1.1230e-24 2.6496e-22 7.5950e-23
1.6110e+03 2.7823e-22 2.0036e-25 1.0010e-25 1.1160e-24 2.6741e-22 7.6808e-23
1.6260e+03 2.8086e-22 1.9668e-25 1.3380e-25 1.1080e-24 2.6989e-22 7.7733e-23
1.6410e+03 2.8352e-22 1.9310e-25 2.0650e-25 1.1010e-24 2.7239e-22 7.8663e-23
1.6570e+03 2.8622e-22 1.8939e-25 4.7330e-25 1.0940e-24 2.7491e-22 7.9661e-23
1.6720e+03 2.8893e-22 1.8601e-25 1.4190e-24 1.0870e-24 2.7746e-22 8.0603e-23
1.6870e+03 2.9166e-22 1.8271e-25 2.7800e-25 1.0790e-24 2.8003e-22 8.1549e-23
1.7030e+03 2.9444e-22 1.7930e-25 1.5270e-25 1.0720e-24 2.8262e-22 8.2565e-23
1.7190e+03 2.9724e-22 1.7598e-25 1.0480e-25 1.0650e-24 2.8524e-22 8.3587e-23
1.7350e+03 3.0006e-22 1.7274e-25 7.9600e-26 1.0580e-24 2.8788e-22 8.4616e-23
1.7510e+03 3.0291e-22 1.6960e-25 6.4130e-26 1.0510e-24 2.9055e-22 8.5650e-23
1.7670e+03 3.0578e-22 1.6654e-25 5.3730e-26 1.0440e-24 2.9324e-22 8.6691e-23
1.7830e+03 3.0869e-22 1.6357e-25 4.6310e-26 1.0370e-24 2.9595e-22 8.7738e-23
1.8000e+03 3.1163e-22 1.6049e-25 4.0800e-26 1.0300e-24 2.9869e-22 8.8858e-23
1.8170e+03 3.1461e-22 1.5750e-25 3.6590e-26 1.0240e-24 3.0146e-22 8.9984e-23
1.8330e+03 3.1759e-22 1.5477e-25 3.3330e-26 1.0170e-24 3.0425e-22 9.1051e-23
1.8500e+03 3.2061e-22 1.5194e-25 3.0780e-26 1.0100e-24 3.0707e-22 9.2192e-23
1.8680e+03 3.2369e-22 1.4902e-25 2.8830e-26 1.0030e-24 3.0991e-22 9.3408e-23
1.8850e+03 3.2677e-22 1.4635e-25 2.7400e-26 9.9670e-25 3.1278e-22 9.4564e-23
1.9020e+03 3.2988e-22 1.4374e-25 2.6500e-26 9.9020e-25 3.1568e-22 9.5727e-23
1.9200e+03 3.3304e-22 1.4106e-25 2.6240e-26 9.8360e-25 3.1860e-22 9.6967e-23
1.9380e+03 3.3622e-22 1.3845e-25 2.6990e-26 9.7710e-25 3.2156e-22 9.8215e-23
1.9560e+03 3.3944e-22 1.3591e-25 2.9800e-26 9.7070e-25 3.2453e-22 9.9471e-23
1.9740e+03 3.4268e-22 1.3345e-25 3.8340e-26 9.6430e-25 3.2754e-22 1.0074e-22
1.9920e+03 3.4596e-22 1.3105e-25 7.4580e-26 9.5790e-25 3.3057e-22 1.0201e-22
2.0100e+03 3.4926e-22 1.2871e-25 4.0910e-25 9.5160e-25 3.3363e-22 1.0329e-22
2.0290e+03 3.5261e-22 1.2631e-25 6.1380e-26 9.4530e-25 3.3672e-22 1.0465e-22
2.0480e+03 3.5600e-22 1.2398e-25 3.9390e-26 9.3910e-25 3.3984e-22 1.0602e-22
2.0670e+03 3.5942e-22 1.2171e-25 3.2950e-26 9.3290e-25 3.4299e-22 1.0741e-22
2.0860e+03 3.6286e-22 1.1950e-25 3.0770e-26 9.2680e-25 3.4617e-22 1.0880e-22
2.1050e+03 3.6634e-22 1.1735e-25 3.0490e-26 9.2070e-25 3.4937e-22 1.1020e-22
2.1250e+03 3.6987e-22 1.1516e-25 3.1450e-26 9.1470e-25 3.5261e-22 1.1168e-22
2.1450e+03 3.7344e-22 1.1302e-25 3.3520e-26 9.0860e-25 3.5587e-22 1.1318e-22
2.1640e+03 3.7701e-22 1.1104e-25 3.6890e-26 9.0270e-25 3.5917e-22 1.1461e-22
2.1840e+03 3.8064e-22 1.0902e-25 4.2080e-26 8.9670e-25 3.6250e-22 1.1612e-22
2.2050e+03 3.8433e-22 1.0695e-25 5.0250e-26 8.9090e-25 3.6585e-22 1.1773e-22
2.2250e+03 3.8803e-22 1.0504e-25 6.4080e-26 8.8500e-25 3.6924e-22 1.1926e-22
2.2460e+03 3.9178e-22 1.0308e-25 9.1340e-26 8.7920e-25 3.7266e-22 1.2089e-22
2.2660e+03 3.9555e-22 1.0127e-25 1.6690e-25 8.7340e-25 3.7611e-22 1.2245e-22
2.2870e+03 3.9937e-22 9.9419e-26 1.2530e-24 8.6770e-25 3.7960e-22 1.2410e-22
2.3090e+03 4.0325e-22 9.7534e-26 2.1840e-25 8.6200e-25 3.8311e-22 1.2584e-22
2.3300e+03 4.0715e-22 9.5784e-26 9.9180e-26 8.5640e-25 3.8666e-22 1.2752e-22
2.3520e+03 4.1110e-22 9.4000e-26 6.3850e-26 8.5080e-25 3.9024e-22 1.2929e-22
2.3730e+03 4.1507e-22 9.2344e-26 4.7040e-26 8.4520e-25 3.9386e-22 1.3099e-22
2.3950e+03 4.1910e-22 9.0655e-26 3.7280e-26 8.3970e-25 3.9750e-22 1.3278e-22
2.4180e+03 4.2319e-22 8.8939e-26 3.0960e-26 8.3420e-25 4.0119e-22 1.3467e-22
2.4400e+03 4.2729e-22 8.7342e-26 2.6580e-26 8.2880e-25 4.0490e-22 1.3650e-22
2.4630e+03 4.3146e-22 8.5718e-26 2.3400e-26 8.2340e-25 4.0865e-22 1.3842e-22
2.4850e+03 4.3564e-22 8.4207e-26 2.1020e-26 8.1800e-25 4.1244e-22 1.4027e-22
2.5080e+03 4.3988e-22 8.2670e-26 1.9200e-26 8.1270e-25 4.1626e-22 1.4221e-22
2.5320e+03 4.4419e-22 8.1110e-26 1.7800e-26 8.0740e-25 4.2011e-22 1.4426e-22
2.5550e+03 4.4852e-22 7.9657e-26 1.6730e-26 8.0210e-25 4.2400e-22 1.4624e-22
2.5790e+03 4.5291e-22 7.8181e-26 1.5920e-26 7.9690e-25 4.2793e-22 1.4832e-22
2.6030e+03 4.5734e-22 7.6746e-26 1.5330e-26 7.9170e-25 4.3189e-22 1.5042e-22
2.6270e+03 4.6181e-22 7.5350e-26 1.4930e-26 7.8660e-25 4.3589e-22 1.5254e-22
2.6510e+03 4.6633e-22 7.3992e-26 1.4720e-26 7.8150e-25 4.3993e-22 1.5467e-22
2.6760e+03 4.7092e-22 7.2616e-26 1.4680e-26 7.7640e-25 4.4401e-22 1.5691e-22
2.7000e+03 4.7551e-22 7.1331e-26 1.4830e-26 7.7140e-25 4.4812e-22 1.5907e-22
2.7250e+03 4.8019e-22 7.0028e-26 1.5180e-26 7.6640e-25 4.5227e-22 1.6134e-22
2.7510e+03 4.8493e-22 6.8710e-26 1.5760e-26 7.6140e-25 4.5646e-22 1.6373e-22
2.7760e+03 4.8969e-22 6.7478e-26 1.6630e-26 7.5650e-25 4.6068e-22 1.6604e-22
2.8020e+03 4.9453e-22 6.6232e-26 1.7870e-26 7.5160e-25 4.6495e-22 1.6846e-22
2.8280e+03 4.9941e-22 6.5020e-26 1.9630e-26 7.4670e-25 4.6926e-22 1.7090e-22
2.8540e+03 5.0434e-22 6.3840e-26 2.2140e-26 7.4190e-25 4.7360e-22 1.7336e-22
2.8800e+03 5.0931e-22 6.2693e-26 2.5880e-26 7.3710e-25 4.7799e-22 1.7584e-22
2.9070e+03 5.1436e-22 6.1534e-26 3.1760e-26 7.3240e-25 4.8242e-22 1.7844e-22
2.9340e+03 5.1946e-22 6.0406e-26 4.2120e-26 7.2760e-25 4.8689e-22 1.8106e-22
2.9610e+03 5.2461e-22 5.9310e-26 6.4470e-26 7.2300e-25 4.9140e-22 1.8370e-22
2.9890e+03 5.2984e-22 5.8204e-26 1.4550e-25 7.1830e-25 4.9595e-22 1.8646e-22
3.0160e+03 5.3509e-22 5.7166e-26 4.8150e-25 7.1370e-25 5.0054e-22 1.8914e-22
3.0440e+03 5.4041e-22 5.6120e-26 8.8890e-26 7.0910e-25 5.0518e-22 1.9195e-22
3.0720e+03 5.4579e-22 5.5101e-26 4.8670e-26 7.0460e-25 5.0986e-22 1.9478e-22
3.1010e+03 5.5126e-22 5.4075e-26 3.3490e-26 7.0000e-25 5.1458e-22 1.9774e-22
3.1300e+03 5.5678e-22 5.3078e-26 2.5580e-26 6.9550e-25 5.1934e-22 2.0072e-22
3.1590e+03 5.6235e-22 5.2108e-26 2.0780e-26 6.9110e-25 5.2415e-22 2.0372e-22
3.1880e+03 5.6798e-22 5.1164e-26 1.7600e-26 6.8670e-25 5.2901e-22 2.0675e-22
3.2170e+03 5.7365e-22 5.0246e-26 1.5370e-26 6.8230e-25 5.3391e-22 2.0981e-22
3.2470e+03 5.7942e-22 4.9322e-26 1.3750e-26 6.7790e-25 5.3885e-22 2.1300e-22
3.2770e+03 5.8525e-22 4.8423e-26 1.2550e-26 6.7360e-25 5.4384e-22 2.1621e-22
3.3080e+03 5.9117e-22 4.7520e-26 1.1660e-26 6.6930e-25 5.4888e-22 2.1956e-22
3.3380e+03 5.9710e-22 4.6669e-26 1.1010e-26 6.6500e-25 5.5396e-22 2.2283e-22
3.3690e+03 6.0314e-22 4.5814e-26 1.0560e-26 6.6080e-25 5.5910e-22 2.2624e-22
3.4000e+03 6.0923e-22 4.4983e-26 1.0280e-26 6.5660e-25 5.6427e-22 2.2968e-22
3.4320e+03 6.1542e-22 4.4148e-26 1.0160e-26 6.5240e-25 5.6950e-22 2.3326e-22
3.4640e+03 6.2167e-22 4.3336e-26 1.0200e-26 6.4830e-25 5.7477e-22 2.3687e-22
3.4960e+03 6.2798e-22 4.2546e-26 1.0400e-26 6.4420e-25 5.8010e-22 2.4051e-22
3.5280e+03 6.3435e-22 4.1778e-26 1.0800e-26 6.4010e-25 5.8547e-22 2.4418e-22
3.5610e+03 6.4083e-22 4.1007e-26 1.1430e-26 6.3600e-25 5.9089e-22 2.4800e-22
3.5940e+03 6.4737e-22 4.0258e-26 1.2380e-26 6.3200e-25 5.9637e-22 2.5185e-22
3.6270e+03 6.5397e-22 3.9528e-26 1.3770e-26 6.2800e-25 6.0189e-22 2.5574e-22
3.6610e+03 6.6068e-22 3.8798e-26 1.5870e-26 6.2400e-25 6.0746e-22 2.5977e-22
3.6950e+03 6.6746e-22 3.8087e-26 1.9160e-26 6.2010e-25 6.1309e-22 2.6385e-22
3.7290e+03 6.7430e-22 3.7395e-26 2.4840e-26 6.1620e-25 6.1877e-22 2.6796e-22
3.7630e+03 6.8121e-22 3.6723e-26 3.6510e-26 6.1230e-25 6.2450e-22 2.7210e-22
3.7980e+03 6.8823e-22 3.6049e-26 7.2680e-26 6.0840e-25 6.3028e-22 2.7641e-22
3.8330e+03 6.9532e-22 3.5394e-26 2.2540e-24 6.0460e-25 6.3612e-22 2.8075e-22
3.8690e+03 7.0253e-22 3.4738e-26 6.6560e-26 6.0080e-25 6.4201e-22 2.8525e-22
3.9050e+03 7.0981e-22 3.4101e-26 3.3580e-26 5.9700e-25 6.4796e-22 2.8980e-22
3.9410e+03 7.1717e-22 3.3480e-26 2.2470e-26 5.9330e-25 6.5396e-22 2.9438e-22
3.9770e+03 7.2459e-22 3.2877e-26 1.6960e-26 5.8960e-25 6.6002e-22 2.9901e-22
4.0140e+03 7.3214e-22 3.2274e-26 1.3700e-26 5.8590e-25 6.6613e-22 3.0380e-22
4.0510e+03 7.3976e-22 3.1687e-26 1.1600e-26 5.8220e-25 6.7230e-22 3.0864e-22
4.0890e+03 7.4751e-22 3.1101e-26 1.0150e-26 5.7860e-25 6.7853e-22 3.1365e-22
4.1270e+03 7.5534e-22 3.0531e-26 9.1290e-27 5.7500e-25 6.8481e-22 3.1871e-22
4.1650e+03 7.6325e-22 2.9976e-26 8.4000e-27 5.7140e-25 6.9116e-22 3.2381e-22
4.2040e+03 7.7129e-22 2.9422e-26 7.8900e-27 5.6780e-25 6.9756e-22 3.2909e-22
4.2430e+03 7.7941e-22 2.8884e-26 7.5530e-27 5.6430e-25 7.0402e-22 3.3442e-22
4.2820e+03 7.8761e-22 2.8360e-26 7.3670e-27 5.6080e-25 7.1054e-22 3.3980e-22
4.3220e+03 7.9595e-22 2.7838e-26 7.3210e-27 5.5730e-25 7.1712e-22 3.4537e-22
4.3620e+03 8.0437e-22 2.7330e-26 7.4180e-27 5.5380e-25 7.2376e-22 3.5098e-22
4.4020e+03 8.1288e-22 2.6835e-26 7.6750e-27 5.5040e-25 7.3047e-22 3.5664e-22
4.4430e+03 8.2153e-22 2.6342e-26 8.1280e-27 5.4700e-25 7.3723e-22 3.6250e-22
4.4840e+03 8.3027e-22 2.5863e-26 8.8410e-27 5.4360e-25 7.4406e-22 3.6841e-22
4.5250e+03 8.3910e-22 2.5396e-26 9.9360e-27 5.4020e-25 7.5095e-22 3.7438e-22
4.5670e+03 8.4808e-22 2.4931e-26 1.1650e-26 5.3690e-25 7.5791e-22 3.8054e-22
4.6100e+03 8.5721e-22 2.4468e-26 1.4500e-26 5.3360e-25 7.6493e-22 3.8691e-22
4.6520e+03 8.6637e-22 2.4028e-26 1.9870e-26 5.3030e-25 7.7201e-22 3.9318e-22
4.6950e+03 8.7568e-22 2.3590e-26 3.3110e-26 5.2700e-25 7.7916e-22 3.9966e-22
4.7390e+03 8.8516e-22 2.3154e-26 1.1120e-25 5.2380e-25 7.8638e-22 4.0636e-22
4.7830e+03 8.9474e-22 2.2730e-26 7.7160e-26 5.2060e-25 7.9366e-22 4.1311e-22
4.8270e+03 9.0441e-22 2.2318e-26 2.8350e-26 5.1740e-25 8.0101e-22 4.1992e-22
4.8720e+03 9.1425e-22 2.1907e-26 1.7380e-26 5.1420e-25 8.0843e-22 4.2695e-22
4.9170e+03 9.2419e-22 2.1508e-26 1.2600e-26 5.1110e-25 8.1592e-22 4.3405e-22
4.9620e+03 9.3423e-22 2.1120e-26 9.9690e-27 5.0790e-25 8.2348e-22 4.4121e-22
5.0080e+03 9.4444e-22 2.0734e-26 8.3380e-27 5.0480e-25 8.3110e-22 4.4859e-22
5.0550e+03 9.5484e-22 2.0350e-26 7.2590e-27 5.0180e-25 8.3880e-22 4.5621e-22
5.1020e+03 9.6534e-22 1.9977e-26 6.5230e-27 4.9870e-25 8.4657e-22 4.6389e-22
5.1490e+03 9.7594e-22 1.9614e-26 6.0210e-27 4.9570e-25 8.5441e-22 4.7164e-22
5.1970e+03 9.8674e-22 1.9253e-26 5.6930e-27 4.9260e-25 8.6232e-22 4.7963e-22
5.2450e+03 9.9764e-22 1.8902e-26 5.5080e-27 4.8960e-25 8.7031e-22 4.8769e-22
5.2930e+03 1.0087e-21 1.8561e-26 5.4520e-27 4.8670e-25 8.7837e-22 4.9583e-22
5.3420e+03 1.0199e-21 1.8222e-26 5.5240e-27 4.8370e-25 8.8651e-22 5.0421e-22
5.3920e+03 1.0313e-21 1.7886e-26 5.7390e-27 4.8080e-25 8.9472e-22 5.1283e-22
5.4420e+03 1.0428e-21 1.7558e-26 6.1340e-27 4.7790e-25 9.0301e-22 5.2154e-22
5.4920e+03 1.0544e-21 1.7240e-26 6.7780e-27 4.7500e-25 9.1137e-22 5.3033e-22
5.5430e+03 1.0663e-21 1.6924e-26 7.8090e-27 4.7210e-25 9.1981e-22 5.3937e-22
5.5940e+03 1.0783e-21 1.6617e-26 9.5250e-27 4.6930e-25 9.2833e-22 5.4850e-22
5.6460e+03 1.0904e-21 1.6313e-26 1.2690e-26 4.6640e-25 9.3693e-22 5.5789e-22
5.6980e+03 1.1028e-21 1.6016e-26 1.9960e-26 4.6360e-25 9.4561e-22 5.6736e-22
5.7510e+03 1.1153e-21 1.5722e-26 5.1310e-26 4.6090e-25 9.5437e-22 5.7711e-22
5.8040e+03 1.1279e-21 1.5436e-26 8.0710e-26 4.5810e-25 9.6320e-22 5.8694e-22
5.8580e+03 1.1408e-21 1.5153e-26 2.2300e-26 4.5530e-25 9.7213e-22 5.9706e-22
5.9130e+03 1.1540e-21 1.4873e-26 1.2950e-26 4.5260e-25 9.8113e-22 6.0745e-22
5.9670e+03 1.1671e-21 1.4605e-26 9.2010e-27 4.4990e-25 9.9022e-22 6.1775e-22
6.0230e+03 1.1806e-21 1.4334e-26 7.2170e-27 4.4720e-25 9.9939e-22 6.2853e-22
6.0780e+03 1.1941e-21 1.4076e-26 6.0220e-27 4.4450e-25 1.0086e-21 6.3921e-22
6.1350e+03 1.2080e-21 1.3816e-26 5.2540e-27 4.4190e-25 1.0180e-21 6.5038e-22
6.1910e+03 1.2219e-21 1.3567e-26 4.7490e-27 4.3920e-25 1.0274e-21 6.6145e-22
6.2490e+03 1.2362e-21 1.3316e-26 4.4240e-27 4.3660e-25 1.0369e-21 6.7303e-22
6.3070e+03 1.2506e-21 1.3072e-26 4.2390e-27 4.3400e-25 1.0465e-21 6.8471e-22
6.3650e+03 1.2652e-21 1.2835e-26 4.1740e-27 4.3150e-25 1.0562e-21 6.9650e-22
6.4240e+03 1.2800e-21 1.2601e-26 4.2250e-27 4.2890e-25 1.0660e-21 7.0861e-22
6.4840e+03 1.2952e-21 1.2369e-26 4.4060e-27 4.2640e-25 1.0759e-21 7.2103e-22
6.5440e+03 1.3104e-21 1.2143e-26 4.7540e-27 4.2380e-25 1.0859e-21 7.3357e-22
6.6040e+03 1.3258e-21 1.1923e-26 5.3400e-27 4.2130e-25 1.0959e-21 7.4622e-22
6.6650e+03 1.3415e-21 1.1706e-26 6.3240e-27 4.1880e-25 1.1061e-21 7.5920e-22
6.7270e+03 1.3575e-21 1.1491e-26 8.0840e-27 4.1640e-25 1.1163e-21 7.7251e-22
6.7890e+03 1.3737e-21 1.1282e-26 1.1780e-26 4.1390e-25 1.1266e-21 7.8594e-22
6.8520e+03 1.3901e-21 1.1076e-26 2.3420e-26 4.1150e-25 1.1371e-21 7.9972e-22
6.9160e+03 1.4069e-21 1.0872e-26 5.6020e-25 4.0910e-25 1.1476e-21 8.1385e-22
6.9800e+03 1.4238e-21 1.0673e-26 2.1090e-26 4.0660e-25 1.1582e-21 8.2810e-22
7.0440e+03 1.4409e-21 1.0480e-26 1.0750e-26 4.0430e-25 1.1690e-21 8.4249e-22
7.1100e+03 1.4585e-21 1.0286e-26 7.2820e-27 4.0190e-25 1.1798e-21 8.5746e-22
7.1760e+03 1.4762e-21 1.0098e-26 5.5830e-27 3.9950e-25 1.1907e-21 8.7257e-22
7.2420e+03 1.4941e-21 9.9149e-27 4.6070e-27 3.9720e-25 1.2017e-21 8.8782e-22
7.3090e+03 1.5124e-21 9.7339e-27 4.0020e-27 3.9490e-25 1.2129e-21 9.0345e-22
7.3770e+03 1.5310e-21 9.5553e-27 3.6210e-27 3.9260e-25 1.2241e-21 9.1945e-22
7.4450e+03 1.5497e-21 9.3815e-27 3.3920e-27 3.9030e-25 1.2355e-21 9.3560e-22
7.5140e+03 1.5689e-21 9.2100e-27 3.2830e-27 3.8800e-25 1.2469e-21 9.5214e-22
7.5840e+03 1.5883e-21 9.0408e-27 3.2820e-27 3.8580e-25 1.2584e-21 9.6907e-22
7.6540e+03 1.6080e-21 8.8762e-27 3.3940e-27 3.8350e-25 1.2701e-21 9.8616e-22
7.7250e+03 1.6280e-21 8.7138e-27 3.6450e-27 3.8130e-25 1.2819e-21 1.0036e-21
7.7960e+03 1.6483e-21 8.5558e-27 4.0950e-27 3.7910e-25 1.2937e-21 1.0213e-21
7.8690e+03 1.6690e-21 8.3978e-27 4.8800e-27 3.7690e-25 1.3057e-21 1.0396e-21
7.9410e+03 1.6899e-21 8.2462e-27 6.3390e-27 3.7470e-25 1.3178e-21 1.0579e-21
8.0150e+03 1.7113e-21 8.0946e-27 9.6060e-27 3.7250e-25 1.3300e-21 1.0768e-21
8.0890e+03 1.7328e-21 7.9472e-27 2.1910e-26 3.7040e-25 1.3423e-21 1.0959e-21
8.1640e+03 1.7548e-21 7.8018e-27 6.3080e-26 3.6830e-25 1.3548e-21 1.1154e-21
8.2400e+03 1.7772e-21 7.6586e-27 1.2740e-26 3.6610e-25 1.3673e-21 1.1353e-21
8.3160e+03 1.7999e-21 7.5192e-27 7.1270e-27 3.6400e-25 1.3800e-21 1.1555e-21
8.3930e+03 1.8229e-21 7.3819e-27 5.0170e-27 3.6190e-25 1.3928e-21 1.1761e-21
8.4710e+03 1.8464e-21 7.2466e-27 3.9450e-27 3.5990e-25 1.4057e-21 1.1972e-21
8.5490e+03 1.8701e-21 7.1150e-27 3.3250e-27 3.5780e-25 1.4187e-21 1.2184e-21
8.6290e+03 1.8944e-21 6.9836e-27 2.9500e-27 3.5580e-25 1.4318e-21 1.2404e-21
8.7080e+03 1.9188e-21 6.8575e-27 2.7310e-27 3.5370e-25 1.4451e-21 1.2624e-21
8.7890e+03 1.9438e-21 6.7317e-27 2.6270e-27 3.5170e-25 1.4585e-21 1.2851e-21
8.8700e+03 1.9691e-21 6.6093e-27 2.6230e-27 3.4970e-25 1.4720e-21 1.3080e-21
8.9530e+03 1.9951e-21 6.4873e-27 2.7250e-27 3.4770e-25 1.4856e-21 1.3316e-21
9.0360e+03 2.0213e-21 6.3687e-27 2.9590e-27 3.4570e-25 1.4994e-21 1.3555e-21
9.1190e+03 2.0478e-21 6.2533e-27 3.3920e-27 3.4380e-25 1.5133e-21 1.3797e-21
9.2040e+03 2.0750e-21 6.1383e-27 4.1860e-27 3.4180e-25 1.5273e-21 1.4046e-21
9.2890e+03 2.1024e-21 6.0265e-27 5.8070e-27 3.3990e-25 1.5414e-21 1.4298e-21
9.3750e+03 2.1304e-21 5.9164e-27 1.0290e-26 3.3790e-25 1.5557e-21 1.4555e-21
9.4620e+03 2.1589e-21 5.8081e-27 6.0630e-26 3.3600e-25 1.5701e-21 1.4817e-21
9.5490e+03 2.1876e-21 5.7028e-27 1.4940e-26 3.3410e-25 1.5847e-21 1.5082e-21
9.6380e+03 2.2171e-21 5.5980e-27 6.6600e-27 3.3220e-25 1.5993e-21 1.5355e-21
9.7270e+03 2.2469e-21 5.4960e-27 4.3480e-27 3.3040e-25 1.6141e-21 1.5631e-21
9.8170e+03 2.2773e-21 5.3957e-27 3.2960e-27 3.2850e-25 1.6291e-21 1.5913e-21
9.9080e+03 2.3082e-21 5.2970e-27 2.7240e-27 3.2670e-25 1.6442e-21 1.6200e-21
1.0000e+04 2.3396e-21 5.2000e-27 2.3930e-27 3.2480e-25 1.6594e-21 1.6493e-21
