1.000000e+00 7.775300e-16
1.009300e+00 7.226000e-16
1.018600e+00 6.715700e-16
1.028000e+00 6.241400e-16
1.037600e+00 5.800700e-16
1.047200e+00 5.391200e-16
1.056900e+00 5.010700e-16
1.066700e+00 4.657000e-16
1.076500e+00 4.328400e-16
1.086500e+00 4.023000e-16
1.096600e+00 3.739200e-16
1.106700e+00 3.475500e-16
1.117000e+00 3.230400e-16
1.127300e+00 3.002700e-16
1.137800e+00 2.791000e-16
1.148300e+00 2.594300e-16
1.158900e+00 2.411500e-16
1.169700e+00 2.241600e-16
1.180500e+00 2.083700e-16
1.191500e+00 1.937000e-16
1.202500e+00 1.800600e-16
1.213600e+00 1.673800e-16
1.224900e+00 1.556000e-16
1.236200e+00 1.446500e-16
1.247700e+00 1.344800e-16
1.259200e+00 1.250200e-16
1.270900e+00 1.162300e-16
1.282600e+00 1.080600e-16
1.294500e+00 1.004600e-16
1.306500e+00 9.340100e-17
1.318600e+00 8.683900e-17
1.330800e+00 8.074000e-17
1.343200e+00 7.507100e-17
1.355600e+00 6.980100e-17
1.368200e+00 6.490200e-17
1.380800e+00 6.034900e-17
1.393600e+00 5.611600e-17
1.406500e+00 5.218100e-17
1.419600e+00 4.852300e-17
1.432700e+00 4.512200e-17
1.446000e+00 4.196100e-17
1.459400e+00 3.902200e-17
1.472900e+00 3.629000e-17
1.486500e+00 3.374900e-17
1.500300e+00 3.138800e-17
1.514200e+00 2.919200e-17
1.528200e+00 2.715100e-17
1.542400e+00 2.525300e-17
1.556700e+00 2.348800e-17
1.571100e+00 2.184700e-17
1.585600e+00 2.032200e-17
1.600300e+00 1.890300e-17
1.615100e+00 1.758400e-17
1.630100e+00 1.635700e-17
1.645200e+00 1.521700e-17
1.660400e+00 1.415600e-17
1.675800e+00 1.317000e-17
1.691300e+00 1.225200e-17
1.707000e+00 1.139900e-17
1.722800e+00 1.060600e-17
1.738800e+00 9.868500e-18
1.754900e+00 9.182400e-18
1.771100e+00 8.544300e-18
1.787500e+00 7.950900e-18
1.804100e+00 7.399100e-18
1.820800e+00 6.886300e-18
1.837700e+00 6.410300e-18
1.854700e+00 5.972500e-18
1.871900e+00 5.679900e-18
1.889200e+00 5.217300e-18
1.906700e+00 4.815400e-18
1.924400e+00 4.477900e-18
1.942200e+00 4.166900e-18
1.960200e+00 3.878300e-18
1.978300e+00 3.610000e-18
1.996600e+00 3.360600e-18
2.015100e+00 3.128500e-18
2.033800e+00 2.912600e-18
2.052600e+00 2.711700e-18
2.071600e+00 2.524800e-18
2.090800e+00 2.350900e-18
2.110200e+00 2.189100e-18
2.129700e+00 2.038500e-18
2.149500e+00 1.898300e-18
2.169400e+00 1.767900e-18
2.189500e+00 1.646500e-18
2.209800e+00 1.533500e-18
2.230200e+00 1.428300e-18
2.250900e+00 1.330400e-18
2.271700e+00 1.239300e-18
2.292800e+00 1.154400e-18
2.314000e+00 1.075500e-18
2.335400e+00 1.001900e-18
2.357100e+00 9.335000e-19
2.378900e+00 8.697700e-19
2.400900e+00 8.104400e-19
2.423200e+00 7.551900e-19
2.445600e+00 7.037400e-19
2.468300e+00 6.558400e-19
2.491100e+00 6.112300e-19
2.514200e+00 5.696800e-19
2.537500e+00 5.309800e-19
2.561000e+00 4.949500e-19
2.584700e+00 4.613800e-19
2.608700e+00 4.301100e-19
2.632800e+00 4.009900e-19
2.657200e+00 3.738600e-19
2.681800e+00 3.485800e-19
2.706700e+00 3.250400e-19
2.731700e+00 3.031000e-19
2.757000e+00 2.826600e-19
2.782600e+00 2.636100e-19
2.808300e+00 2.458700e-19
2.834300e+00 2.293300e-19
2.860600e+00 2.139100e-19
2.887100e+00 1.995500e-19
2.913800e+00 1.861600e-19
2.940800e+00 1.736800e-19
2.968100e+00 1.620500e-19
2.995500e+00 1.512100e-19
3.023300e+00 1.411000e-19
3.051300e+00 1.316800e-19
3.079600e+00 1.228900e-19
3.108100e+00 1.147000e-19
3.136900e+00 1.070600e-19
3.165900e+00 9.994200e-20
3.195200e+00 9.330000e-20
3.224800e+00 8.710500e-20
3.254700e+00 8.132800e-20
3.284900e+00 7.594000e-20
3.315300e+00 7.091400e-20
3.346000e+00 6.622600e-20
3.377000e+00 6.185200e-20
3.408300e+00 5.777200e-20
3.439800e+00 5.396500e-20
3.471700e+00 5.041400e-20
3.503800e+00 4.709900e-20
3.536300e+00 4.400700e-20
3.569000e+00 4.112100e-20
3.602100e+00 3.842700e-20
3.635500e+00 3.591400e-20
3.669100e+00 3.356700e-20
3.703100e+00 3.137700e-20
3.737400e+00 2.933300e-20
3.772000e+00 2.742500e-20
3.807000e+00 2.564300e-20
3.842200e+00 2.397900e-20
3.877800e+00 2.242600e-20
3.913700e+00 2.097600e-20
3.950000e+00 1.962200e-20
3.986600e+00 1.835700e-20
4.023500e+00 1.717600e-20
4.060800e+00 1.607300e-20
4.098400e+00 1.504300e-20
4.136300e+00 1.408100e-20
4.174700e+00 1.318200e-20
4.213300e+00 1.234200e-20
4.252300e+00 1.155800e-20
4.291700e+00 1.082500e-20
4.331500e+00 1.014100e-20
4.371600e+00 9.501000e-21
4.412100e+00 8.903400e-21
4.453000e+00 8.345100e-21
4.494200e+00 7.823400e-21
4.535800e+00 7.335900e-21
4.577800e+00 6.880400e-21
4.620200e+00 6.454800e-21
4.663000e+00 6.057000e-21
4.706200e+00 5.685300e-21
4.749800e+00 5.337900e-21
4.793800e+00 5.013300e-21
4.838200e+00 4.709900e-21
4.883000e+00 4.426300e-21
4.928200e+00 4.161400e-21
4.973900e+00 3.913700e-21
5.020000e+00 3.682300e-21
5.066500e+00 3.466100e-21
5.113400e+00 3.263900e-21
5.160700e+00 3.075000e-21
5.208500e+00 2.898500e-21
5.256800e+00 2.733500e-21
5.305500e+00 2.579400e-21
5.354600e+00 2.435300e-21
5.404200e+00 2.300600e-21
5.454300e+00 2.174800e-21
5.504800e+00 2.057200e-21
5.555800e+00 1.947300e-21
5.607200e+00 1.844600e-21
5.659200e+00 1.748500e-21
5.711600e+00 1.658800e-21
5.764500e+00 1.574900e-21
5.817900e+00 1.496400e-21
5.871800e+00 1.423100e-21
5.926200e+00 1.354500e-21
5.981000e+00 1.290400e-21
6.036400e+00 1.230300e-21
6.092300e+00 1.174200e-21
6.148800e+00 1.121600e-21
6.205700e+00 1.072400e-21
6.263200e+00 1.026300e-21
6.321200e+00 9.830300e-22
6.379800e+00 9.425100e-22
6.438900e+00 9.045000e-22
6.498500e+00 8.688200e-22
6.558700e+00 8.353100e-22
6.619400e+00 8.038200e-22
6.680700e+00 7.742000e-22
6.742600e+00 7.463200e-22
6.805100e+00 7.200600e-22
6.868100e+00 6.953000e-22
6.931700e+00 6.719300e-22
6.995900e+00 6.498600e-22
7.060700e+00 6.290000e-22
7.126100e+00 6.092500e-22
7.192100e+00 5.905500e-22
7.258700e+00 5.728100e-22
7.326000e+00 5.559800e-22
7.393800e+00 5.399900e-22
7.462300e+00 5.247800e-22
7.531400e+00 5.103000e-22
7.601200e+00 4.965000e-22
7.671600e+00 4.833500e-22
7.742600e+00 4.707900e-22
7.814400e+00 4.587900e-22
7.886700e+00 4.473200e-22
7.959800e+00 4.363500e-22
8.033500e+00 4.207500e-22
8.107900e+00 4.103800e-22
8.183000e+00 4.003900e-22
8.258800e+00 3.907800e-22
8.335300e+00 3.815300e-22
8.412500e+00 3.726100e-22
8.490400e+00 3.640100e-22
8.569100e+00 3.557000e-22
8.648400e+00 3.476900e-22
8.728500e+00 3.399400e-22
8.809400e+00 3.324700e-22
8.891000e+00 3.252300e-22
8.973300e+00 3.182500e-22
9.056400e+00 3.114900e-22
9.140300e+00 3.049500e-22
9.225000e+00 2.986400e-22
9.310400e+00 2.925300e-22
9.396600e+00 2.866300e-22
9.483700e+00 2.809400e-22
9.571500e+00 2.754500e-22
9.660200e+00 2.701600e-22
9.749600e+00 2.650700e-22
9.840000e+00 2.601900e-22
9.931100e+00 2.555100e-22
1.002300e+01 2.510600e-22
1.011600e+01 2.461000e-22
1.021000e+01 2.412400e-22
1.030400e+01 2.365200e-22
1.040000e+01 2.318400e-22
1.049600e+01 2.272900e-22
1.059300e+01 2.228200e-22
1.069100e+01 2.184400e-22
1.079000e+01 2.141400e-22
1.089000e+01 2.099200e-22
1.099100e+01 2.057800e-22
1.109300e+01 2.017200e-22
1.119600e+01 1.977400e-22
1.129900e+01 1.938700e-22
1.140400e+01 1.900400e-22
1.151000e+01 1.862900e-22
1.161600e+01 1.826400e-22
1.172400e+01 1.790300e-22
1.183200e+01 1.755300e-22
1.194200e+01 1.720600e-22
1.205300e+01 1.686600e-22
1.216400e+01 1.653600e-22
1.227700e+01 1.620900e-22
1.239100e+01 1.588900e-22
1.250500e+01 1.557800e-22
1.262100e+01 1.527100e-22
1.273800e+01 1.497000e-22
1.285600e+01 1.467500e-22
1.297500e+01 1.438700e-22
1.309500e+01 1.410400e-22
1.321700e+01 1.382400e-22
1.333900e+01 1.355300e-22
1.346300e+01 1.328500e-22
1.358700e+01 1.302500e-22
1.371300e+01 1.276800e-22
1.384000e+01 1.251700e-22
1.396800e+01 1.227100e-22
1.409800e+01 1.202800e-22
1.422800e+01 1.179200e-22
1.436000e+01 1.156000e-22
1.449300e+01 1.133200e-22
1.462700e+01 1.110900e-22
1.476300e+01 1.089000e-22
1.490000e+01 1.067500e-22
1.503800e+01 1.046500e-22
1.517700e+01 1.025900e-22
1.531700e+01 1.005800e-22
1.545900e+01 9.859900e-23
1.560200e+01 9.666000e-23
1.574700e+01 9.475000e-23
1.589300e+01 9.288300e-23
1.604000e+01 9.105600e-23
1.618900e+01 8.925800e-23
1.633900e+01 8.750000e-23
1.649000e+01 8.578100e-23
1.664300e+01 8.408900e-23
1.679700e+01 8.243500e-23
1.695200e+01 8.081800e-23
1.710900e+01 7.922700e-23
1.726800e+01 7.766200e-23
1.742800e+01 7.613200e-23
1.758900e+01 7.463700e-23
1.775200e+01 7.316600e-23
1.791700e+01 7.172100e-23
1.808200e+01 7.031700e-23
1.825000e+01 6.892800e-23
1.841900e+01 6.757100e-23
1.859000e+01 6.623800e-23
1.876200e+01 6.493500e-23
1.893600e+01 6.365500e-23
1.911100e+01 6.240400e-23
1.928800e+01 6.117500e-23
1.946700e+01 5.996800e-23
1.964700e+01 5.879000e-23
1.982900e+01 5.763200e-23
2.001200e+01 5.631000e-23
2.019800e+01 5.515600e-23
2.038500e+01 5.403400e-23
2.057400e+01 5.294300e-23
2.076400e+01 5.188100e-23
2.095700e+01 5.084900e-23
2.115100e+01 4.984400e-23
2.134700e+01 4.886700e-23
2.154400e+01 4.791600e-23
2.174400e+01 4.699200e-23
2.194500e+01 4.609300e-23
2.214900e+01 4.521800e-23
2.235400e+01 4.436800e-23
2.256100e+01 4.354200e-23
2.277000e+01 4.273900e-23
2.298100e+01 4.195900e-23
2.319300e+01 4.120300e-23
2.340800e+01 4.046900e-23
2.362500e+01 3.975800e-23
2.384400e+01 3.906900e-23
2.406500e+01 3.840300e-23
2.428800e+01 3.775900e-23
2.451300e+01 3.713900e-23
2.474000e+01 3.654100e-23
2.496900e+01 3.596800e-23
2.520000e+01 3.541900e-23
2.543300e+01 3.464000e-23
2.566900e+01 3.387600e-23
2.590700e+01 3.312900e-23
2.614700e+01 3.240000e-23
2.638900e+01 3.168700e-23
2.663300e+01 3.099000e-23
2.688000e+01 3.030700e-23
2.712900e+01 2.964000e-23
2.738000e+01 2.898800e-23
2.763400e+01 2.834800e-23
2.789000e+01 2.772400e-23
2.814800e+01 2.711400e-23
2.840900e+01 2.651700e-23
2.867200e+01 2.593300e-23
2.893800e+01 2.536100e-23
2.920600e+01 2.480300e-23
2.947600e+01 2.425700e-23
2.974900e+01 2.372300e-23
3.002500e+01 2.320000e-23
3.030300e+01 2.268900e-23
3.058300e+01 2.219100e-23
3.086700e+01 2.170100e-23
3.115300e+01 2.122300e-23
3.144100e+01 2.075700e-23
3.173200e+01 2.030000e-23
3.202600e+01 1.985300e-23
3.232300e+01 1.941500e-23
3.262200e+01 1.898800e-23
3.292400e+01 1.857000e-23
3.322900e+01 1.816100e-23
3.353700e+01 1.776100e-23
3.384800e+01 1.736900e-23
3.416100e+01 1.698800e-23
3.447800e+01 1.661300e-23
3.479700e+01 1.624700e-23
3.511900e+01 1.589000e-23
3.544500e+01 1.553900e-23
3.577300e+01 1.519700e-23
3.610400e+01 1.486300e-23
3.643900e+01 1.453500e-23
3.677600e+01 1.421600e-23
3.711700e+01 1.390200e-23
3.746100e+01 1.359600e-23
3.780700e+01 1.329700e-23
3.815800e+01 1.300400e-23
3.851100e+01 1.271800e-23
3.886800e+01 1.243800e-23
3.922800e+01 1.216400e-23
3.959100e+01 1.189600e-23
3.995800e+01 1.163400e-23
4.032800e+01 1.146400e-23
4.070100e+01 1.129500e-23
4.107800e+01 1.112900e-23
4.145900e+01 1.096600e-23
4.184300e+01 1.080500e-23
4.223000e+01 1.064800e-23
4.262200e+01 1.049200e-23
4.301600e+01 1.033900e-23
4.341500e+01 1.018900e-23
4.381700e+01 1.004200e-23
4.422300e+01 9.897800e-24
4.463200e+01 9.755700e-24
4.504600e+01 9.616400e-24
4.546300e+01 9.479800e-24
4.588400e+01 9.346500e-24
4.630900e+01 9.215600e-24
4.673800e+01 9.087300e-24
4.717100e+01 8.961900e-24
4.760800e+01 8.839100e-24
4.804900e+01 8.718700e-24
4.849400e+01 8.601100e-24
4.894300e+01 8.486000e-24
4.939600e+01 8.373400e-24
4.985400e+01 8.263400e-24
5.031500e+01 8.155700e-24
5.078200e+01 8.050500e-24
5.125200e+01 7.947700e-24
5.172700e+01 7.847300e-24
5.220600e+01 7.749200e-24
5.268900e+01 7.653400e-24
5.317700e+01 7.559700e-24
5.367000e+01 7.468400e-24
5.416700e+01 7.379300e-24
5.466900e+01 7.292200e-24
5.517500e+01 7.207200e-24
5.568600e+01 7.124300e-24
5.620200e+01 7.043400e-24
5.672200e+01 6.964600e-24
5.724800e+01 6.887700e-24
5.777800e+01 6.812600e-24
5.831300e+01 6.739500e-24
5.885300e+01 6.668200e-24
5.939800e+01 6.598700e-24
5.994800e+01 6.531000e-24
6.050400e+01 6.465000e-24
6.106400e+01 6.400700e-24
6.163000e+01 6.338100e-24
6.220000e+01 6.277200e-24
6.277700e+01 6.217800e-24
6.335800e+01 6.159900e-24
6.394500e+01 6.103600e-24
6.453700e+01 6.048700e-24
6.513500e+01 5.995400e-24
6.573800e+01 5.943500e-24
6.634700e+01 5.892900e-24
6.696200e+01 5.843800e-24
6.758200e+01 5.795900e-24
6.820800e+01 5.749400e-24
6.884000e+01 5.704200e-24
6.947700e+01 5.660200e-24
7.012100e+01 5.617400e-24
7.077000e+01 5.575800e-24
7.142600e+01 5.535400e-24
7.208700e+01 5.496100e-24
7.275500e+01 5.457900e-24
7.342900e+01 5.420800e-24
7.410900e+01 5.384700e-24
7.479500e+01 5.349600e-24
7.548800e+01 5.315600e-24
7.618700e+01 5.282400e-24
7.689300e+01 5.250400e-24
7.760500e+01 5.219100e-24
7.832400e+01 5.188900e-24
7.904900e+01 5.159500e-24
7.978100e+01 5.130900e-24
8.052000e+01 5.103300e-24
8.126600e+01 5.076300e-24
8.201900e+01 5.050300e-24
8.277900e+01 5.024900e-24
8.354500e+01 5.000300e-24
8.431900e+01 4.976600e-24
8.510000e+01 4.953400e-24
8.588800e+01 4.931000e-24
8.668400e+01 4.909300e-24
8.748700e+01 4.888200e-24
8.829700e+01 4.867800e-24
8.911500e+01 4.848100e-24
8.994000e+01 4.828900e-24
9.077300e+01 4.810300e-24
9.161400e+01 4.792300e-24
9.246300e+01 4.774900e-24
9.331900e+01 4.758000e-24
9.418300e+01 4.741800e-24
9.505600e+01 4.726000e-24
9.593600e+01 4.710700e-24
9.682500e+01 4.696000e-24
9.772100e+01 4.681700e-24
9.862700e+01 4.667900e-24
9.954000e+01 4.654700e-24
1.004600e+02 4.660100e-24
1.013900e+02 4.646300e-24
1.023300e+02 4.632900e-24
1.032800e+02 4.620000e-24
1.042400e+02 4.607500e-24
1.052000e+02 4.595400e-24
1.061800e+02 4.583700e-24
1.071600e+02 4.572400e-24
1.081500e+02 4.561500e-24
1.091500e+02 4.551100e-24
1.101600e+02 4.540900e-24
1.111800e+02 4.531100e-24
1.122100e+02 4.521700e-24
1.132500e+02 4.512600e-24
1.143000e+02 4.503900e-24
1.153600e+02 4.495500e-24
1.164300e+02 4.487400e-24
1.175100e+02 4.479700e-24
1.186000e+02 4.472200e-24
1.197000e+02 4.465100e-24
1.208000e+02 4.458200e-24
1.219200e+02 4.451700e-24
1.230500e+02 4.445500e-24
1.241900e+02 4.439600e-24
1.253400e+02 4.433900e-24
1.265000e+02 4.428600e-24
1.276800e+02 4.423500e-24
1.288600e+02 4.418800e-24
1.300500e+02 4.414300e-24
1.312600e+02 4.410000e-24
1.324700e+02 4.406100e-24
1.337000e+02 4.402500e-24
1.349400e+02 4.399100e-24
1.361900e+02 4.396100e-24
1.374500e+02 4.393400e-24
1.387200e+02 4.390900e-24
1.400100e+02 4.388700e-24
1.413000e+02 4.387000e-24
1.426100e+02 4.385500e-24
1.439300e+02 4.384300e-24
1.452700e+02 4.383500e-24
1.466100e+02 4.383200e-24
1.479700e+02 4.383200e-24
1.493400e+02 4.383700e-24
1.507200e+02 4.384700e-24
1.521200e+02 4.386200e-24
1.535300e+02 4.388400e-24
1.549500e+02 4.391300e-24
1.563800e+02 4.395200e-24
1.578300e+02 4.400100e-24
1.593000e+02 4.405800e-24
1.607700e+02 4.413800e-24
1.622600e+02 4.409100e-24
1.637600e+02 4.404500e-24
1.652800e+02 4.399800e-24
1.668100e+02 4.395200e-24
1.683600e+02 4.390500e-24
1.699100e+02 4.385900e-24
1.714900e+02 4.381300e-24
1.730800e+02 4.376700e-24
1.746800e+02 4.372100e-24
1.763000e+02 4.367400e-24
1.779300e+02 4.362800e-24
1.795800e+02 4.358200e-24
1.812400e+02 4.353600e-24
1.829200e+02 4.349100e-24
1.846100e+02 4.344500e-24
1.863200e+02 4.339900e-24
1.880500e+02 4.335300e-24
1.897900e+02 4.330800e-24
1.915500e+02 4.326200e-24
1.933200e+02 4.321600e-24
1.951100e+02 4.317100e-24
1.969200e+02 4.312500e-24
1.987500e+02 4.308000e-24
2.005900e+02 4.315600e-24
2.024400e+02 4.322800e-24
2.043200e+02 4.329900e-24
2.062100e+02 4.336800e-24
2.081200e+02 4.343700e-24
2.100500e+02 4.350600e-24
2.120000e+02 4.357300e-24
2.139600e+02 4.364100e-24
2.159400e+02 4.370900e-24
2.179400e+02 4.377800e-24
2.199600e+02 4.384800e-24
2.220000e+02 4.391800e-24
2.240500e+02 4.399000e-24
2.261300e+02 4.406300e-24
2.282200e+02 4.413700e-24
2.303400e+02 4.421200e-24
2.324700e+02 4.428800e-24
2.346200e+02 4.436600e-24
2.368000e+02 4.444700e-24
2.389900e+02 4.452700e-24
2.412000e+02 4.461100e-24
2.434400e+02 4.469600e-24
2.456900e+02 4.478200e-24
2.479700e+02 4.487100e-24
2.502600e+02 4.496100e-24
2.525800e+02 4.505300e-24
2.549200e+02 4.514800e-24
2.572800e+02 4.524300e-24
2.596700e+02 4.534200e-24
2.620700e+02 4.544200e-24
2.645000e+02 4.554500e-24
2.669500e+02 4.564900e-24
2.694200e+02 4.575500e-24
2.719200e+02 4.586400e-24
2.744300e+02 4.597600e-24
2.769800e+02 4.608900e-24
2.795400e+02 4.620500e-24
2.821300e+02 4.632300e-24
2.847400e+02 4.644300e-24
2.873800e+02 4.656600e-24
2.900400e+02 4.669200e-24
2.927300e+02 4.681900e-24
2.954400e+02 4.695000e-24
2.981800e+02 4.708300e-24
3.009400e+02 4.728000e-24
3.037300e+02 4.741500e-24
3.065400e+02 4.755400e-24
3.093800e+02 4.769500e-24
3.122400e+02 4.783900e-24
3.151400e+02 4.798600e-24
3.180600e+02 4.813500e-24
3.210000e+02 4.828800e-24
3.239700e+02 4.844400e-24
3.269700e+02 4.860300e-24
3.300000e+02 4.876600e-24
3.330600e+02 4.893100e-24
3.361400e+02 4.910000e-24
3.392600e+02 4.927200e-24
3.424000e+02 4.944800e-24
3.455700e+02 4.962700e-24
3.487700e+02 4.981000e-24
3.520000e+02 4.999700e-24
3.552600e+02 5.018900e-24
3.585500e+02 5.038500e-24
3.618700e+02 5.058500e-24
3.652300e+02 5.079200e-24
3.686100e+02 5.100400e-24
3.720200e+02 5.122500e-24
3.754700e+02 5.145400e-24
3.789500e+02 5.169600e-24
3.824600e+02 5.195600e-24
3.860000e+02 5.224100e-24
3.895700e+02 5.257000e-24
3.931800e+02 5.297900e-24
3.968200e+02 5.356400e-24
4.005000e+02 5.462500e-24
4.042100e+02 5.485700e-24
4.079500e+02 5.509000e-24
4.117300e+02 5.532400e-24
4.155500e+02 5.556000e-24
4.193900e+02 5.579500e-24
4.232800e+02 5.513600e-24
4.272000e+02 5.502600e-24
4.311600e+02 5.510500e-24
4.351500e+02 5.526600e-24
4.391800e+02 5.547000e-24
4.432500e+02 5.569900e-24
4.473500e+02 5.594500e-24
4.515000e+02 5.620300e-24
4.556800e+02 5.647100e-24
4.599000e+02 5.674600e-24
4.641600e+02 5.702800e-24
4.684600e+02 5.731500e-24
4.728000e+02 5.760900e-24
4.771800e+02 5.790700e-24
4.816000e+02 5.821100e-24
4.860600e+02 5.852000e-24
4.905600e+02 5.883400e-24
4.951000e+02 5.915200e-24
4.996900e+02 5.947500e-24
5.043200e+02 5.980300e-24
5.089900e+02 6.013500e-24
5.137000e+02 6.047300e-24
5.184600e+02 6.081500e-24
5.232600e+02 6.116200e-24
5.281100e+02 6.151300e-24
5.330000e+02 6.187000e-24
5.379400e+02 6.223100e-24
5.429200e+02 6.259700e-24
5.479500e+02 6.296800e-24
5.530200e+02 6.334400e-24
5.581400e+02 6.372600e-24
5.633100e+02 6.411200e-24
5.685300e+02 6.450300e-24
5.738000e+02 6.489900e-24
5.791100e+02 6.530000e-24
5.844800e+02 6.570700e-24
5.898900e+02 6.611900e-24
5.953500e+02 6.653600e-24
6.008700e+02 6.695800e-24
6.064300e+02 6.738600e-24
6.120500e+02 6.781900e-24
6.177200e+02 6.825800e-24
6.234400e+02 6.870200e-24
6.292100e+02 6.915200e-24
6.350400e+02 6.960700e-24
6.409200e+02 7.006800e-24
6.468600e+02 7.053500e-24
6.528500e+02 7.100800e-24
6.589000e+02 7.148600e-24
6.650000e+02 7.197100e-24
6.711600e+02 7.246300e-24
6.773800e+02 7.296000e-24
6.836500e+02 7.346500e-24
6.899800e+02 7.397800e-24
6.963700e+02 7.450000e-24
7.028200e+02 7.503500e-24
7.093300e+02 7.559000e-24
7.159000e+02 7.619400e-24
7.225300e+02 7.699400e-24
7.292300e+02 7.747100e-24
7.359800e+02 7.795100e-24
7.428000e+02 7.843300e-24
7.496800e+02 7.891900e-24
7.566200e+02 7.942600e-24
7.636300e+02 7.997600e-24
7.707000e+02 8.054600e-24
7.778400e+02 8.112900e-24
7.850500e+02 8.172000e-24
7.923200e+02 8.232100e-24
7.996600e+02 8.292800e-24
8.070600e+02 8.354400e-24
8.145400e+02 8.416600e-24
8.220800e+02 8.479600e-24
8.297000e+02 8.543400e-24
8.373800e+02 8.607800e-24
8.451400e+02 8.673000e-24
8.529600e+02 8.738900e-24
8.608600e+02 8.805500e-24
8.688400e+02 8.872900e-24
8.768900e+02 8.941000e-24
8.850100e+02 9.009900e-24
8.932000e+02 9.079500e-24
9.014800e+02 9.149900e-24
9.098300e+02 9.221100e-24
9.182500e+02 9.293000e-24
9.267600e+02 9.365700e-24
9.353400e+02 9.439200e-24
9.440100e+02 9.513500e-24
9.527500e+02 9.588600e-24
9.615700e+02 9.664600e-24
9.704800e+02 9.741300e-24
9.794700e+02 9.818800e-24
9.885400e+02 9.897200e-24
9.977000e+02 9.976400e-24
1.006900e+03 1.005600e-23
1.016300e+03 1.013700e-23
1.025700e+03 1.021900e-23
1.035200e+03 1.030200e-23
1.044800e+03 1.051100e-23
1.054400e+03 1.047000e-23
1.064200e+03 1.055500e-23
1.074100e+03 1.064100e-23
1.084000e+03 1.072800e-23
1.094100e+03 1.081600e-23
1.104200e+03 1.090500e-23
1.114400e+03 1.099500e-23
1.124700e+03 1.108700e-23
1.135200e+03 1.118200e-23
1.145700e+03 1.131300e-23
1.156300e+03 1.140300e-23
1.167000e+03 1.146200e-23
1.177800e+03 1.155400e-23
1.188700e+03 1.165000e-23
1.199700e+03 1.174700e-23
1.210800e+03 1.184500e-23
1.222000e+03 1.194500e-23
1.233400e+03 1.204500e-23
1.244800e+03 1.214700e-23
1.256300e+03 1.224900e-23
1.268000e+03 1.235200e-23
1.279700e+03 1.245700e-23
1.291500e+03 1.256300e-23
1.303500e+03 1.266900e-23
1.315600e+03 1.277700e-23
1.327800e+03 1.288600e-23
1.340100e+03 1.299600e-23
1.352500e+03 1.310700e-23
1.365000e+03 1.321900e-23
1.377700e+03 1.333200e-23
1.390400e+03 1.344700e-23
1.403300e+03 1.356200e-23
1.416300e+03 1.367900e-23
1.429400e+03 1.379700e-23
1.442600e+03 1.391600e-23
1.456000e+03 1.403600e-23
1.469500e+03 1.415800e-23
1.483100e+03 1.428000e-23
1.496800e+03 1.440400e-23
1.510700e+03 1.452900e-23
1.524700e+03 1.465600e-23
1.538800e+03 1.478300e-23
1.553100e+03 1.491200e-23
1.567500e+03 1.504200e-23
1.582000e+03 1.517300e-23
1.596600e+03 1.530600e-23
1.611400e+03 1.544000e-23
1.626300e+03 1.557500e-23
1.641400e+03 1.571200e-23
1.656600e+03 1.585300e-23
1.671900e+03 1.601800e-23
1.687400e+03 1.613000e-23
1.703100e+03 1.627200e-23
1.718800e+03 1.641500e-23
1.734800e+03 1.655900e-23
1.750800e+03 1.670600e-23
1.767000e+03 1.685300e-23
1.783400e+03 1.700200e-23
1.799900e+03 1.715300e-23
1.816600e+03 1.730400e-23
1.833400e+03 1.745800e-23
1.850400e+03 1.761300e-23
1.867500e+03 1.776900e-23
1.884800e+03 1.792700e-23
1.902300e+03 1.808600e-23
1.919900e+03 1.824700e-23
1.937700e+03 1.841000e-23
1.955700e+03 1.857400e-23
1.973800e+03 1.873900e-23
1.992000e+03 1.890700e-23
2.010500e+03 1.907700e-23
2.029100e+03 1.924600e-23
2.047900e+03 1.941800e-23
2.066900e+03 1.959200e-23
2.086000e+03 1.976700e-23
2.105300e+03 1.994400e-23
2.124800e+03 2.012300e-23
2.144500e+03 2.030400e-23
2.164400e+03 2.048600e-23
2.184400e+03 2.067000e-23
2.204700e+03 2.085500e-23
2.225100e+03 2.104300e-23
2.245700e+03 2.123200e-23
2.266500e+03 2.142400e-23
2.287500e+03 2.163300e-23
2.308700e+03 2.181100e-23
2.330100e+03 2.200800e-23
2.351600e+03 2.220600e-23
2.373400e+03 2.240600e-23
2.395400e+03 2.260900e-23
2.417600e+03 2.281300e-23
2.440000e+03 2.301900e-23
2.462600e+03 2.322700e-23
2.485400e+03 2.343700e-23
2.508400e+03 2.364900e-23
2.531600e+03 2.386300e-23
2.555100e+03 2.407900e-23
2.578800e+03 2.429700e-23
2.602600e+03 2.451700e-23
2.626800e+03 2.474000e-23
2.651100e+03 2.496400e-23
2.675600e+03 2.519100e-23
2.700400e+03 2.541900e-23
2.725400e+03 2.565000e-23
2.750700e+03 2.588300e-23
2.776200e+03 2.611800e-23
2.801900e+03 2.635600e-23
2.827800e+03 2.659500e-23
2.854000e+03 2.683700e-23
2.880400e+03 2.708100e-23
2.907100e+03 2.732800e-23
2.934000e+03 2.757700e-23
2.961200e+03 2.782800e-23
2.988700e+03 2.808200e-23
3.016300e+03 2.833900e-23
3.044300e+03 2.859600e-23
3.072500e+03 2.885600e-23
3.100900e+03 2.912000e-23
3.129600e+03 2.938500e-23
3.158600e+03 2.965300e-23
3.187900e+03 2.992400e-23
3.217400e+03 3.019700e-23
3.247200e+03 3.047300e-23
3.277300e+03 3.075200e-23
3.307600e+03 3.103300e-23
3.338300e+03 3.131600e-23
3.369200e+03 3.160300e-23
3.400400e+03 3.189200e-23
3.431900e+03 3.218300e-23
3.463700e+03 3.247800e-23
3.495800e+03 3.277500e-23
3.528200e+03 3.307500e-23
3.560800e+03 3.337800e-23
3.593800e+03 3.368400e-23
3.627100e+03 3.399200e-23
3.660700e+03 3.430300e-23
3.694600e+03 3.461800e-23
3.728800e+03 3.493500e-23
3.763400e+03 3.525500e-23
3.798200e+03 3.557900e-23
3.833400e+03 3.593600e-23
3.868900e+03 3.623400e-23
3.904700e+03 3.656600e-23
3.940900e+03 3.690200e-23
3.977400e+03 3.724100e-23
4.014200e+03 3.758200e-23
4.051400e+03 3.792700e-23
4.088900e+03 3.827600e-23
4.126800e+03 3.862700e-23
4.165000e+03 3.898200e-23
4.203600e+03 3.934000e-23
4.242600e+03 3.970100e-23
4.281900e+03 4.006600e-23
4.321500e+03 4.043400e-23
4.361500e+03 4.080600e-23
4.401900e+03 4.118100e-23
4.442700e+03 4.156000e-23
4.483900e+03 4.194200e-23
4.525400e+03 4.232700e-23
4.567300e+03 4.271700e-23
4.609600e+03 4.311000e-23
4.652300e+03 4.350600e-23
4.695400e+03 4.390700e-23
4.738900e+03 4.431100e-23
4.782800e+03 4.471800e-23
4.827100e+03 4.513000e-23
4.871800e+03 4.554500e-23
4.916900e+03 4.596500e-23
4.962400e+03 4.638800e-23
5.008400e+03 4.681500e-23
5.054800e+03 4.724600e-23
5.101600e+03 4.768100e-23
5.148900e+03 4.812000e-23
5.196600e+03 4.856400e-23
5.244700e+03 4.901100e-23
5.293300e+03 4.946300e-23
5.342300e+03 4.991900e-23
5.391800e+03 5.037900e-23
5.441700e+03 5.084300e-23
5.492100e+03 5.131200e-23
5.543000e+03 5.178500e-23
5.594300e+03 5.226200e-23
5.646100e+03 5.274400e-23
5.698400e+03 5.323000e-23
5.751200e+03 5.372100e-23
5.804500e+03 5.421600e-23
5.858200e+03 5.471600e-23
5.912500e+03 5.522100e-23
5.967300e+03 5.573000e-23
6.022500e+03 5.624500e-23
6.078300e+03 5.676300e-23
6.134600e+03 5.728700e-23
6.191400e+03 5.781600e-23
6.248800e+03 5.834900e-23
6.306700e+03 5.888800e-23
6.365100e+03 5.943100e-23
6.424000e+03 5.998000e-23
6.483500e+03 6.053300e-23
6.543600e+03 6.109200e-23
6.604200e+03 6.165600e-23
6.665400e+03 6.222500e-23
6.727100e+03 6.280000e-23
6.789400e+03 6.337900e-23
6.852300e+03 6.396500e-23
6.915800e+03 6.455600e-23
6.979800e+03 6.515100e-23
7.044500e+03 6.575300e-23
7.109700e+03 6.636000e-23
7.175600e+03 6.697300e-23
7.242000e+03 6.759200e-23
7.309100e+03 6.821600e-23
7.376800e+03 6.884600e-23
7.445100e+03 6.948200e-23
7.514100e+03 7.012400e-23
7.583700e+03 7.077200e-23
7.653900e+03 7.142600e-23
7.724800e+03 7.208600e-23
7.796400e+03 7.275200e-23
7.868600e+03 7.342400e-23
7.941500e+03 7.410300e-23
8.015000e+03 7.478800e-23
8.089200e+03 7.547900e-23
8.164200e+03 7.617600e-23
8.239800e+03 7.688000e-23
8.316100e+03 7.759100e-23
8.393100e+03 7.830800e-23
8.470900e+03 7.903200e-23
8.549300e+03 7.976200e-23
8.628500e+03 8.050000e-23
8.708400e+03 8.124400e-23
8.789100e+03 8.199500e-23
8.870500e+03 8.275300e-23
8.952700e+03 8.351800e-23
9.035600e+03 8.429000e-23
9.119300e+03 8.507000e-23
9.203700e+03 8.585600e-23
9.289000e+03 8.665000e-23
9.375000e+03 8.745100e-23
9.461800e+03 8.826000e-23
9.549500e+03 8.907600e-23
9.637900e+03 8.990000e-23
9.727200e+03 9.073100e-23
9.817300e+03 9.157000e-23
9.908200e+03 9.241700e-23
1.000000e+04 9.327200e-23
