1.000000e+00 7.775300e-16
1.009300e+00 7.226000e-16
1.018600e+00 6.715700e-16
1.028000e+00 6.241400e-16
1.037600e+00 5.800700e-16
1.047200e+00 5.391200e-16
1.056900e+00 5.010700e-16
1.066700e+00 4.657000e-16
1.076500e+00 4.328400e-16
1.086500e+00 4.023000e-16
1.096600e+00 3.739200e-16
1.106700e+00 3.475500e-16
1.117000e+00 3.230400e-16
1.127300e+00 3.002700e-16
1.137800e+00 2.791000e-16
1.148300e+00 2.594300e-16
1.158900e+00 2.411500e-16
1.169700e+00 2.241600e-16
1.180500e+00 2.083700e-16
1.191500e+00 1.937000e-16
1.202500e+00 1.800600e-16
1.213600e+00 1.673800e-16
1.224900e+00 1.556000e-16
1.236200e+00 1.446500e-16
1.247700e+00 1.344800e-16
1.259200e+00 1.250200e-16
1.270900e+00 1.162300e-16
1.282600e+00 1.080600e-16
1.294500e+00 1.004600e-16
1.306500e+00 9.340100e-17
1.318600e+00 8.683900e-17
1.330800e+00 8.074000e-17
1.343200e+00 7.507100e-17
1.355600e+00 6.980100e-17
1.368200e+00 6.490200e-17
1.380800e+00 6.034900e-17
1.393600e+00 5.611600e-17
1.406500e+00 5.218100e-17
1.419600e+00 4.852300e-17
1.432700e+00 4.512200e-17
1.446000e+00 4.196100e-17
1.459400e+00 3.902200e-17
1.472900e+00 3.629000e-17
1.486500e+00 3.374900e-17
1.500300e+00 3.138800e-17
1.514200e+00 2.919200e-17
1.528200e+00 2.715100e-17
1.542400e+00 2.525300e-17
1.556700e+00 2.348800e-17
1.571100e+00 2.184700e-17
1.585600e+00 2.032200e-17
1.600300e+00 1.890300e-17
1.615100e+00 1.758400e-17
1.630100e+00 1.635700e-17
1.645200e+00 1.521700e-17
1.660400e+00 1.415600e-17
1.675800e+00 1.317000e-17
1.691300e+00 1.225300e-17
1.707000e+00 1.140000e-17
1.722800e+00 1.060600e-17
1.738800e+00 9.868700e-18
1.754900e+00 9.182600e-18
1.771100e+00 8.544500e-18
1.787500e+00 7.951200e-18
1.804100e+00 7.399400e-18
1.820800e+00 6.886500e-18
1.837700e+00 6.410500e-18
1.854700e+00 5.972800e-18
1.871900e+00 5.680200e-18
1.889200e+00 5.217600e-18
1.906700e+00 4.815700e-18
1.924400e+00 4.478200e-18
1.942200e+00 4.167200e-18
1.960200e+00 3.878600e-18
1.978300e+00 3.610400e-18
1.996600e+00 3.360900e-18
2.015100e+00 3.128900e-18
2.033800e+00 2.913000e-18
2.052600e+00 2.712100e-18
2.071600e+00 2.525300e-18
2.090800e+00 2.351400e-18
2.110200e+00 2.189500e-18
2.129700e+00 2.038900e-18
2.149500e+00 1.898800e-18
2.169400e+00 1.768400e-18
2.189500e+00 1.647000e-18
2.209800e+00 1.534000e-18
2.230200e+00 1.428900e-18
2.250900e+00 1.331000e-18
2.271700e+00 1.239900e-18
2.292800e+00 1.155100e-18
2.314000e+00 1.076100e-18
2.335400e+00 1.002600e-18
2.357100e+00 9.341900e-19
2.378900e+00 8.704900e-19
2.400900e+00 8.111800e-19
2.423200e+00 7.559500e-19
2.445600e+00 7.045300e-19
2.468300e+00 6.566500e-19
2.491100e+00 6.120700e-19
2.514200e+00 5.705500e-19
2.537500e+00 5.318900e-19
2.561000e+00 4.958800e-19
2.584700e+00 4.623400e-19
2.608700e+00 4.311100e-19
2.632800e+00 4.020200e-19
2.657200e+00 3.749300e-19
2.681800e+00 3.496900e-19
2.706700e+00 3.261800e-19
2.731700e+00 3.042800e-19
2.757000e+00 2.838700e-19
2.782600e+00 2.648700e-19
2.808300e+00 2.471600e-19
2.834300e+00 2.306700e-19
2.860600e+00 2.153000e-19
2.887100e+00 2.009800e-19
2.913800e+00 1.876400e-19
2.940800e+00 1.752100e-19
2.968100e+00 1.636300e-19
2.995500e+00 1.528300e-19
3.023300e+00 1.427800e-19
3.051300e+00 1.334100e-19
3.079600e+00 1.246800e-19
3.108100e+00 1.165500e-19
3.136900e+00 1.089700e-19
3.165900e+00 1.019000e-19
3.195200e+00 9.532300e-20
3.224800e+00 8.919200e-20
3.254700e+00 8.347900e-20
3.284900e+00 7.815700e-20
3.315300e+00 7.319900e-20
3.346000e+00 6.858000e-20
3.377000e+00 6.427800e-20
3.408300e+00 6.027000e-20
3.439800e+00 5.653700e-20
3.471700e+00 5.306000e-20
3.503800e+00 4.982300e-20
3.536300e+00 4.680800e-20
3.569000e+00 4.400100e-20
3.602100e+00 4.138800e-20
3.635500e+00 3.895500e-20
3.669100e+00 3.669100e-20
3.703100e+00 3.458400e-20
3.737400e+00 3.262400e-20
3.772000e+00 3.079900e-20
3.807000e+00 2.910200e-20
3.842200e+00 2.752300e-20
3.877800e+00 2.605500e-20
3.913700e+00 2.468900e-20
3.950000e+00 2.341800e-20
3.986600e+00 2.223700e-20
4.023500e+00 2.113800e-20
4.060800e+00 2.011600e-20
4.098400e+00 1.916500e-20
4.136300e+00 1.828000e-20
4.174700e+00 1.745700e-20
4.213300e+00 1.669000e-20
4.252300e+00 1.597600e-20
4.291700e+00 1.531100e-20
4.331500e+00 1.469200e-20
4.371600e+00 1.411300e-20
4.412100e+00 1.357400e-20
4.453000e+00 1.307000e-20
4.494200e+00 1.259800e-20
4.535800e+00 1.215700e-20
4.577800e+00 1.174400e-20
4.620200e+00 1.135600e-20
4.663000e+00 1.099200e-20
4.706200e+00 1.065000e-20
4.749800e+00 1.032700e-20
4.793800e+00 1.002300e-20
4.838200e+00 9.735600e-21
4.883000e+00 9.463800e-21
4.928200e+00 9.206200e-21
4.973900e+00 8.961700e-21
5.020000e+00 8.729400e-21
5.066500e+00 8.508100e-21
5.113400e+00 8.297100e-21
5.160700e+00 8.095500e-21
5.208500e+00 7.902700e-21
5.256800e+00 7.717900e-21
5.305500e+00 7.540600e-21
5.354600e+00 7.370200e-21
5.404200e+00 7.206300e-21
5.454300e+00 7.048300e-21
5.504800e+00 6.895900e-21
5.555800e+00 6.748700e-21
5.607200e+00 6.606400e-21
5.659200e+00 6.468500e-21
5.711600e+00 6.335000e-21
5.764500e+00 6.205400e-21
5.817900e+00 6.079600e-21
5.871800e+00 5.957400e-21
5.926200e+00 5.838500e-21
5.981000e+00 5.722800e-21
6.036400e+00 5.610200e-21
6.092300e+00 5.500400e-21
6.148800e+00 5.393300e-21
6.205700e+00 5.288900e-21
6.263200e+00 5.187000e-21
6.321200e+00 5.087400e-21
6.379800e+00 4.990200e-21
6.438900e+00 4.895100e-21
6.498500e+00 4.802200e-21
6.558700e+00 4.711300e-21
6.619400e+00 4.622300e-21
6.680700e+00 4.535300e-21
6.742600e+00 4.450100e-21
6.805100e+00 4.366700e-21
6.868100e+00 4.285100e-21
6.931700e+00 4.205000e-21
6.995900e+00 4.126700e-21
7.060700e+00 4.049900e-21
7.126100e+00 3.974600e-21
7.192100e+00 3.900800e-21
7.258700e+00 3.828500e-21
7.326000e+00 3.757600e-21
7.393800e+00 3.688100e-21
7.462300e+00 3.620000e-21
7.531400e+00 3.553100e-21
7.601200e+00 3.487600e-21
7.671600e+00 3.423300e-21
7.742600e+00 3.360200e-21
7.814400e+00 3.298300e-21
7.886700e+00 3.237600e-21
7.959800e+00 3.178100e-21
8.033500e+00 3.119000e-21
8.107900e+00 3.061700e-21
8.183000e+00 3.005400e-21
8.258800e+00 2.950200e-21
8.335300e+00 2.896000e-21
8.412500e+00 2.842900e-21
8.490400e+00 2.790600e-21
8.569100e+00 2.739500e-21
8.648400e+00 2.689200e-21
8.728500e+00 2.639900e-21
8.809400e+00 2.591500e-21
8.891000e+00 2.544000e-21
8.973300e+00 2.497400e-21
9.056400e+00 2.451600e-21
9.140300e+00 2.406800e-21
9.225000e+00 2.362700e-21
9.310400e+00 2.319400e-21
9.396600e+00 2.277000e-21
9.483700e+00 2.235300e-21
9.571500e+00 2.194400e-21
9.660200e+00 2.154300e-21
9.749600e+00 2.114900e-21
9.840000e+00 2.076300e-21
9.931100e+00 2.038400e-21
1.002300e+01 2.001200e-21
1.011600e+01 1.964500e-21
1.021000e+01 1.928500e-21
1.030400e+01 1.893400e-21
1.040000e+01 1.858600e-21
1.049600e+01 1.824700e-21
1.059300e+01 1.791400e-21
1.069100e+01 1.758700e-21
1.079000e+01 1.726600e-21
1.089000e+01 1.695000e-21
1.099100e+01 1.663900e-21
1.109300e+01 1.633400e-21
1.119600e+01 1.603500e-21
1.129900e+01 1.574400e-21
1.140400e+01 1.545500e-21
1.151000e+01 1.517100e-21
1.161600e+01 1.489500e-21
1.172400e+01 1.462200e-21
1.183200e+01 1.435600e-21
1.194200e+01 1.409200e-21
1.205300e+01 1.383400e-21
1.216400e+01 1.358200e-21
1.227700e+01 1.333300e-21
1.239100e+01 1.308900e-21
1.250500e+01 1.285100e-21
1.262100e+01 1.261600e-21
1.273800e+01 1.238500e-21
1.285600e+01 1.215800e-21
1.297500e+01 1.193600e-21
1.309500e+01 1.171800e-21
1.321700e+01 1.150200e-21
1.333900e+01 1.129300e-21
1.346300e+01 1.108500e-21
1.358700e+01 1.088400e-21
1.371300e+01 1.068500e-21
1.384000e+01 1.048900e-21
1.396800e+01 1.029800e-21
1.409800e+01 1.010800e-21
1.422800e+01 9.924400e-22
1.436000e+01 9.742600e-22
1.449300e+01 9.564500e-22
1.462700e+01 9.389900e-22
1.476300e+01 9.217500e-22
1.490000e+01 9.048600e-22
1.503800e+01 8.883100e-22
1.517700e+01 8.721000e-22
1.531700e+01 8.562200e-22
1.545900e+01 8.405400e-22
1.560200e+01 8.251900e-22
1.574700e+01 8.100500e-22
1.589300e+01 7.952200e-22
1.604000e+01 7.807000e-22
1.618900e+01 7.663800e-22
1.633900e+01 7.523600e-22
1.649000e+01 7.386300e-22
1.664300e+01 7.251000e-22
1.679700e+01 7.118500e-22
1.695200e+01 6.988800e-22
1.710900e+01 6.861000e-22
1.726800e+01 6.735200e-22
1.742800e+01 6.611900e-22
1.758900e+01 6.491300e-22
1.775200e+01 6.372600e-22
1.791700e+01 6.255600e-22
1.808200e+01 6.141900e-22
1.825000e+01 6.029200e-22
1.841900e+01 5.919000e-22
1.859000e+01 5.810500e-22
1.876200e+01 5.704300e-22
1.893600e+01 5.599900e-22
1.911100e+01 5.497700e-22
1.928800e+01 5.397200e-22
1.946700e+01 5.298300e-22
1.964700e+01 5.201500e-22
1.982900e+01 5.106400e-22
2.001200e+01 5.012800e-22
2.019800e+01 4.921100e-22
2.038500e+01 4.831100e-22
2.057400e+01 4.742800e-22
2.076400e+01 4.656100e-22
2.095700e+01 4.571000e-22
2.115100e+01 4.487400e-22
2.134700e+01 4.405400e-22
2.154400e+01 4.324900e-22
2.174400e+01 4.245800e-22
2.194500e+01 4.168300e-22
2.214900e+01 4.092200e-22
2.235400e+01 4.017400e-22
2.256100e+01 3.944000e-22
2.277000e+01 3.872000e-22
2.298100e+01 3.801400e-22
2.319300e+01 3.732000e-22
2.340800e+01 3.663800e-22
2.362500e+01 3.597000e-22
2.384400e+01 3.531300e-22
2.406500e+01 3.467000e-22
2.428800e+01 3.403700e-22
2.451300e+01 3.341700e-22
2.474000e+01 3.280800e-22
2.496900e+01 3.221000e-22
2.520000e+01 3.162400e-22
2.543300e+01 3.104700e-22
2.566900e+01 3.048000e-22
2.590700e+01 2.992300e-22
2.614700e+01 2.937700e-22
2.638900e+01 2.884100e-22
2.663300e+01 2.831500e-22
2.688000e+01 2.779800e-22
2.712900e+01 2.729000e-22
2.738000e+01 2.679300e-22
2.763400e+01 2.630300e-22
2.789000e+01 2.582300e-22
2.814800e+01 2.535200e-22
2.840900e+01 2.488900e-22
2.867200e+01 2.443500e-22
2.893800e+01 2.398800e-22
2.920600e+01 2.355100e-22
2.947600e+01 2.312100e-22
2.974900e+01 2.269900e-22
3.002500e+01 2.228500e-22
3.030300e+01 2.187800e-22
3.058300e+01 2.148000e-22
3.086700e+01 2.108700e-22
3.115300e+01 2.070200e-22
3.144100e+01 2.032400e-22
3.173200e+01 1.995400e-22
3.202600e+01 1.958900e-22
3.232300e+01 1.923100e-22
3.262200e+01 1.888100e-22
3.292400e+01 1.853600e-22
3.322900e+01 1.819800e-22
3.353700e+01 1.786600e-22
3.384800e+01 1.753900e-22
3.416100e+01 1.722000e-22
3.447800e+01 1.690500e-22
3.479700e+01 1.659700e-22
3.511900e+01 1.629400e-22
3.544500e+01 1.599600e-22
3.577300e+01 1.570400e-22
3.610400e+01 1.541800e-22
3.643900e+01 1.513600e-22
3.677600e+01 1.486000e-22
3.711700e+01 1.458900e-22
3.746100e+01 1.432200e-22
3.780700e+01 1.406200e-22
3.815800e+01 1.380400e-22
3.851100e+01 1.355300e-22
3.886800e+01 1.330500e-22
3.922800e+01 1.306200e-22
3.959100e+01 1.282400e-22
3.995800e+01 1.259000e-22
4.032800e+01 1.236200e-22
4.070100e+01 1.213800e-22
4.107800e+01 1.191800e-22
4.145900e+01 1.170300e-22
4.184300e+01 1.149100e-22
4.223000e+01 1.128400e-22
4.262200e+01 1.107900e-22
4.301600e+01 1.088000e-22
4.341500e+01 1.068300e-22
4.381700e+01 1.049000e-22
4.422300e+01 1.030100e-22
4.463200e+01 1.011500e-22
4.504600e+01 9.932800e-23
4.546300e+01 9.753800e-23
4.588400e+01 9.578200e-23
4.630900e+01 9.405800e-23
4.673800e+01 9.236600e-23
4.717100e+01 9.070600e-23
4.760800e+01 8.907600e-23
4.804900e+01 8.747800e-23
4.849400e+01 8.590800e-23
4.894300e+01 8.436800e-23
4.939600e+01 8.285600e-23
4.985400e+01 8.137200e-23
5.031500e+01 7.991700e-23
5.078200e+01 7.848900e-23
5.125200e+01 7.708700e-23
5.172700e+01 7.571200e-23
5.220600e+01 7.436200e-23
5.268900e+01 7.303800e-23
5.317700e+01 7.173800e-23
5.367000e+01 7.046400e-23
5.416700e+01 6.921200e-23
5.466900e+01 6.798500e-23
5.517500e+01 6.678100e-23
5.568600e+01 6.559900e-23
5.620200e+01 6.444000e-23
5.672200e+01 6.330300e-23
5.724800e+01 6.218800e-23
5.777800e+01 6.109300e-23
5.831300e+01 6.002000e-23
5.885300e+01 5.896600e-23
5.939800e+01 5.793400e-23
5.994800e+01 5.692000e-23
6.050400e+01 5.592700e-23
6.106400e+01 5.495200e-23
6.163000e+01 5.399600e-23
6.220000e+01 5.305800e-23
6.277700e+01 5.213900e-23
6.335800e+01 5.123800e-23
6.394500e+01 5.035300e-23
6.453700e+01 4.948600e-23
6.513500e+01 4.863700e-23
6.573800e+01 4.780300e-23
6.634700e+01 4.698600e-23
6.696200e+01 4.618600e-23
6.758200e+01 4.540100e-23
6.820800e+01 4.463100e-23
6.884000e+01 4.387700e-23
6.947700e+01 4.313800e-23
7.012100e+01 4.241300e-23
7.077000e+01 4.170400e-23
7.142600e+01 4.100800e-23
7.208700e+01 4.032600e-23
7.275500e+01 3.965800e-23
7.342900e+01 3.900400e-23
7.410900e+01 3.836400e-23
7.479500e+01 3.773600e-23
7.548800e+01 3.712100e-23
7.618700e+01 3.651900e-23
7.689300e+01 3.593000e-23
7.760500e+01 3.535300e-23
7.832400e+01 3.478700e-23
7.904900e+01 3.423400e-23
7.978100e+01 3.369300e-23
8.052000e+01 3.316300e-23
8.126600e+01 3.264500e-23
8.201900e+01 3.213800e-23
8.277900e+01 3.164200e-23
8.354500e+01 3.115700e-23
8.431900e+01 3.068200e-23
8.510000e+01 3.021800e-23
8.588800e+01 2.976500e-23
8.668400e+01 2.932200e-23
8.748700e+01 2.888900e-23
8.829700e+01 2.846500e-23
8.911500e+01 2.805100e-23
8.994000e+01 2.764700e-23
9.077300e+01 2.725400e-23
9.161400e+01 2.686900e-23
9.246300e+01 2.649300e-23
9.331900e+01 2.612600e-23
9.418300e+01 2.576800e-23
9.505600e+01 2.541900e-23
9.593600e+01 2.507800e-23
9.682500e+01 2.474600e-23
9.772100e+01 2.442400e-23
9.862700e+01 2.410900e-23
9.954000e+01 2.380200e-23
1.004600e+02 2.350600e-23
1.013900e+02 2.321500e-23
1.023300e+02 2.293200e-23
1.032800e+02 2.265700e-23
1.042400e+02 2.238900e-23
1.052000e+02 2.212900e-23
1.061800e+02 2.187600e-23
1.071600e+02 2.162900e-23
1.081500e+02 2.139100e-23
1.091500e+02 2.116000e-23
1.101600e+02 2.093600e-23
1.111800e+02 2.071800e-23
1.122100e+02 2.050700e-23
1.132500e+02 2.030300e-23
1.143000e+02 2.010600e-23
1.153600e+02 1.991500e-23
1.164300e+02 1.973000e-23
1.175100e+02 1.955200e-23
1.186000e+02 1.938000e-23
1.197000e+02 1.921300e-23
1.208000e+02 1.905300e-23
1.219200e+02 1.889900e-23
1.230500e+02 1.875100e-23
1.241900e+02 1.860900e-23
1.253400e+02 1.847100e-23
1.265000e+02 1.833900e-23
1.276800e+02 1.821400e-23
1.288600e+02 1.809300e-23
1.300500e+02 1.797800e-23
1.312600e+02 1.786800e-23
1.324700e+02 1.776300e-23
1.337000e+02 1.766300e-23
1.349400e+02 1.756800e-23
1.361900e+02 1.747800e-23
1.374500e+02 1.739300e-23
1.387200e+02 1.731200e-23
1.400100e+02 1.723600e-23
1.413000e+02 1.716400e-23
1.426100e+02 1.709700e-23
1.439300e+02 1.703500e-23
1.452700e+02 1.697600e-23
1.466100e+02 1.692200e-23
1.479700e+02 1.687300e-23
1.493400e+02 1.682600e-23
1.507200e+02 1.678500e-23
1.521200e+02 1.674700e-23
1.535300e+02 1.671300e-23
1.549500e+02 1.668400e-23
1.563800e+02 1.665700e-23
1.578300e+02 1.663500e-23
1.593000e+02 1.661600e-23
1.607700e+02 1.660300e-23
1.622600e+02 1.662000e-23
1.637600e+02 1.663800e-23
1.652800e+02 1.665600e-23
1.668100e+02 1.667400e-23
1.683600e+02 1.669100e-23
1.699100e+02 1.670900e-23
1.714900e+02 1.672700e-23
1.730800e+02 1.674500e-23
1.746800e+02 1.676300e-23
1.763000e+02 1.678000e-23
1.779300e+02 1.679800e-23
1.795800e+02 1.681600e-23
1.812400e+02 1.683400e-23
1.829200e+02 1.685200e-23
1.846100e+02 1.687000e-23
1.863200e+02 1.688800e-23
1.880500e+02 1.690600e-23
1.897900e+02 1.692400e-23
1.915500e+02 1.694200e-23
1.933200e+02 1.696000e-23
1.951100e+02 1.697800e-23
1.969200e+02 1.699600e-23
1.987500e+02 1.701400e-23
2.005900e+02 1.706700e-23
2.024400e+02 1.712100e-23
2.043200e+02 1.717700e-23
2.062100e+02 1.723600e-23
2.081200e+02 1.729600e-23
2.100500e+02 1.735900e-23
2.120000e+02 1.742400e-23
2.139600e+02 1.749100e-23
2.159400e+02 1.756000e-23
2.179400e+02 1.763200e-23
2.199600e+02 1.770400e-23
2.220000e+02 1.777900e-23
2.240500e+02 1.785700e-23
2.261300e+02 1.793600e-23
2.282200e+02 1.801700e-23
2.303400e+02 1.810100e-23
2.324700e+02 1.818500e-23
2.346200e+02 1.827300e-23
2.368000e+02 1.836100e-23
2.389900e+02 1.845300e-23
2.412000e+02 1.854500e-23
2.434400e+02 1.864000e-23
2.456900e+02 1.873700e-23
2.479700e+02 1.883500e-23
2.502600e+02 1.893600e-23
2.525800e+02 1.903800e-23
2.549200e+02 1.914200e-23
2.572800e+02 1.924800e-23
2.596700e+02 1.935700e-23
2.620700e+02 1.946600e-23
2.645000e+02 1.957800e-23
2.669500e+02 1.969100e-23
2.694200e+02 1.980600e-23
2.719200e+02 1.992500e-23
2.744300e+02 2.004400e-23
2.769800e+02 2.016400e-23
2.795400e+02 2.028700e-23
2.821300e+02 2.041200e-23
2.847400e+02 2.053800e-23
2.873800e+02 2.066700e-23
2.900400e+02 2.079700e-23
2.927300e+02 2.092900e-23
2.954400e+02 2.106300e-23
2.981800e+02 2.120000e-23
3.009400e+02 2.133900e-23
3.037300e+02 2.147900e-23
3.065400e+02 2.162000e-23
3.093800e+02 2.176400e-23
3.122400e+02 2.190900e-23
3.151400e+02 2.205700e-23
3.180600e+02 2.220600e-23
3.210000e+02 2.235700e-23
3.239700e+02 2.251100e-23
3.269700e+02 2.266600e-23
3.300000e+02 2.282300e-23
3.330600e+02 2.298200e-23
3.361400e+02 2.314300e-23
3.392600e+02 2.330700e-23
3.424000e+02 2.347200e-23
3.455700e+02 2.363900e-23
3.487700e+02 2.380800e-23
3.520000e+02 2.398000e-23
3.552600e+02 2.415300e-23
3.585500e+02 2.432900e-23
3.618700e+02 2.450600e-23
3.652300e+02 2.468600e-23
3.686100e+02 2.486800e-23
3.720200e+02 2.505200e-23
3.754700e+02 2.523900e-23
3.789500e+02 2.542800e-23
3.824600e+02 2.561900e-23
3.860000e+02 2.581300e-23
3.895700e+02 2.601000e-23
3.931800e+02 2.621000e-23
3.968200e+02 2.641600e-23
4.005000e+02 2.663500e-23
4.042100e+02 2.684000e-23
4.079500e+02 2.704600e-23
4.117300e+02 2.725400e-23
4.155500e+02 2.746300e-23
4.193900e+02 2.767400e-23
4.232800e+02 2.787100e-23
4.272000e+02 2.808100e-23
4.311600e+02 2.829800e-23
4.351500e+02 2.851800e-23
4.391800e+02 2.874100e-23
4.432500e+02 2.896800e-23
4.473500e+02 2.919700e-23
4.515000e+02 2.942800e-23
4.556800e+02 2.966300e-23
4.599000e+02 2.989900e-23
4.641600e+02 3.013900e-23
4.684600e+02 3.038100e-23
4.728000e+02 3.062500e-23
4.771800e+02 3.087300e-23
4.816000e+02 3.112200e-23
4.860600e+02 3.137500e-23
4.905600e+02 3.163000e-23
4.951000e+02 3.188800e-23
4.996900e+02 3.214800e-23
5.043200e+02 3.241200e-23
5.089900e+02 3.267800e-23
5.137000e+02 3.294600e-23
5.184600e+02 3.321800e-23
5.232600e+02 3.349200e-23
5.281100e+02 3.376900e-23
5.330000e+02 3.404900e-23
5.379400e+02 3.433200e-23
5.429200e+02 3.461800e-23
5.479500e+02 3.490700e-23
5.530200e+02 3.519900e-23
5.581400e+02 3.549300e-23
5.633100e+02 3.579100e-23
5.685300e+02 3.609200e-23
5.738000e+02 3.639600e-23
5.791100e+02 3.670300e-23
5.844800e+02 3.701300e-23
5.898900e+02 3.732600e-23
5.953500e+02 3.764200e-23
6.008700e+02 3.796200e-23
6.064300e+02 3.828400e-23
6.120500e+02 3.861000e-23
6.177200e+02 3.894000e-23
6.234400e+02 3.927200e-23
6.292100e+02 3.960800e-23
6.350400e+02 3.994700e-23
6.409200e+02 4.029000e-23
6.468600e+02 4.063600e-23
6.528500e+02 4.098500e-23
6.589000e+02 4.133800e-23
6.650000e+02 4.169500e-23
6.711600e+02 4.205500e-23
6.773800e+02 4.241800e-23
6.836500e+02 4.278500e-23
6.899800e+02 4.315600e-23
6.963700e+02 4.353100e-23
7.028200e+02 4.390900e-23
7.093300e+02 4.429200e-23
7.159000e+02 4.467800e-23
7.225300e+02 4.507200e-23
7.292300e+02 4.546500e-23
7.359800e+02 4.586100e-23
7.428000e+02 4.626000e-23
7.496800e+02 4.666300e-23
7.566200e+02 4.707100e-23
7.636300e+02 4.748400e-23
7.707000e+02 4.790000e-23
7.778400e+02 4.832100e-23
7.850500e+02 4.874600e-23
7.923200e+02 4.917500e-23
7.996600e+02 4.960800e-23
8.070600e+02 5.004600e-23
8.145400e+02 5.048800e-23
8.220800e+02 5.093400e-23
8.297000e+02 5.138400e-23
8.373800e+02 5.183900e-23
8.451400e+02 5.229800e-23
8.529600e+02 5.276200e-23
8.608600e+02 5.323000e-23
8.688400e+02 5.370300e-23
8.768900e+02 5.418000e-23
8.850100e+02 5.466100e-23
8.932000e+02 5.514800e-23
9.014800e+02 5.563900e-23
9.098300e+02 5.613500e-23
9.182500e+02 5.663500e-23
9.267600e+02 5.714100e-23
9.353400e+02 5.765100e-23
9.440100e+02 5.816600e-23
9.527500e+02 5.868600e-23
9.615700e+02 5.921100e-23
9.704800e+02 5.974200e-23
9.794700e+02 6.027700e-23
9.885400e+02 6.081700e-23
9.977000e+02 6.136200e-23
1.006900e+03 6.191300e-23
1.016300e+03 6.246900e-23
1.025700e+03 6.303000e-23
1.035200e+03 6.359700e-23
1.044800e+03 6.418900e-23
1.054400e+03 6.474700e-23
1.064200e+03 6.532900e-23
1.074100e+03 6.591800e-23
1.084000e+03 6.651200e-23
1.094100e+03 6.711200e-23
1.104200e+03 6.771700e-23
1.114400e+03 6.832900e-23
1.124700e+03 6.894600e-23
1.135200e+03 6.956900e-23
1.145700e+03 7.020400e-23
1.156300e+03 7.083800e-23
1.167000e+03 7.147300e-23
1.177800e+03 7.212000e-23
1.188700e+03 7.277300e-23
1.199700e+03 7.343200e-23
1.210800e+03 7.409700e-23
1.222000e+03 7.476900e-23
1.233400e+03 7.544700e-23
1.244800e+03 7.613100e-23
1.256300e+03 7.682200e-23
1.268000e+03 7.752000e-23
1.279700e+03 7.822400e-23
1.291500e+03 7.893400e-23
1.303500e+03 7.965200e-23
1.315600e+03 8.037600e-23
1.327800e+03 8.110700e-23
1.340100e+03 8.184500e-23
1.352500e+03 8.259000e-23
1.365000e+03 8.334200e-23
1.377700e+03 8.410100e-23
1.390400e+03 8.486700e-23
1.403300e+03 8.564000e-23
1.416300e+03 8.642100e-23
1.429400e+03 8.720900e-23
1.442600e+03 8.800400e-23
1.456000e+03 8.880700e-23
1.469500e+03 8.961700e-23
1.483100e+03 9.043500e-23
1.496800e+03 9.126100e-23
1.510700e+03 9.209400e-23
1.524700e+03 9.293600e-23
1.538800e+03 9.378500e-23
1.553100e+03 9.464200e-23
1.567500e+03 9.550700e-23
1.582000e+03 9.638000e-23
1.596600e+03 9.726200e-23
1.611400e+03 9.815200e-23
1.626300e+03 9.905000e-23
1.641400e+03 9.995600e-23
1.656600e+03 1.008700e-22
1.671900e+03 1.018000e-22
1.687400e+03 1.027300e-22
1.703100e+03 1.036700e-22
1.718800e+03 1.046200e-22
1.734800e+03 1.055800e-22
1.750800e+03 1.065400e-22
1.767000e+03 1.075200e-22
1.783400e+03 1.085100e-22
1.799900e+03 1.095000e-22
1.816600e+03 1.105100e-22
1.833400e+03 1.115200e-22
1.850400e+03 1.125400e-22
1.867500e+03 1.135800e-22
1.884800e+03 1.146200e-22
1.902300e+03 1.156700e-22
1.919900e+03 1.167300e-22
1.937700e+03 1.178000e-22
1.955700e+03 1.188900e-22
1.973800e+03 1.199800e-22
1.992000e+03 1.210800e-22
2.010500e+03 1.221900e-22
2.029100e+03 1.233200e-22
2.047900e+03 1.244500e-22
2.066900e+03 1.255900e-22
2.086000e+03 1.267500e-22
2.105300e+03 1.279100e-22
2.124800e+03 1.290900e-22
2.144500e+03 1.302800e-22
2.164400e+03 1.314800e-22
2.184400e+03 1.326900e-22
2.204700e+03 1.339100e-22
2.225100e+03 1.351400e-22
2.245700e+03 1.363800e-22
2.266500e+03 1.376400e-22
2.287500e+03 1.389100e-22
2.308700e+03 1.401800e-22
2.330100e+03 1.414700e-22
2.351600e+03 1.427800e-22
2.373400e+03 1.440900e-22
2.395400e+03 1.454200e-22
2.417600e+03 1.467600e-22
2.440000e+03 1.481100e-22
2.462600e+03 1.494700e-22
2.485400e+03 1.508500e-22
2.508400e+03 1.522400e-22
2.531600e+03 1.536500e-22
2.555100e+03 1.550600e-22
2.578800e+03 1.564900e-22
2.602600e+03 1.579300e-22
2.626800e+03 1.593900e-22
2.651100e+03 1.608600e-22
2.675600e+03 1.623400e-22
2.700400e+03 1.638400e-22
2.725400e+03 1.653500e-22
2.750700e+03 1.668700e-22
2.776200e+03 1.684100e-22
2.801900e+03 1.699700e-22
2.827800e+03 1.715400e-22
2.854000e+03 1.731200e-22
2.880400e+03 1.747200e-22
2.907100e+03 1.763300e-22
2.934000e+03 1.779500e-22
2.961200e+03 1.796000e-22
2.988700e+03 1.812500e-22
3.016300e+03 1.829300e-22
3.044300e+03 1.846200e-22
3.072500e+03 1.863200e-22
3.100900e+03 1.880400e-22
3.129600e+03 1.897800e-22
3.158600e+03 1.915300e-22
3.187900e+03 1.933000e-22
3.217400e+03 1.950800e-22
3.247200e+03 1.968800e-22
3.277300e+03 1.987000e-22
3.307600e+03 2.005300e-22
3.338300e+03 2.023900e-22
3.369200e+03 2.042600e-22
3.400400e+03 2.061400e-22
3.431900e+03 2.080500e-22
3.463700e+03 2.099700e-22
3.495800e+03 2.119100e-22
3.528200e+03 2.138700e-22
3.560800e+03 2.158400e-22
3.593800e+03 2.178400e-22
3.627100e+03 2.198500e-22
3.660700e+03 2.218800e-22
3.694600e+03 2.239300e-22
3.728800e+03 2.260000e-22
3.763400e+03 2.280900e-22
3.798200e+03 2.302000e-22
3.833400e+03 2.323300e-22
3.868900e+03 2.344700e-22
3.904700e+03 2.366400e-22
3.940900e+03 2.388200e-22
3.977400e+03 2.410300e-22
4.014200e+03 2.432600e-22
4.051400e+03 2.455100e-22
4.088900e+03 2.477800e-22
4.126800e+03 2.500700e-22
4.165000e+03 2.523800e-22
4.203600e+03 2.547100e-22
4.242600e+03 2.570700e-22
4.281900e+03 2.594500e-22
4.321500e+03 2.618500e-22
4.361500e+03 2.642700e-22
4.401900e+03 2.667100e-22
4.442700e+03 2.691800e-22
4.483900e+03 2.716700e-22
4.525400e+03 2.741800e-22
4.567300e+03 2.767100e-22
4.609600e+03 2.792700e-22
4.652300e+03 2.818600e-22
4.695400e+03 2.844600e-22
4.738900e+03 2.870900e-22
4.782800e+03 2.897500e-22
4.827100e+03 2.924300e-22
4.871800e+03 2.951300e-22
4.916900e+03 2.978600e-22
4.962400e+03 3.006200e-22
5.008400e+03 3.034000e-22
5.054800e+03 3.062100e-22
5.101600e+03 3.090400e-22
5.148900e+03 3.119000e-22
5.196600e+03 3.147800e-22
5.244700e+03 3.176900e-22
5.293300e+03 3.206300e-22
5.342300e+03 3.236000e-22
5.391800e+03 3.265900e-22
5.441700e+03 3.296200e-22
5.492100e+03 3.326700e-22
5.543000e+03 3.357400e-22
5.594300e+03 3.388500e-22
5.646100e+03 3.419900e-22
5.698400e+03 3.451500e-22
5.751200e+03 3.483400e-22
5.804500e+03 3.515700e-22
5.858200e+03 3.548200e-22
5.912500e+03 3.581000e-22
5.967300e+03 3.614200e-22
6.022500e+03 3.647600e-22
6.078300e+03 3.681400e-22
6.134600e+03 3.715400e-22
6.191400e+03 3.749800e-22
6.248800e+03 3.784500e-22
6.306700e+03 3.819600e-22
6.365100e+03 3.854900e-22
6.424000e+03 3.890600e-22
6.483500e+03 3.926600e-22
6.543600e+03 3.962900e-22
6.604200e+03 3.999600e-22
6.665400e+03 4.036600e-22
6.727100e+03 4.074000e-22
6.789400e+03 4.111700e-22
6.852300e+03 4.149800e-22
6.915800e+03 4.188200e-22
6.979800e+03 4.226900e-22
7.044500e+03 4.266100e-22
7.109700e+03 4.305500e-22
7.175600e+03 4.345400e-22
7.242000e+03 4.385600e-22
7.309100e+03 4.426200e-22
7.376800e+03 4.467200e-22
7.445100e+03 4.508500e-22
7.514100e+03 4.550300e-22
7.583700e+03 4.592400e-22
7.653900e+03 4.634900e-22
7.724800e+03 4.677800e-22
7.796400e+03 4.721100e-22
7.868600e+03 4.764800e-22
7.941500e+03 4.808900e-22
8.015000e+03 4.853400e-22
8.089200e+03 4.898400e-22
8.164200e+03 4.943700e-22
8.239800e+03 4.989500e-22
8.316100e+03 5.035700e-22
8.393100e+03 5.082300e-22
8.470900e+03 5.129400e-22
8.549300e+03 5.176800e-22
8.628500e+03 5.224800e-22
8.708400e+03 5.273200e-22
8.789100e+03 5.322000e-22
8.870500e+03 5.371200e-22
8.952700e+03 5.421000e-22
9.035600e+03 5.471200e-22
9.119300e+03 5.521800e-22
9.203700e+03 5.572900e-22
9.289000e+03 5.624500e-22
9.375000e+03 5.676600e-22
9.461800e+03 5.729200e-22
9.549500e+03 5.782200e-22
9.637900e+03 5.835800e-22
9.727200e+03 5.889800e-22
9.817300e+03 5.944300e-22
9.908200e+03 5.999400e-22
1.000000e+04 6.054900e-22
