1.400979999999999934e-02
1.401020000000000043e-02
1.401059999999999979e-02
1.401140000000000024e-02
1.401769999999999926e-02
1.401540000000000077e-02
1.401479999999999913e-02
1.401499999999999968e-02
1.401559999999999959e-02
1.401640000000000004e-02
1.401720000000000049e-02
1.401810000000000035e-02
1.401890000000000081e-02
1.401980000000000066e-02
1.402059999999999938e-02
1.402139999999999984e-02
1.402229999999999970e-02
1.402310000000000015e-02
1.402390000000000060e-02
1.402469999999999932e-02
1.402559999999999918e-02
1.402639999999999963e-02
1.402720000000000009e-02
1.402800000000000054e-02
1.402879999999999926e-02
1.402959999999999971e-02
1.403049999999999957e-02
1.403130000000000002e-02
1.403210000000000048e-02
1.403289999999999919e-02
1.403369999999999965e-02
1.403450000000000010e-02
1.403530000000000055e-02
1.403609999999999927e-02
1.403689999999999972e-02
1.403770000000000018e-02
1.403850000000000063e-02
1.403929999999999935e-02
1.404009999999999980e-02
1.404090000000000026e-02
1.404170000000000071e-02
1.404249999999999943e-02
1.404329999999999988e-02
1.404399999999999919e-02
1.404479999999999965e-02
1.404560000000000010e-02
1.404640000000000055e-02
1.404719999999999927e-02
1.404799999999999972e-02
1.404870000000000077e-02
1.404949999999999949e-02
1.405029999999999994e-02
1.405110000000000040e-02
1.405190000000000085e-02
1.405260000000000016e-02
1.405340000000000061e-02
1.405419999999999933e-02
1.405490000000000038e-02
1.405570000000000083e-02
1.405649999999999955e-02
1.405720000000000060e-02
1.405799999999999932e-02
1.405870000000000036e-02
1.405950000000000082e-02
1.406029999999999953e-02
1.406100000000000058e-02
1.406179999999999930e-02
1.406250000000000035e-02
1.406330000000000080e-02
1.406400000000000011e-02
1.406480000000000057e-02
1.406549999999999988e-02
1.406630000000000033e-02
1.406699999999999964e-02
1.406770000000000069e-02
1.406849999999999941e-02
1.406920000000000046e-02
1.406999999999999917e-02
1.407070000000000022e-02
1.407139999999999953e-02
1.407219999999999999e-02
1.407289999999999930e-02
1.407360000000000035e-02
1.407440000000000080e-02
1.407510000000000011e-02
1.407579999999999942e-02
1.407650000000000047e-02
1.407719999999999978e-02
1.407800000000000024e-02
1.407869999999999955e-02
1.407940000000000060e-02
1.408009999999999991e-02
1.408079999999999922e-02
1.408150000000000027e-02
1.408219999999999958e-02
1.408290000000000063e-02
1.408369999999999934e-02
1.408440000000000039e-02
1.408509999999999970e-02
1.408580000000000075e-02
1.408650000000000006e-02
1.408719999999999938e-02
1.408790000000000042e-02
1.408850000000000033e-02
1.408919999999999964e-02
1.408990000000000069e-02
1.409060000000000000e-02
1.409129999999999931e-02
1.409200000000000036e-02
1.409269999999999967e-02
1.409340000000000072e-02
1.409400000000000062e-02
1.409469999999999994e-02
1.409539999999999925e-02
1.409610000000000030e-02
1.409670000000000020e-02
1.409739999999999951e-02
1.409810000000000056e-02
1.409879999999999987e-02
1.409939999999999978e-02
1.410010000000000083e-02
1.410070000000000073e-02
1.410140000000000005e-02
1.410209999999999936e-02
1.410269999999999926e-02
1.410340000000000031e-02
1.410400000000000022e-02
1.410469999999999953e-02
1.410529999999999944e-02
1.410600000000000048e-02
1.410660000000000039e-02
1.410729999999999970e-02
1.410789999999999961e-02
1.410860000000000065e-02
1.410920000000000056e-02
1.410980000000000047e-02
1.411049999999999978e-02
1.411109999999999969e-02
1.411169999999999959e-02
1.411240000000000064e-02
1.411300000000000054e-02
1.411360000000000045e-02
1.411420000000000036e-02
1.411489999999999967e-02
1.411549999999999958e-02
1.411609999999999948e-02
1.411669999999999939e-02
1.411729999999999929e-02
1.411800000000000034e-02
1.411860000000000025e-02
1.411920000000000015e-02
1.411980000000000006e-02
1.412039999999999997e-02
1.412099999999999987e-02
1.412159999999999978e-02
1.412219999999999968e-02
1.412279999999999959e-02
1.412339999999999950e-02
1.412399999999999940e-02
1.412459999999999931e-02
1.412519999999999921e-02
1.412569999999999971e-02
1.412629999999999962e-02
1.412689999999999953e-02
1.412749999999999943e-02
1.412809999999999934e-02
1.412869999999999925e-02
1.412919999999999975e-02
1.412979999999999965e-02
1.413039999999999956e-02
1.413090000000000006e-02
1.413149999999999996e-02
1.413209999999999987e-02
1.413260000000000037e-02
1.413320000000000028e-02
1.413380000000000018e-02
1.413430000000000068e-02
1.413490000000000059e-02
1.413539999999999935e-02
1.413599999999999926e-02
1.413649999999999976e-02
1.413709999999999967e-02
1.413760000000000017e-02
1.413820000000000007e-02
1.413870000000000057e-02
1.413919999999999934e-02
1.413979999999999924e-02
1.414029999999999974e-02
1.414080000000000024e-02
1.414140000000000015e-02
1.414190000000000065e-02
1.414239999999999942e-02
1.414289999999999992e-02
1.414349999999999982e-02
1.414400000000000032e-02
1.414450000000000082e-02
1.414499999999999959e-02
1.414550000000000009e-02
1.414600000000000059e-02
1.414660000000000049e-02
1.414709999999999926e-02
1.414759999999999976e-02
1.414810000000000026e-02
1.414860000000000076e-02
1.414909999999999952e-02
1.414960000000000002e-02
1.414999999999999938e-02
1.415049999999999988e-02
1.415100000000000038e-02
1.415149999999999915e-02
1.415199999999999965e-02
1.415250000000000015e-02
1.415300000000000065e-02
1.415340000000000001e-02
1.415390000000000051e-02
1.415439999999999927e-02
1.415489999999999977e-02
1.415529999999999913e-02
1.415579999999999963e-02
1.415620000000000073e-02
1.415669999999999949e-02
1.415719999999999999e-02
1.415759999999999935e-02
1.415809999999999985e-02
1.415849999999999921e-02
1.415899999999999971e-02
1.415940000000000080e-02
1.415989999999999957e-02
1.416030000000000066e-02
1.416079999999999943e-02
1.416120000000000052e-02
1.416159999999999988e-02
1.416210000000000038e-02
1.416249999999999974e-02
1.416290000000000084e-02
1.416330000000000019e-02
1.416380000000000070e-02
1.416420000000000005e-02
1.416459999999999941e-02
1.416500000000000051e-02
1.416539999999999987e-02
1.416579999999999923e-02
1.416620000000000032e-02
1.416670000000000082e-02
1.416710000000000018e-02
1.416749999999999954e-02
1.416790000000000063e-02
1.416829999999999999e-02
1.416859999999999994e-02
1.416899999999999930e-02
1.416940000000000040e-02
1.416979999999999976e-02
1.417020000000000085e-02
1.417060000000000021e-02
1.417099999999999957e-02
1.417129999999999952e-02
1.417170000000000062e-02
1.417209999999999998e-02
1.417239999999999993e-02
1.417279999999999929e-02
1.417320000000000038e-02
1.417350000000000033e-02
1.417389999999999969e-02
1.417419999999999965e-02
1.417460000000000074e-02
1.417490000000000069e-02
1.417530000000000005e-02
1.417560000000000001e-02
1.417599999999999937e-02
1.417629999999999932e-02
1.417659999999999927e-02
1.417700000000000037e-02
1.417730000000000032e-02
1.417760000000000027e-02
1.417799999999999963e-02
1.417829999999999958e-02
1.417859999999999954e-02
1.417889999999999949e-02
1.417919999999999944e-02
1.417960000000000054e-02
1.417990000000000049e-02
1.418020000000000044e-02
1.418050000000000040e-02
1.418080000000000035e-02
1.418110000000000030e-02
1.418140000000000026e-02
1.418170000000000021e-02
1.418190000000000076e-02
1.418220000000000071e-02
1.418250000000000066e-02
1.418280000000000061e-02
1.418310000000000057e-02
1.418329999999999938e-02
1.418359999999999933e-02
1.418389999999999929e-02
1.418419999999999924e-02
1.418439999999999979e-02
1.418469999999999974e-02
1.418490000000000029e-02
1.418520000000000024e-02
1.418540000000000079e-02
1.418570000000000074e-02
1.418589999999999955e-02
1.418619999999999950e-02
1.418640000000000005e-02
1.418670000000000000e-02
1.418690000000000055e-02
1.418709999999999936e-02
1.418739999999999932e-02
1.418759999999999986e-02
1.418780000000000041e-02
1.418799999999999922e-02
1.418819999999999977e-02
1.418840000000000032e-02
1.418870000000000027e-02
1.418890000000000082e-02
1.418909999999999963e-02
1.418930000000000018e-02
1.418950000000000072e-02
1.418969999999999954e-02
1.418990000000000008e-02
1.418999999999999949e-02
1.419020000000000004e-02
1.419040000000000058e-02
1.419059999999999939e-02
1.419079999999999994e-02
1.419089999999999935e-02
1.419109999999999989e-02
1.419130000000000044e-02
1.419139999999999985e-02
1.419160000000000039e-02
1.419169999999999980e-02
1.419190000000000035e-02
1.419199999999999975e-02
1.419220000000000030e-02
1.419229999999999971e-02
1.419250000000000025e-02
1.419259999999999966e-02
1.419270000000000080e-02
1.419289999999999961e-02
1.419300000000000075e-02
1.419310000000000016e-02
1.419319999999999957e-02
1.419340000000000011e-02
1.419349999999999952e-02
1.419360000000000066e-02
1.419370000000000007e-02
1.419379999999999947e-02
1.419390000000000061e-02
1.419400000000000002e-02
1.419409999999999943e-02
1.419420000000000057e-02
1.419420000000000057e-02
1.419429999999999997e-02
1.419439999999999938e-02
1.419450000000000052e-02
1.419459999999999993e-02
1.419459999999999993e-02
1.419469999999999933e-02
1.419469999999999933e-02
1.419480000000000047e-02
1.419489999999999988e-02
1.419489999999999988e-02
1.419489999999999988e-02
1.419499999999999929e-02
1.419499999999999929e-02
1.419510000000000043e-02
1.419510000000000043e-02
1.419510000000000043e-02
1.419510000000000043e-02
1.419519999999999983e-02
1.419519999999999983e-02
1.419519999999999983e-02
1.419519999999999983e-02
1.419519999999999983e-02
1.419519999999999983e-02
1.419519999999999983e-02
1.419519999999999983e-02
1.419519999999999983e-02
1.419519999999999983e-02
1.419519999999999983e-02
1.419510000000000043e-02
1.419510000000000043e-02
1.419510000000000043e-02
1.419499999999999929e-02
1.419499999999999929e-02
1.419499999999999929e-02
1.419489999999999988e-02
1.419489999999999988e-02
1.419480000000000047e-02
1.419480000000000047e-02
1.419469999999999933e-02
1.419459999999999993e-02
1.419459999999999993e-02
1.419450000000000052e-02
1.419439999999999938e-02
1.419429999999999997e-02
1.419420000000000057e-02
1.419409999999999943e-02
1.419400000000000002e-02
1.419390000000000061e-02
1.419379999999999947e-02
1.419370000000000007e-02
1.419360000000000066e-02
1.419349999999999952e-02
1.419340000000000011e-02
1.419330000000000071e-02
1.419310000000000016e-02
1.419300000000000075e-02
1.419289999999999961e-02
1.419270000000000080e-02
1.419259999999999966e-02
1.419240000000000085e-02
1.419229999999999971e-02
1.419209999999999916e-02
1.419190000000000035e-02
1.419179999999999921e-02
1.419160000000000039e-02
1.419139999999999985e-02
1.419119999999999930e-02
1.419109999999999989e-02
1.419089999999999935e-02
1.419070000000000054e-02
1.419049999999999999e-02
1.419029999999999944e-02
1.419010000000000063e-02
1.418980000000000068e-02
1.418960000000000013e-02
1.418939999999999958e-02
1.418920000000000077e-02
1.418890000000000082e-02
1.418870000000000027e-02
1.418849999999999972e-02
1.418819999999999977e-02
1.418799999999999922e-02
1.418769999999999927e-02
1.418739999999999932e-02
1.418720000000000050e-02
1.418690000000000055e-02
1.418660000000000060e-02
1.418630000000000065e-02
1.418600000000000069e-02
1.418580000000000015e-02
1.418550000000000019e-02
1.418520000000000024e-02
1.418479999999999915e-02
1.418449999999999919e-02
1.418419999999999924e-02
1.418389999999999929e-02
1.418359999999999933e-02
1.418319999999999997e-02
1.418290000000000002e-02
1.418260000000000007e-02
1.418220000000000071e-02
1.418190000000000076e-02
1.418149999999999966e-02
1.418110000000000030e-02
1.418080000000000035e-02
1.418039999999999926e-02
1.417999999999999990e-02
1.417960000000000054e-02
1.417919999999999944e-02
1.417880000000000008e-02
1.417840000000000072e-02
1.417799999999999963e-02
1.417760000000000027e-02
1.417719999999999918e-02
1.417679999999999982e-02
1.417629999999999932e-02
1.417589999999999996e-02
1.417550000000000060e-02
1.417500000000000010e-02
1.417460000000000074e-02
1.417410000000000024e-02
1.417359999999999974e-02
1.417320000000000038e-02
1.417269999999999988e-02
1.417219999999999938e-02
1.417170000000000062e-02
1.417120000000000012e-02
1.417069999999999962e-02
1.417020000000000085e-02
1.416970000000000035e-02
1.416919999999999985e-02
1.416869999999999935e-02
1.416809999999999944e-02
1.416760000000000068e-02
1.416710000000000018e-02
1.416650000000000027e-02
1.416590000000000037e-02
1.416539999999999987e-02
1.416479999999999996e-02
1.416420000000000005e-02
1.416369999999999955e-02
1.416309999999999965e-02
1.416249999999999974e-02
1.416189999999999984e-02
1.416129999999999993e-02
1.416070000000000002e-02
1.416000000000000071e-02
1.415940000000000080e-02
1.415879999999999916e-02
1.415819999999999926e-02
1.415749999999999995e-02
1.415690000000000004e-02
1.415620000000000073e-02
1.415549999999999968e-02
1.415489999999999977e-02
1.415420000000000046e-02
1.415349999999999941e-02
1.415280000000000010e-02
1.415210000000000079e-02
1.415139999999999974e-02
1.415070000000000043e-02
1.414999999999999938e-02
1.414920000000000067e-02
1.414849999999999962e-02
1.414780000000000031e-02
1.414699999999999985e-02
1.414619999999999940e-02
1.414550000000000009e-02
1.414469999999999963e-02
1.414389999999999918e-02
1.414310000000000046e-02
1.414239999999999942e-02
1.414160000000000070e-02
1.414070000000000084e-02
1.413990000000000039e-02
1.413909999999999993e-02
1.413829999999999948e-02
1.413739999999999962e-02
1.413659999999999917e-02
1.413569999999999931e-02
1.413490000000000059e-02
1.413400000000000073e-02
1.413309999999999914e-02
1.413219999999999928e-02
1.413129999999999942e-02
1.413039999999999956e-02
1.412949999999999970e-02
1.412859999999999984e-02
1.412769999999999998e-02
1.412670000000000071e-02
1.412580000000000086e-02
1.412479999999999986e-02
1.412390000000000000e-02
1.412290000000000073e-02
1.412189999999999973e-02
1.412099999999999987e-02
1.412000000000000061e-02
1.411899999999999961e-02
1.411800000000000034e-02
1.411689999999999993e-02
1.411590000000000067e-02
1.411489999999999967e-02
1.411379999999999926e-02
1.411280000000000000e-02
1.411169999999999959e-02
1.411059999999999919e-02
1.410950000000000051e-02
1.410849999999999951e-02
1.410740000000000084e-02
1.410619999999999929e-02
1.410510000000000062e-02
1.410400000000000022e-02
1.410289999999999981e-02
1.410170000000000000e-02
1.410059999999999959e-02
1.409939999999999978e-02
1.409819999999999997e-02
1.409700000000000016e-02
1.409580000000000034e-02
1.409460000000000053e-02
1.409340000000000072e-02
1.409219999999999917e-02
1.409099999999999936e-02
1.408970000000000014e-02
1.408850000000000033e-02
1.408719999999999938e-02
1.408590000000000016e-02
1.408459999999999920e-02
1.408329999999999999e-02
1.408200000000000077e-02
1.408069999999999981e-02
1.407940000000000060e-02
1.407809999999999964e-02
1.407669999999999928e-02
1.407530000000000066e-02
1.407399999999999970e-02
1.407259999999999935e-02
1.407120000000000072e-02
1.406980000000000036e-02
1.406840000000000000e-02
1.406699999999999964e-02
1.406549999999999988e-02
1.406409999999999952e-02
1.406259999999999975e-02
1.406119999999999939e-02
1.405969999999999963e-02
1.405819999999999986e-02
1.405670000000000010e-02
1.405520000000000033e-02
1.405359999999999943e-02
1.405209999999999966e-02
1.405050000000000049e-02
1.404900000000000072e-02
1.404739999999999982e-02
1.404580000000000065e-02
1.404419999999999974e-02
1.404260000000000057e-02
1.404099999999999966e-02
1.403929999999999935e-02
1.403770000000000018e-02
1.403599999999999987e-02
1.403429999999999955e-02
1.403270000000000038e-02
1.403100000000000007e-02
1.402920000000000035e-02
1.402750000000000004e-02
1.402579999999999973e-02
1.402400000000000001e-02
1.402229999999999970e-02
1.402049999999999998e-02
1.401870000000000026e-02
1.401690000000000054e-02
1.401510000000000082e-02
1.401319999999999996e-02
1.401140000000000024e-02
1.400949999999999938e-02
1.400760000000000026e-02
1.400569999999999940e-02
1.400380000000000028e-02
1.400189999999999942e-02
1.400000000000000029e-02
1.399800000000000003e-02
1.399609999999999917e-02
1.399410000000000064e-02
1.399210000000000037e-02
1.399010000000000011e-02
1.398809999999999984e-02
1.398600000000000017e-02
1.398399999999999990e-02
1.398190000000000023e-02
1.397980000000000056e-02
1.397769999999999915e-02
1.397559999999999948e-02
1.397349999999999981e-02
1.397130000000000073e-02
1.396909999999999992e-02
1.396700000000000025e-02
1.396479999999999944e-02
1.396249999999999922e-02
1.396030000000000014e-02
1.395809999999999933e-02
1.395580000000000084e-02
1.395350000000000062e-02
1.395120000000000041e-02
1.394890000000000019e-02
1.394659999999999997e-02
1.394420000000000034e-02
1.394190000000000013e-02
1.393950000000000050e-02
1.393709999999999914e-02
1.393460000000000011e-02
1.393220000000000049e-02
1.392969999999999972e-02
1.392730000000000010e-02
1.392479999999999933e-02
1.392230000000000030e-02
1.391970000000000013e-02
1.391719999999999936e-02
1.391459999999999919e-02
1.391200000000000075e-02
1.390940000000000058e-02
1.390680000000000041e-02
1.390410000000000083e-02
1.390139999999999952e-02
1.389869999999999994e-02
1.389600000000000037e-02
1.389330000000000079e-02
1.389059999999999948e-02
1.388780000000000049e-02
1.388499999999999977e-02
1.388220000000000079e-02
1.387930000000000066e-02
1.387649999999999995e-02
1.387359999999999982e-02
1.387069999999999970e-02
1.386779999999999957e-02
1.386480000000000004e-02
1.386189999999999992e-02
1.385890000000000039e-02
1.385590000000000085e-02
1.385280000000000018e-02
1.384980000000000065e-02
1.384669999999999998e-02
1.384359999999999931e-02
1.384050000000000037e-02
1.383730000000000029e-02
1.383410000000000022e-02
1.383090000000000014e-02
1.382770000000000006e-02
1.382440000000000058e-02
1.382120000000000050e-02
1.381789999999999928e-02
1.381450000000000039e-02
1.381119999999999917e-02
1.380780000000000028e-02
1.380439999999999966e-02
1.380100000000000077e-02
1.379750000000000074e-02
1.379400000000000071e-02
1.379050000000000067e-02
1.378700000000000064e-02
1.378339999999999947e-02
1.377980000000000003e-02
1.377620000000000060e-02
1.377259999999999943e-02
1.376890000000000058e-02
1.376520000000000001e-02
1.376149999999999943e-02
1.375769999999999944e-02
1.375389999999999946e-02
1.375009999999999948e-02
1.374620000000000009e-02
1.374240000000000010e-02
1.373839999999999957e-02
1.373450000000000018e-02
1.373049999999999965e-02
1.372650000000000085e-02
1.372250000000000032e-02
1.371840000000000039e-02
1.371430000000000045e-02
1.371020000000000051e-02
1.370599999999999943e-02
1.370180000000000009e-02
1.369760000000000075e-02
1.369330000000000026e-02
1.368899999999999978e-02
1.368469999999999930e-02
1.368029999999999941e-02
1.367589999999999952e-02
1.367149999999999962e-02
1.366700000000000033e-02
1.366249999999999930e-02
1.365790000000000060e-02
1.365330000000000016e-02
1.364869999999999972e-02
1.364409999999999928e-02
1.363939999999999944e-02
1.363460000000000019e-02
1.362979999999999921e-02
1.362499999999999996e-02
1.362020000000000071e-02
1.361530000000000032e-02
1.361030000000000052e-02
1.360540000000000013e-02
1.360040000000000034e-02
1.359529999999999940e-02
1.359020000000000020e-02
1.358509999999999926e-02
1.357990000000000065e-02
1.357470000000000031e-02
1.356940000000000056e-02
1.356410000000000081e-02
1.355869999999999992e-02
1.355330000000000076e-02
1.354789999999999987e-02
1.354239999999999958e-02
1.353679999999999987e-02
1.353120000000000017e-02
1.352560000000000047e-02
1.351989999999999963e-02
1.351420000000000052e-02
1.350840000000000027e-02
1.350260000000000002e-02
1.349670000000000036e-02
1.349069999999999957e-02
1.348479999999999991e-02
1.347869999999999971e-02
1.347259999999999951e-02
1.346649999999999930e-02
1.346029999999999970e-02
1.345410000000000009e-02
1.344779999999999934e-02
1.344139999999999918e-02
1.343500000000000076e-02
1.342849999999999946e-02
1.342199999999999990e-02
1.341539999999999920e-02
1.340880000000000023e-02
1.340210000000000012e-02
1.339530000000000061e-02
1.338849999999999936e-02
1.338160000000000044e-02
1.337469999999999978e-02
1.336760000000000032e-02
1.336060000000000025e-02
1.335339999999999964e-02
1.334620000000000077e-02
1.333900000000000016e-02
1.333160000000000074e-02
1.332419999999999959e-02
1.331680000000000016e-02
1.330920000000000020e-02
1.330160000000000023e-02
1.329400000000000026e-02
1.328619999999999975e-02
1.327839999999999923e-02
1.327049999999999931e-02
1.326249999999999998e-02
1.325450000000000066e-02
1.324640000000000019e-02
1.323820000000000031e-02
1.322989999999999930e-02
1.322160000000000002e-02
1.321310000000000019e-02
1.320460000000000036e-02
1.319599999999999940e-02
1.318740000000000016e-02
1.317860000000000038e-02
1.316969999999999946e-02
1.316080000000000028e-02
1.315179999999999995e-02
1.314270000000000022e-02
1.313349999999999934e-02
1.312420000000000080e-02
1.311479999999999937e-02
1.310539999999999969e-02
1.309579999999999946e-02
1.308609999999999982e-02
1.307640000000000018e-02
1.306649999999999999e-02
1.305659999999999980e-02
1.304650000000000080e-02
1.303630000000000067e-02
1.302610000000000053e-02
1.301569999999999984e-02
1.300519999999999975e-02
1.299460000000000025e-02
1.298389999999999961e-02
1.297309999999999956e-02
1.296220000000000011e-02
1.295119999999999952e-02
1.294000000000000011e-02
1.292880000000000071e-02
1.291740000000000076e-02
1.290589999999999966e-02
1.289419999999999976e-02
1.288249999999999985e-02
1.287059999999999940e-02
1.285859999999999954e-02
1.284639999999999914e-02
1.283420000000000047e-02
1.282179999999999952e-02
1.280919999999999975e-02
1.279650000000000058e-02
1.278370000000000027e-02
1.277069999999999941e-02
1.275759999999999915e-02
1.274430000000000007e-02
1.273089999999999986e-02
1.271740000000000023e-02
1.270360000000000066e-02
1.268979999999999934e-02
1.267569999999999981e-02
1.266149999999999914e-02
1.264720000000000080e-02
1.263260000000000077e-02
1.261789999999999960e-02
1.260310000000000076e-02
1.258800000000000023e-02
1.257280000000000030e-02
1.255739999999999981e-02
1.254180000000000052e-02
1.252600000000000068e-02
1.251000000000000029e-02
1.249379999999999935e-02
1.247739999999999960e-02
1.246090000000000045e-02
1.244409999999999961e-02
1.242709999999999995e-02
1.240989999999999975e-02
1.239250000000000074e-02
1.237480000000000004e-02
1.235699999999999993e-02
1.233889999999999987e-02
1.232049999999999985e-02
1.230200000000000043e-02
1.228319999999999933e-02
1.226410000000000000e-02
1.224480000000000013e-02
1.222520000000000030e-02
1.220539999999999993e-02
1.218529999999999960e-02
1.216500000000000047e-02
1.214430000000000023e-02
1.212339999999999945e-02
1.210220000000000046e-02
1.208069999999999977e-02
1.205889999999999913e-02
1.203680000000000028e-02
1.201439999999999973e-02
1.199169999999999923e-02
1.196859999999999938e-02
1.194519999999999957e-02
1.192149999999999981e-02
1.189740000000000068e-02
1.187299999999999987e-02
1.184819999999999970e-02
1.182300000000000018e-02
1.179750000000000069e-02
1.177160000000000012e-02
1.174520000000000078e-02
1.171849999999999975e-02
1.169139999999999936e-02
1.166380000000000021e-02
1.163579999999999996e-02
1.160740000000000036e-02
1.157850000000000025e-02
1.154920000000000078e-02
1.151929999999999968e-02
1.148899999999999921e-02
1.145819999999999998e-02
1.142690000000000025e-02
1.139500000000000061e-02
1.136260000000000048e-02
1.132960000000000043e-02
1.129609999999999989e-02
1.126199999999999944e-02
1.122730000000000082e-02
1.119200000000000056e-02
1.115610000000000039e-02
1.111949999999999918e-02
1.108220000000000038e-02
1.104420000000000054e-02
1.100560000000000080e-02
1.096620000000000060e-02
1.092609999999999935e-02
1.088519999999999939e-02
1.084350000000000071e-02
1.080090000000000043e-02
1.075760000000000084e-02
1.071330000000000025e-02
1.066819999999999921e-02
1.062210000000000064e-02
1.057510000000000047e-02
1.052699999999999990e-02
1.047799999999999947e-02
1.042779999999999922e-02
1.037659999999999971e-02
1.032429999999999980e-02
1.027070000000000066e-02
1.021589999999999998e-02
1.015989999999999949e-02
1.010250000000000037e-02
1.004380000000000030e-02
9.983580000000000579e-03
9.921910000000000798e-03
9.858689999999999815e-03
9.793849999999999778e-03
9.727319999999999370e-03
9.659030000000000740e-03
9.588889999999999220e-03
9.516820000000000487e-03
9.442719999999999933e-03
9.366499999999999826e-03
9.288050000000000819e-03
9.207250000000000156e-03
9.123990000000000225e-03
9.038110000000000241e-03
8.949489999999999182e-03
8.857949999999999852e-03
8.763319999999999790e-03
8.665420000000000067e-03
8.564030000000000253e-03
8.458929999999999921e-03
8.349850000000000674e-03
8.236510000000000706e-03
8.118600000000000122e-03
7.995759999999999326e-03
7.867600000000000635e-03
7.733659999999999840e-03
7.593429999999999971e-03
7.446310000000000255e-03
7.291640000000000274e-03
7.128609999999999634e-03
6.956290000000000390e-03
6.773580000000000399e-03
6.579139999999999815e-03
6.371339999999999643e-03
6.148190000000000426e-03
5.907120000000000079e-03
5.644849999999999868e-03
5.356989999999999842e-03
5.037500000000000311e-03
4.677630000000000329e-03
4.263890000000000215e-03
3.773490000000000004e-03
3.161800000000000201e-03
2.313099999999999792e-03
1.676200000000000086e-03
2.908000000000000211e-04
