4.640140000000000237e-02
4.641100000000000086e-02
4.641970000000000124e-02
4.643730000000000080e-02
4.645259999999999667e-02
4.647300000000000042e-02
4.649090000000000167e-02
4.650839999999999835e-02
4.652590000000000198e-02
4.654350000000000154e-02
4.656110000000000110e-02
4.657889999999999947e-02
4.659660000000000191e-02
4.661440000000000028e-02
4.663219999999999865e-02
4.665009999999999990e-02
4.666789999999999827e-02
4.668579999999999952e-02
4.670379999999999671e-02
4.672169999999999795e-02
4.673970000000000208e-02
4.675769999999999926e-02
4.677570000000000339e-02
4.679370000000000057e-02
4.681169999999999776e-02
4.682979999999999782e-02
4.684789999999999788e-02
4.686599999999999794e-02
4.688420000000000087e-02
4.690239999999999687e-02
4.692049999999999693e-02
4.693880000000000274e-02
4.695699999999999874e-02
4.697520000000000168e-02
4.699350000000000055e-02
4.701179999999999942e-02
4.703020000000000117e-02
4.704850000000000004e-02
4.706690000000000179e-02
4.708529999999999660e-02
4.710369999999999835e-02
4.712210000000000010e-02
4.714059999999999778e-02
4.715910000000000241e-02
4.717760000000000009e-02
4.719620000000000065e-02
4.721469999999999834e-02
4.723329999999999890e-02
4.725189999999999946e-02
4.727050000000000002e-02
4.728920000000000345e-02
4.730789999999999995e-02
4.732660000000000339e-02
4.734529999999999988e-02
4.736409999999999926e-02
4.738289999999999863e-02
4.740169999999999800e-02
4.742049999999999738e-02
4.743929999999999675e-02
4.745819999999999900e-02
4.747710000000000125e-02
4.749599999999999655e-02
4.751500000000000168e-02
4.753399999999999986e-02
4.755299999999999805e-02
4.757200000000000317e-02
4.759100000000000136e-02
4.761010000000000242e-02
4.762919999999999654e-02
4.764829999999999760e-02
4.766750000000000154e-02
4.768660000000000260e-02
4.770579999999999959e-02
4.772509999999999947e-02
4.774430000000000340e-02
4.776360000000000328e-02
4.778290000000000315e-02
4.780220000000000302e-02
4.782159999999999883e-02
4.784089999999999870e-02
4.786030000000000145e-02
4.787980000000000014e-02
4.789920000000000289e-02
4.791870000000000157e-02
4.793820000000000026e-02
4.795769999999999894e-02
4.797730000000000050e-02
4.799690000000000206e-02
4.801649999999999668e-02
4.803609999999999824e-02
4.805580000000000268e-02
4.807550000000000018e-02
4.809519999999999768e-02
4.811490000000000211e-02
4.813470000000000248e-02
4.815450000000000286e-02
4.817430000000000323e-02
4.819419999999999954e-02
4.821399999999999991e-02
4.823390000000000316e-02
4.825390000000000235e-02
4.827379999999999866e-02
4.829379999999999784e-02
4.831379999999999703e-02
4.833389999999999909e-02
4.835389999999999827e-02
4.837400000000000033e-02
4.839410000000000239e-02
4.841430000000000039e-02
4.843449999999999839e-02
4.845470000000000332e-02
4.847490000000000132e-02
4.849509999999999932e-02
4.851540000000000019e-02
4.853570000000000106e-02
4.855609999999999787e-02
4.857639999999999875e-02
4.859680000000000250e-02
4.861730000000000218e-02
4.863769999999999899e-02
4.865819999999999868e-02
4.867869999999999836e-02
4.869919999999999805e-02
4.871980000000000061e-02
4.874040000000000317e-02
4.876099999999999879e-02
4.878169999999999729e-02
4.880240000000000272e-02
4.882310000000000122e-02
4.884379999999999972e-02
4.886460000000000109e-02
4.888540000000000246e-02
4.890619999999999690e-02
4.892699999999999827e-02
4.894790000000000252e-02
4.896879999999999983e-02
4.898980000000000001e-02
4.901080000000000020e-02
4.903180000000000038e-02
4.905280000000000057e-02
4.907389999999999669e-02
4.909489999999999688e-02
4.911610000000000281e-02
4.913719999999999893e-02
4.915839999999999793e-02
4.917959999999999693e-02
4.920080000000000287e-02
4.922209999999999780e-02
4.924339999999999967e-02
4.926470000000000155e-02
4.928609999999999935e-02
4.930749999999999716e-02
4.932890000000000191e-02
4.935040000000000260e-02
4.937190000000000328e-02
4.939339999999999703e-02
4.941489999999999772e-02
4.943650000000000128e-02
4.945809999999999790e-02
4.947970000000000146e-02
4.950140000000000096e-02
4.952310000000000045e-02
4.954479999999999995e-02
4.956660000000000232e-02
4.958839999999999776e-02
4.961020000000000013e-02
4.963209999999999844e-02
4.965399999999999675e-02
4.967590000000000200e-02
4.969790000000000318e-02
4.971980000000000149e-02
4.974189999999999862e-02
4.976389999999999980e-02
4.978599999999999692e-02
4.980810000000000098e-02
4.983019999999999811e-02
4.985239999999999810e-02
4.987459999999999810e-02
4.989690000000000097e-02
4.991919999999999691e-02
4.994149999999999978e-02
4.996380000000000265e-02
4.998620000000000146e-02
5.000860000000000027e-02
5.003099999999999908e-02
5.005350000000000077e-02
5.007600000000000245e-02
5.009860000000000008e-02
5.012119999999999770e-02
5.014380000000000226e-02
5.016639999999999988e-02
5.018910000000000038e-02
5.021180000000000088e-02
5.023450000000000137e-02
5.025729999999999781e-02
5.028010000000000118e-02
5.030300000000000049e-02
5.032589999999999980e-02
5.034879999999999911e-02
5.037169999999999842e-02
5.039470000000000061e-02
5.041770000000000279e-02
5.044080000000000091e-02
5.046389999999999904e-02
5.048699999999999716e-02
5.051019999999999815e-02
5.053339999999999915e-02
5.055660000000000015e-02
5.057989999999999708e-02
5.060320000000000096e-02
5.062649999999999789e-02
5.064989999999999770e-02
5.067329999999999751e-02
5.069669999999999732e-02
5.072020000000000001e-02
5.074370000000000269e-02
5.076730000000000131e-02
5.079089999999999994e-02
5.081449999999999856e-02
5.083809999999999718e-02
5.086179999999999868e-02
5.088560000000000305e-02
5.090929999999999761e-02
5.093319999999999792e-02
5.095700000000000229e-02
5.098090000000000260e-02
5.100480000000000291e-02
5.102879999999999916e-02
5.105269999999999947e-02
5.107679999999999859e-02
5.110080000000000178e-02
5.112490000000000090e-02
5.114910000000000290e-02
5.117329999999999796e-02
5.119749999999999995e-02
5.122170000000000195e-02
5.124599999999999989e-02
5.127040000000000070e-02
5.129469999999999863e-02
5.131920000000000232e-02
5.134360000000000313e-02
5.136809999999999987e-02
5.139259999999999662e-02
5.141720000000000318e-02
5.144180000000000280e-02
5.146640000000000242e-02
5.149109999999999798e-02
5.151580000000000048e-02
5.154059999999999891e-02
5.156539999999999735e-02
5.159020000000000272e-02
5.161509999999999709e-02
5.163999999999999840e-02
5.166500000000000259e-02
5.168999999999999984e-02
5.171499999999999708e-02
5.174009999999999720e-02
5.176519999999999733e-02
5.179040000000000032e-02
5.181560000000000332e-02
5.184079999999999938e-02
5.186609999999999832e-02
5.189139999999999725e-02
5.191679999999999906e-02
5.194220000000000087e-02
5.196769999999999862e-02
5.199310000000000043e-02
5.201870000000000105e-02
5.204430000000000167e-02
5.206990000000000229e-02
5.209550000000000292e-02
5.212119999999999947e-02
5.214699999999999891e-02
5.217270000000000241e-02
5.219859999999999778e-02
5.222439999999999721e-02
5.225029999999999952e-02
5.227629999999999777e-02
5.230230000000000296e-02
5.232830000000000120e-02
5.235440000000000232e-02
5.238050000000000345e-02
5.240670000000000051e-02
5.243289999999999756e-02
5.245919999999999750e-02
5.248549999999999743e-02
5.251179999999999737e-02
5.253820000000000018e-02
5.256460000000000299e-02
5.259110000000000174e-02
5.261760000000000048e-02
5.264420000000000210e-02
5.267079999999999679e-02
5.269750000000000129e-02
5.272419999999999884e-02
5.275090000000000334e-02
5.277769999999999684e-02
5.280449999999999727e-02
5.283140000000000058e-02
5.285829999999999695e-02
5.288530000000000314e-02
5.291230000000000239e-02
5.293939999999999757e-02
5.296649999999999969e-02
5.299360000000000182e-02
5.302079999999999987e-02
5.304810000000000081e-02
5.307540000000000174e-02
5.310270000000000268e-02
5.313009999999999955e-02
5.315759999999999930e-02
5.318500000000000311e-02
5.321259999999999879e-02
5.324020000000000141e-02
5.326779999999999710e-02
5.329539999999999972e-02
5.332320000000000115e-02
5.335089999999999971e-02
5.337879999999999708e-02
5.340659999999999852e-02
5.343450000000000283e-02
5.346250000000000308e-02
5.349050000000000332e-02
5.351859999999999951e-02
5.354670000000000263e-02
5.357490000000000169e-02
5.360310000000000075e-02
5.363129999999999981e-02
5.365960000000000174e-02
5.368799999999999961e-02
5.371639999999999748e-02
5.374489999999999823e-02
5.377339999999999898e-02
5.380189999999999972e-02
5.383050000000000335e-02
5.385920000000000291e-02
5.388790000000000247e-02
5.391669999999999796e-02
5.394550000000000040e-02
5.397439999999999877e-02
5.400329999999999714e-02
5.403220000000000245e-02
5.406129999999999963e-02
5.409030000000000088e-02
5.411950000000000094e-02
5.414859999999999812e-02
5.417790000000000106e-02
5.420719999999999705e-02
5.423649999999999999e-02
5.426589999999999886e-02
5.429529999999999773e-02
5.432479999999999948e-02
5.435439999999999716e-02
5.438400000000000178e-02
5.441359999999999947e-02
5.444330000000000003e-02
5.447310000000000346e-02
5.450289999999999996e-02
5.453279999999999933e-02
5.456269999999999870e-02
5.459270000000000095e-02
5.462279999999999913e-02
5.465289999999999732e-02
5.468300000000000244e-02
5.471319999999999656e-02
5.474350000000000049e-02
5.477379999999999749e-02
5.480419999999999736e-02
5.483459999999999723e-02
5.486509999999999998e-02
5.489560000000000273e-02
5.492620000000000141e-02
5.495690000000000297e-02
5.498759999999999759e-02
5.501840000000000203e-02
5.504919999999999952e-02
5.508009999999999989e-02
5.511110000000000314e-02
5.514209999999999945e-02
5.517310000000000270e-02
5.520429999999999782e-02
5.523539999999999700e-02
5.526670000000000194e-02
5.529799999999999993e-02
5.532929999999999793e-02
5.536080000000000167e-02
5.539220000000000255e-02
5.542380000000000223e-02
5.545540000000000191e-02
5.548700000000000160e-02
5.551880000000000009e-02
5.555050000000000265e-02
5.558239999999999709e-02
5.561429999999999846e-02
5.564630000000000271e-02
5.567830000000000001e-02
5.571040000000000020e-02
5.574250000000000038e-02
5.577470000000000344e-02
5.580700000000000244e-02
5.583930000000000143e-02
5.587170000000000331e-02
5.590420000000000111e-02
5.593669999999999892e-02
5.596929999999999961e-02
5.600200000000000317e-02
5.603469999999999979e-02
5.606749999999999928e-02
5.610029999999999878e-02
5.613329999999999709e-02
5.616619999999999946e-02
5.619930000000000064e-02
5.623240000000000183e-02
5.626559999999999895e-02
5.629880000000000301e-02
5.633210000000000300e-02
5.636549999999999894e-02
5.639890000000000181e-02
5.643240000000000062e-02
5.646600000000000230e-02
5.649959999999999705e-02
5.653330000000000161e-02
5.656710000000000210e-02
5.660099999999999854e-02
5.663490000000000191e-02
5.666879999999999834e-02
5.670290000000000052e-02
5.673700000000000271e-02
5.677120000000000083e-02
5.680539999999999895e-02
5.683980000000000282e-02
5.687419999999999976e-02
5.690859999999999669e-02
5.694319999999999937e-02
5.697780000000000206e-02
5.701239999999999780e-02
5.704719999999999930e-02
5.708200000000000079e-02
5.711689999999999823e-02
5.715189999999999854e-02
5.718689999999999884e-02
5.722200000000000203e-02
5.725720000000000115e-02
5.729240000000000027e-02
5.732779999999999820e-02
5.736320000000000308e-02
5.739860000000000101e-02
5.743419999999999775e-02
5.746980000000000144e-02
5.750550000000000106e-02
5.754129999999999662e-02
5.757709999999999911e-02
5.761299999999999755e-02
5.764899999999999886e-02
5.768510000000000304e-02
5.772130000000000316e-02
5.775750000000000328e-02
5.779379999999999934e-02
5.783019999999999827e-02
5.786659999999999721e-02
5.790320000000000189e-02
5.793979999999999964e-02
5.797650000000000026e-02
5.801320000000000088e-02
5.805010000000000031e-02
5.808699999999999974e-02
5.812400000000000205e-02
5.816110000000000030e-02
5.819830000000000142e-02
5.823550000000000254e-02
5.827279999999999960e-02
5.831019999999999953e-02
5.834770000000000234e-02
5.838530000000000109e-02
5.842300000000000271e-02
5.846069999999999739e-02
5.849850000000000189e-02
5.853640000000000232e-02
5.857439999999999869e-02
5.861249999999999793e-02
5.865059999999999718e-02
5.868879999999999930e-02
5.872720000000000024e-02
5.876560000000000117e-02
5.880400000000000210e-02
5.884260000000000185e-02
5.888129999999999753e-02
5.892000000000000015e-02
5.895890000000000158e-02
5.899780000000000302e-02
5.903680000000000039e-02
5.907590000000000063e-02
5.911509999999999682e-02
5.915429999999999994e-02
5.919370000000000187e-02
5.923309999999999687e-02
5.927269999999999761e-02
5.931229999999999836e-02
5.935200000000000198e-02
5.939180000000000154e-02
5.943169999999999703e-02
5.947170000000000234e-02
5.951179999999999665e-02
5.955189999999999789e-02
5.959219999999999795e-02
5.963260000000000088e-02
5.967299999999999688e-02
5.971350000000000269e-02
5.975420000000000037e-02
5.979489999999999805e-02
5.983569999999999861e-02
5.987669999999999798e-02
5.991769999999999735e-02
5.995879999999999960e-02
5.999999999999999778e-02
6.004129999999999884e-02
6.008270000000000277e-02
6.012420000000000264e-02
6.016579999999999845e-02
6.020740000000000119e-02
6.024920000000000275e-02
6.029110000000000025e-02
6.033310000000000062e-02
6.037519999999999692e-02
6.041740000000000305e-02
6.045969999999999817e-02
6.050200000000000022e-02
6.054450000000000109e-02
6.058709999999999790e-02
6.062979999999999758e-02
6.067260000000000014e-02
6.071549999999999864e-02
6.075850000000000001e-02
6.080159999999999731e-02
6.084479999999999750e-02
6.088810000000000056e-02
6.093149999999999955e-02
6.097509999999999736e-02
6.101870000000000210e-02
6.106240000000000279e-02
6.110630000000000228e-02
6.115020000000000178e-02
6.119430000000000008e-02
6.123850000000000127e-02
6.128270000000000245e-02
6.132710000000000244e-02
6.137159999999999838e-02
6.141619999999999718e-02
6.146089999999999887e-02
6.150579999999999936e-02
6.155069999999999986e-02
6.159579999999999916e-02
6.164089999999999847e-02
6.168619999999999659e-02
6.173159999999999759e-02
6.177710000000000146e-02
6.182270000000000126e-02
6.186839999999999701e-02
6.191429999999999850e-02
6.196030000000000287e-02
6.200640000000000318e-02
6.205259999999999942e-02
6.209889999999999854e-02
6.214530000000000054e-02
6.219190000000000135e-02
6.223850000000000215e-02
6.228530000000000177e-02
6.233230000000000021e-02
6.237929999999999864e-02
6.242650000000000282e-02
6.247370000000000007e-02
6.252119999999999900e-02
6.256870000000000487e-02
6.261629999999999974e-02
6.266410000000000036e-02
6.271200000000000385e-02
6.275999999999999635e-02
6.280819999999999459e-02
6.285649999999999571e-02
6.290489999999999970e-02
6.295340000000000658e-02
6.300210000000000532e-02
6.305089999999999306e-02
6.309979999999999756e-02
6.314889999999999393e-02
6.319809999999999317e-02
6.324739999999999529e-02
6.329680000000000029e-02
6.334639999999999715e-02
6.339609999999999690e-02
6.344600000000000239e-02
6.349599999999999689e-02
6.354609999999999426e-02
6.359639999999999738e-02
6.364680000000000337e-02
6.369729999999999837e-02
6.374799999999999911e-02
6.379880000000000273e-02
6.384969999999999535e-02
6.390079999999999372e-02
6.395199999999999496e-02
6.400340000000000196e-02
6.405489999999999795e-02
6.410659999999999969e-02
6.415840000000000432e-02
6.421029999999999793e-02
6.426239999999999730e-02
6.431470000000000242e-02
6.436709999999999654e-02
6.441959999999999353e-02
6.447229999999999628e-02
6.452510000000000190e-02
6.457809999999999939e-02
6.463119999999999976e-02
6.468450000000000588e-02
6.473790000000000100e-02
6.479150000000000187e-02
6.484529999999999461e-02
6.489920000000000411e-02
6.495320000000000260e-02
6.500740000000000685e-02
6.506180000000000296e-02
6.511630000000000196e-02
6.517100000000000670e-02
6.522580000000000044e-02
6.528079999999999994e-02
6.533600000000000518e-02
6.539129999999999943e-02
6.544679999999999942e-02
6.550240000000000229e-02
6.555819999999999703e-02
6.561419999999999753e-02
6.567030000000000090e-02
6.572659999999999614e-02
6.578309999999999713e-02
6.583980000000000388e-02
6.589659999999999962e-02
6.595349999999999824e-02
6.601070000000000548e-02
6.606800000000000173e-02
6.612550000000000372e-02
6.618319999999999759e-02
6.624109999999999721e-02
6.629909999999999970e-02
6.635729999999999407e-02
6.641569999999999419e-02
6.647419999999999718e-02
6.653299999999999492e-02
6.659189999999999554e-02
6.665100000000000191e-02
6.671030000000000015e-02
6.676970000000000127e-02
6.682939999999999714e-02
6.688919999999999588e-02
6.694930000000000325e-02
6.700949999999999962e-02
6.706990000000000174e-02
6.713049999999999573e-02
6.719129999999999547e-02
6.725230000000000097e-02
6.731339999999999546e-02
6.737479999999999858e-02
6.743639999999999357e-02
6.749810000000000532e-02
6.756009999999999793e-02
6.762219999999999342e-02
6.768459999999999754e-02
6.774710000000000454e-02
6.780990000000000628e-02
6.787289999999999990e-02
6.793599999999999639e-02
6.799940000000000151e-02
6.806299999999999850e-02
6.812680000000000125e-02
6.819079999999999586e-02
6.825499999999999623e-02
6.831940000000000235e-02
6.838410000000000322e-02
6.844889999999999308e-02
6.851400000000000545e-02
6.857929999999999582e-02
6.864480000000000581e-02
6.871049999999999380e-02
6.877650000000000430e-02
6.884260000000000379e-02
6.890899999999999803e-02
6.897570000000000090e-02
6.904250000000000664e-02
6.910959999999999326e-02
6.917689999999999950e-02
6.924439999999999762e-02
6.931220000000000436e-02
6.938020000000000298e-02
6.944839999999999347e-02
6.951690000000000647e-02
6.958559999999999746e-02
6.965459999999999707e-02
6.972380000000000244e-02
6.979319999999999968e-02
6.986290000000000555e-02
6.993280000000000329e-02
7.000299999999999578e-02
7.007339999999999403e-02
7.014410000000000089e-02
7.021510000000000251e-02
7.028619999999999313e-02
7.035769999999999524e-02
7.042940000000000311e-02
7.050130000000000285e-02
7.057349999999999735e-02
7.064600000000000046e-02
7.071879999999999833e-02
7.079180000000000195e-02
7.086510000000000031e-02
7.093860000000000443e-02
7.101240000000000330e-02
7.108649999999999691e-02
7.116089999999999915e-02
7.123549999999999327e-02
7.131049999999999889e-02
7.138569999999999638e-02
7.146120000000000250e-02
7.153690000000000049e-02
7.161299999999999610e-02
7.168929999999999747e-02
7.176599999999999646e-02
7.184290000000000120e-02
7.192010000000000070e-02
7.199759999999999494e-02
7.207550000000000068e-02
7.215359999999999829e-02
7.223200000000000454e-02
7.231070000000000553e-02
7.238980000000000414e-02
7.246909999999999463e-02
7.254879999999999662e-02
7.262870000000000437e-02
7.270899999999999586e-02
7.278959999999999597e-02
7.287050000000000471e-02
7.295179999999999720e-02
7.303329999999999544e-02
7.311520000000000519e-02
7.319749999999999868e-02
7.327999999999999792e-02
7.336289999999999478e-02
7.344620000000000315e-02
7.352970000000000339e-02
7.361360000000000126e-02
7.369789999999999675e-02
7.378250000000000086e-02
7.386750000000000260e-02
7.395279999999999909e-02
7.403840000000000421e-02
7.412449999999999595e-02
7.421089999999999631e-02
7.429760000000000530e-02
7.438469999999999804e-02
7.447220000000000228e-02
7.456010000000000415e-02
7.464830000000000076e-02
7.473689999999999500e-02
7.482590000000000074e-02
7.491530000000000411e-02
7.500500000000000222e-02
7.509520000000000084e-02
7.518569999999999420e-02
7.527670000000000194e-02
7.536800000000000443e-02
7.545970000000000455e-02
7.555190000000000516e-02
7.564450000000000340e-02
7.573739999999999639e-02
7.583080000000000376e-02
7.592459999999999487e-02
7.601879999999999749e-02
7.611350000000000060e-02
7.620860000000000134e-02
7.630409999999999970e-02
7.640009999999999857e-02
7.649649999999999506e-02
7.659330000000000305e-02
7.669059999999999766e-02
7.678830000000000378e-02
7.688649999999999651e-02
7.698520000000000363e-02
7.708429999999999449e-02
7.718389999999999973e-02
7.728400000000000547e-02
7.738449999999999496e-02
7.748549999999999882e-02
7.758700000000000319e-02
7.768899999999999417e-02
7.779149999999999954e-02
7.789450000000000540e-02
7.799799999999999789e-02
7.810200000000000475e-02
7.820649999999999824e-02
7.831150000000000611e-02
7.841700000000000059e-02
7.852309999999999846e-02
7.862969999999999682e-02
7.873679999999999568e-02
7.884449999999999792e-02
7.895270000000000066e-02
7.906140000000000390e-02
7.917079999999999951e-02
7.928060000000000662e-02
7.939110000000000611e-02
7.950210000000000610e-02
7.961369999999999558e-02
7.972590000000000232e-02
7.983859999999999568e-02
7.995199999999999529e-02
8.006599999999999828e-02
8.018050000000000177e-02
8.029569999999999763e-02
8.041149999999999687e-02
8.052789999999999948e-02
8.064490000000000547e-02
8.076260000000000383e-02
8.088090000000000557e-02
8.099989999999999968e-02
8.111949999999999716e-02
8.123980000000000090e-02
8.136079999999999701e-02
8.148239999999999650e-02
8.160480000000000511e-02
8.172780000000000322e-02
8.185149999999999371e-02
8.197590000000000432e-02
8.210099999999999343e-02
8.222690000000000554e-02
8.235339999999999328e-02
8.248080000000000689e-02
8.260879999999999612e-02
8.273759999999999448e-02
8.286720000000000197e-02
8.299750000000000183e-02
8.312859999999999694e-02
8.326050000000000118e-02
8.339320000000000066e-02
8.352669999999999539e-02
8.366099999999999925e-02
8.379620000000000124e-02
8.393209999999999560e-02
8.406890000000000196e-02
8.420660000000000645e-02
8.434510000000000618e-02
8.448450000000000404e-02
8.462480000000000002e-02
8.476599999999999413e-02
8.490799999999999736e-02
8.505100000000000160e-02
8.519490000000000396e-02
8.533979999999999344e-02
8.548559999999999492e-02
8.563229999999999453e-02
8.577999999999999514e-02
8.592869999999999675e-02
8.607839999999999936e-02
8.622920000000000584e-02
8.638089999999999657e-02
8.653360000000000218e-02
8.668750000000000067e-02
8.684229999999999727e-02
8.699830000000000063e-02
8.715530000000000499e-02
8.731350000000000222e-02
8.747270000000000045e-02
8.763310000000000544e-02
8.779470000000000329e-02
8.795740000000000502e-02
8.812129999999999963e-02
8.828640000000000099e-02
8.845269999999999522e-02
8.862019999999999620e-02
8.878900000000000681e-02
8.895909999999999929e-02
8.913039999999999852e-02
8.930309999999999637e-02
8.947700000000000098e-02
8.965230000000000421e-02
8.982900000000000607e-02
9.000700000000000367e-02
9.018650000000000277e-02
9.036740000000000050e-02
9.054969999999999686e-02
9.073349999999999471e-02
9.091879999999999407e-02
9.110559999999999492e-02
9.129389999999999727e-02
9.148380000000000400e-02
9.167530000000000123e-02
9.186840000000000284e-02
9.206309999999999494e-02
9.225949999999999429e-02
9.245760000000000089e-02
9.265740000000000087e-02
9.285899999999999710e-02
9.306230000000000058e-02
9.326750000000000318e-02
9.347450000000000203e-02
9.368340000000000001e-02
9.389419999999999711e-02
9.410689999999999333e-02
9.432160000000000544e-02
9.453839999999999466e-02
9.475709999999999689e-02
9.497800000000000686e-02
9.520099999999999396e-02
9.542620000000000269e-02
9.565360000000000529e-02
9.588320000000000176e-02
9.611509999999999498e-02
9.634940000000000171e-02
9.658600000000000518e-02
9.682509999999999728e-02
9.706670000000000575e-02
9.731090000000000573e-02
9.755759999999999432e-02
9.780690000000000217e-02
9.805899999999999339e-02
9.831380000000000674e-02
9.857150000000000634e-02
9.883200000000000318e-02
9.909550000000000303e-02
9.936200000000000587e-02
9.963160000000000072e-02
9.990430000000000144e-02
1.001800000000000052e-01
1.004599999999999937e-01
1.007419999999999982e-01
1.010280000000000067e-01
1.013180000000000053e-01
1.016110000000000069e-01
1.019079999999999986e-01
1.022089999999999943e-01
1.025139999999999940e-01
1.028229999999999977e-01
1.031360000000000054e-01
1.034540000000000043e-01
1.037750000000000061e-01
1.041020000000000001e-01
1.044319999999999971e-01
1.047680000000000000e-01
1.051089999999999941e-01
1.054540000000000061e-01
1.058049999999999963e-01
1.061610000000000054e-01
1.065230000000000066e-01
1.068909999999999999e-01
1.072639999999999982e-01
1.076440000000000036e-01
1.080300000000000010e-01
1.084220000000000045e-01
1.088220000000000021e-01
1.092280000000000056e-01
1.096420000000000033e-01
1.100629999999999942e-01
1.104929999999999940e-01
1.109300000000000008e-01
1.113760000000000028e-01
1.118309999999999998e-01
1.122950000000000059e-01
1.127689999999999942e-01
1.132539999999999936e-01
1.137480000000000019e-01
1.142539999999999945e-01
1.147719999999999990e-01
1.153020000000000017e-01
1.158450000000000035e-01
1.164010000000000045e-01
1.169720000000000065e-01
1.175589999999999968e-01
1.181610000000000021e-01
1.187809999999999977e-01
1.194179999999999964e-01
1.200760000000000022e-01
1.207540000000000002e-01
1.214540000000000064e-01
1.221789999999999959e-01
1.229299999999999976e-01
1.237089999999999995e-01
1.245190000000000047e-01
1.253620000000000012e-01
1.262429999999999941e-01
1.271650000000000003e-01
1.281319999999999959e-01
1.291509999999999880e-01
1.302280000000000104e-01
1.313709999999999878e-01
1.325919999999999876e-01
1.339039999999999953e-01
1.353250000000000008e-01
1.368810000000000027e-01
1.386070000000000080e-01
1.405599999999999905e-01
1.428329999999999878e-01
1.456110999999999933e-01
1.493706999999999951e-01
1.521281999999999912e-01
1.579618999999999884e-01
